7.047656178474426270e-01
6.481380462646484375e-01
5.664183504450193141e-07
7.460851669311523438e-01
5.503038167953491211e-01
-3.133810684084892273e-02
7.586948275566101074e-01
4.379974007606506348e-01
-5.732111260294914246e-02
7.484667897224426270e-01
3.451929092407226562e-01
-7.594142854213714600e-02
7.386122345924377441e-01
2.741744518280029297e-01
-9.524232894182205200e-02
6.848295331001281738e-01
4.384288191795349121e-01
-8.787887543439865112e-02
6.115155816078186035e-01
3.206223249435424805e-01
-1.201526522636413574e-01
5.691756010055541992e-01
2.529162764549255371e-01
-1.333945542573928833e-01
5.367346405982971191e-01
1.996124237775802612e-01
-1.392109245061874390e-01
6.359075307846069336e-01
4.816279709339141846e-01
-8.494519442319869995e-02
5.589940547943115234e-01
3.515129089355468750e-01
-1.178866699337959290e-01
5.124819874763488770e-01
2.689813971519470215e-01
-1.309458911418914795e-01
4.769259393215179443e-01
2.053288966417312622e-01
-1.377877146005630493e-01
5.969387292861938477e-01
5.186254978179931641e-01
-8.031119406223297119e-02
5.294621586799621582e-01
3.985584974288940430e-01
-1.047249138355255127e-01
4.887953400611877441e-01
3.214874863624572754e-01
-1.147329956293106079e-01
4.585099816322326660e-01
2.634863853454589844e-01
-1.190793886780738831e-01
5.687441825866699219e-01
5.468214154243469238e-01
-7.663771510124206543e-02
5.189874172210693359e-01
4.446385502815246582e-01
-9.480299800634384155e-02
4.893927872180938721e-01
3.845959305763244629e-01
-1.011194735765457153e-01
4.658988416194915771e-01
3.383391201496124268e-01
-1.028099581599235535e-01
