6.735221743583679199e-01
6.699796915054321289e-01
7.707299118919763714e-07
7.142258882522583008e-01
5.904696583747863770e-01
-6.514495611190795898e-02
7.225960493087768555e-01
5.062212347984313965e-01
-1.109492406249046326e-01
7.075744867324829102e-01
4.295822083950042725e-01
-1.437214016914367676e-01
6.957355737686157227e-01
3.570171594619750977e-01
-1.768013238906860352e-01
6.300137639045715332e-01
5.216607451438903809e-01
-1.359763294458389282e-01
5.494634509086608887e-01
4.231618642807006836e-01
-1.852197200059890747e-01
5.047736167907714844e-01
3.572036325931549072e-01
-2.093093991279602051e-01
4.730415940284729004e-01
3.056241571903228760e-01
-2.214825451374053955e-01
5.845844745635986328e-01
5.645254254341125488e-01
-1.202854067087173462e-01
5.039805173873901367e-01
4.528241455554962158e-01
-1.685791164636611938e-01
4.590567946434020996e-01
3.727547526359558105e-01
-1.903236210346221924e-01
4.275991618633270264e-01
3.114488422870635986e-01
-2.025637775659561157e-01
5.548939704895019531e-01
5.931342244148254395e-01
-1.041485592722892761e-01
4.831096529960632324e-01
4.871168732643127441e-01
-1.417953222990036011e-01
4.399524331092834473e-01
4.111897945404052734e-01
-1.572493314743041992e-01
4.102241992950439453e-01
3.507244586944580078e-01
-1.649965047836303711e-01
5.349699258804321289e-01
6.096076965332031250e-01
-9.131971746683120728e-02
4.800156652927398682e-01
5.263167023658752441e-01
-1.201116517186164856e-01
4.461331963539123535e-01
4.650724530220031738e-01
-1.316711604595184326e-01
4.225633740425109863e-01
4.149875640869140625e-01
-1.369037777185440063e-01
