6.082124114036560059e-01
5.052664279937744141e-01
2.835868144757114351e-07
6.346400976181030273e-01
4.599478244781494141e-01
-2.009258605539798737e-02
6.423122882843017578e-01
4.096969664096832275e-01
-3.158454596996307373e-02
6.389070749282836914e-01
3.694180548191070557e-01
-3.930522501468658447e-02
6.395330429077148438e-01
3.362594544887542725e-01
-4.684396833181381226e-02
5.916248559951782227e-01
3.971052169799804688e-01
-3.233420476317405701e-02
5.640884041786193848e-01
3.509565293788909912e-01
-4.538591206073760986e-02
5.479392409324645996e-01
3.209329843521118164e-01
-5.334266275167465210e-02
5.353865027427673340e-01
2.952356934547424316e-01
-5.851012840867042542e-02
5.667393207550048828e-01
4.115163385868072510e-01
-2.794942446053028107e-02
5.349636673927307129e-01
3.627886474132537842e-01
-4.064819216728210449e-02
5.162638425827026367e-01
3.276154398918151855e-01
-4.842528700828552246e-02
5.019047856330871582e-01
2.975860834121704102e-01
-5.370126292109489441e-02
5.489930510520935059e-01
4.273287951946258545e-01
-2.407897636294364929e-02
5.204505920410156250e-01
3.818548023700714111e-01
-3.506426140666007996e-02
5.045723915100097656e-01
3.494004011154174805e-01
-4.164214804768562317e-02
4.927914738655090332e-01
3.211718201637268066e-01
-4.553282633423805237e-02
5.375101566314697266e-01
4.415988028049468994e-01
-2.146842703223228455e-02
5.130779743194580078e-01
4.061223566532135010e-01
-3.111204318702220917e-02
4.991381466388702393e-01
3.836769759654998779e-01
-3.578841686248779297e-02
4.888591170310974121e-01
3.632671535015106201e-01
-3.807004168629646301e-02
