3.822763562202453613e-01
7.501583695411682129e-01
1.756789913542888826e-07
3.541623950004577637e-01
7.200926542282104492e-01
-9.677264839410781860e-03
3.275998830795288086e-01
6.860839724540710449e-01
-2.075028233230113983e-02
3.029415011405944824e-01
6.685063838958740234e-01
-3.070565499365329742e-02
2.788218259811401367e-01
6.623506546020507812e-01
-4.149406775832176208e-02
3.598731160163879395e-01
6.904122233390808105e-01
-2.858207374811172485e-02
3.689991235733032227e-01
6.600219607353210449e-01
-4.124964773654937744e-02
3.765840530395507812e-01
6.360318660736083984e-01
-4.936704039573669434e-02
3.848009407520294189e-01
6.120075583457946777e-01
-5.522118508815765381e-02
3.872370123863220215e-01
6.989925503730773926e-01
-3.159919753670692444e-02
4.011101126670837402e-01
6.595124602317810059e-01
-4.047626629471778870e-02
4.104174971580505371e-01
6.297369003295898438e-01
-4.424256458878517151e-02
4.188676178455352783e-01
6.011612415313720703e-01
-4.923484101891517639e-02
4.100190699100494385e-01
7.055708765983581543e-01
-3.460841998457908630e-02
4.250258505344390869e-01
6.697121858596801758e-01
-4.410433396697044373e-02
4.353549778461456299e-01
6.430163383483886719e-01
-4.557328298687934875e-02
4.425805211067199707e-01
6.173637509346008301e-01
-4.763684794306755066e-02
4.280699193477630615e-01
7.126749157905578613e-01
-3.810955211520195007e-02
4.431905746459960938e-01
6.861571073532104492e-01
-4.453784599900245667e-02
4.523329436779022217e-01
6.668301224708557129e-01
-4.397845268249511719e-02
4.591906666755676270e-01
6.468091607093811035e-01
-4.494792595505714417e-02
