3.879520893096923828e-01
8.236961960792541504e-01
-2.308187276867101900e-07
3.432382941246032715e-01
7.915034294128417969e-01
-3.394191712141036987e-02
3.020862638950347900e-01
7.964515686035156250e-01
-5.200183764100074768e-02
2.714477479457855225e-01
8.168690204620361328e-01
-6.433331966400146484e-02
2.421964854001998901e-01
8.367031812667846680e-01
-7.781446725130081177e-02
3.103577792644500732e-01
8.761924505233764648e-01
-4.401654377579689026e-02
3.168066143989562988e-01
8.764556646347045898e-01
-6.613448262214660645e-02
3.372747302055358887e-01
8.759123682975769043e-01
-8.555556088685989380e-02
3.579835891723632812e-01
8.772191405296325684e-01
-9.707016497850418091e-02
3.371129930019378662e-01
8.946284055709838867e-01
-3.457261249423027039e-02
3.599892556667327881e-01
8.904085755348205566e-01
-5.435155704617500305e-02
3.810959160327911377e-01
8.868603706359863281e-01
-7.200357317924499512e-02
3.966364264488220215e-01
8.856264948844909668e-01
-8.459457755088806152e-02
3.597285747528076172e-01
8.984908461570739746e-01
-2.630976587533950806e-02
3.803630471229553223e-01
8.913387656211853027e-01
-4.450568556785583496e-02
3.980950415134429932e-01
8.825750946998596191e-01
-5.227954685688018799e-02
4.093819856643676758e-01
8.751338720321655273e-01
-5.655603483319282532e-02
3.788318336009979248e-01
8.947955965995788574e-01
-2.037788741290569305e-02
3.941142559051513672e-01
8.880293965339660645e-01
-3.335587307810783386e-02
4.108303487300872803e-01
8.804416060447692871e-01
-3.355176374316215515e-02
4.224172234535217285e-01
8.721776008605957031e-01
-3.220818936824798584e-02
