3.960929214954376221e-01
9.644613265991210938e-01
8.050451469898689538e-07
3.563154935836791992e-01
8.833135962486267090e-01
-8.752578496932983398e-02
3.317209482192993164e-01
8.253733515739440918e-01
-1.566081494092941284e-01
3.044901788234710693e-01
7.945592999458312988e-01
-2.109867930412292480e-01
2.677409648895263672e-01
7.698947191238403320e-01
-2.680751681327819824e-01
4.225680232048034668e-01
8.878842592239379883e-01
-1.854501664638519287e-01
4.914139509201049805e-01
8.265371918678283691e-01
-2.525251209735870361e-01
5.434665679931640625e-01
7.783458232879638672e-01
-2.890726625919342041e-01
5.884070396423339844e-01
7.355867624282836914e-01
-3.102255165576934814e-01
4.711889624595642090e-01
9.462016224861145020e-01
-1.680115908384323120e-01
5.626437664031982422e-01
8.617507815361022949e-01
-2.293741852045059204e-01
6.253844499588012695e-01
7.919374704360961914e-01
-2.563669383525848389e-01
6.735713481903076172e-01
7.313586473464965820e-01
-2.743079662322998047e-01
5.092078447341918945e-01
9.799740314483642578e-01
-1.511487513780593872e-01
5.921133756637573242e-01
8.996537327766418457e-01
-2.016447633504867554e-01
6.497648358345031738e-01
8.285578489303588867e-01
-2.250736504793167114e-01
6.931825876235961914e-01
7.689467072486877441e-01
-2.382187545299530029e-01
5.350247621536254883e-01
9.872556328773498535e-01
-1.392540186643600464e-01
6.023296117782592773e-01
9.435752034187316895e-01
-1.754685640335083008e-01
6.476553678512573242e-01
9.055613875389099121e-01
-1.913836151361465454e-01
6.842458248138427734e-01
8.689144849777221680e-01
-2.015228718519210815e-01
