7.153053283691406250e-01
6.453335881233215332e-01
6.605664566450286657e-07
7.608042955398559570e-01
5.407282114028930664e-01
-3.037201426923274994e-02
7.748484015464782715e-01
4.345612823963165283e-01
-5.843291804194450378e-02
7.663255929946899414e-01
3.404882252216339111e-01
-7.990831881761550903e-02
7.605178356170654297e-01
2.623760402202606201e-01
-1.029364913702011108e-01
6.984157562255859375e-01
4.209073781967163086e-01
-8.707635849714279175e-02
6.262080669403076172e-01
3.048437833786010742e-01
-1.209989935159683228e-01
5.824531316757202148e-01
2.386945039033889771e-01
-1.365181058645248413e-01
5.492349267005920410e-01
1.875235736370086670e-01
-1.443338543176651001e-01
6.433362960815429688e-01
4.645695090293884277e-01
-8.586544543504714966e-02
5.674421191215515137e-01
3.379462659358978271e-01
-1.173010095953941345e-01
5.230259895324707031e-01
2.569649815559387207e-01
-1.298633664846420288e-01
4.915108680725097656e-01
1.959718763828277588e-01
-1.374631971120834351e-01
5.984214544296264648e-01
5.101840496063232422e-01
-8.338364213705062866e-02
5.322142839431762695e-01
3.952843546867370605e-01
-1.078080385923385620e-01
4.947818517684936523e-01
3.192424774169921875e-01
-1.180034726858139038e-01
4.698394536972045898e-01
2.606365978717803955e-01
-1.240345016121864319e-01
5.648470520973205566e-01
5.523121953010559082e-01
-8.166763931512832642e-02
5.107601881027221680e-01
4.643863439559936523e-01
-1.030795425176620483e-01
4.806610345840454102e-01
4.079689681529998779e-01
-1.110839843750000000e-01
4.573677182197570801e-01
3.597691357135772705e-01
-1.142436861991882324e-01
