4.146975874900817871e-01
9.880300760269165039e-01
8.062895062721509021e-07
3.681162893772125244e-01
9.053229689598083496e-01
-4.952101781964302063e-02
3.403038382530212402e-01
8.304699659347534180e-01
-9.370841830968856812e-02
3.083018660545349121e-01
7.870917916297912598e-01
-1.287989765405654907e-01
2.621192336082458496e-01
7.646382451057434082e-01
-1.669903695583343506e-01
4.143137931823730469e-01
8.778219223022460938e-01
-1.258287429809570312e-01
4.844772815704345703e-01
8.090671896934509277e-01
-1.671573370695114136e-01
5.364065766334533691e-01
7.568022012710571289e-01
-1.911418288946151733e-01
5.805913805961608887e-01
7.129876613616943359e-01
-2.064248323440551758e-01
4.673837721347808838e-01
9.362279772758483887e-01
-1.213717162609100342e-01
5.580277442932128906e-01
8.346300721168518066e-01
-1.521394550800323486e-01
6.180322766304016113e-01
7.667382359504699707e-01
-1.672906428575515747e-01
6.663279533386230469e-01
7.121986746788024902e-01
-1.817598044872283936e-01
5.080220699310302734e-01
9.703333973884582520e-01
-1.155184283852577209e-01
5.905523300170898438e-01
8.755394220352172852e-01
-1.399812251329421997e-01
6.439806222915649414e-01
8.096095323562622070e-01
-1.531798988580703735e-01
6.834776401519775391e-01
7.551293969154357910e-01
-1.641446650028228760e-01
5.372930169105529785e-01
9.848842620849609375e-01
-1.121326759457588196e-01
6.023890376091003418e-01
9.302867650985717773e-01
-1.313144862651824951e-01
6.421070098876953125e-01
8.945044279098510742e-01
-1.375087499618530273e-01
6.718373298645019531e-01
8.573796749114990234e-01
-1.433890610933303833e-01
