6.665780544281005859e-01
5.673242807388305664e-01
5.158141789252113085e-07
7.087378501892089844e-01
4.728729724884033203e-01
-3.137348592281341553e-02
7.187276482582092285e-01
3.729868531227111816e-01
-5.430377274751663208e-02
7.017391920089721680e-01
2.883024811744689941e-01
-6.941748410463333130e-02
6.873216629028320312e-01
2.210229635238647461e-01
-8.460403978824615479e-02
6.430079936981201172e-01
3.667468428611755371e-01
-7.616160064935684204e-02
5.695126056671142578e-01
2.615548372268676758e-01
-1.017222777009010315e-01
5.262024998664855957e-01
2.051474004983901978e-01
-1.116715967655181885e-01
4.931553602218627930e-01
1.622912585735321045e-01
-1.157412752509117126e-01
5.942365527153015137e-01
4.084481596946716309e-01
-6.975252926349639893e-02
5.166339874267578125e-01
2.962995171546936035e-01
-9.485388547182083130e-02
4.710216522216796875e-01
2.264515310525894165e-01
-1.044009625911712646e-01
4.384086132049560547e-01
1.752334386110305786e-01
-1.089364439249038696e-01
5.569964051246643066e-01
4.456729888916015625e-01
-6.216211616992950439e-02
4.908238947391510010e-01
3.409524857997894287e-01
-8.071112632751464844e-02
4.544089436531066895e-01
2.746846079826354980e-01
-8.942384272813796997e-02
4.279685020446777344e-01
2.246427983045578003e-01
-9.383430331945419312e-02
5.329428315162658691e-01
4.739166200160980225e-01
-5.560514703392982483e-02
4.856268167495727539e-01
3.962749838829040527e-01
-7.100308686494827271e-02
4.589845836162567139e-01
3.515681922435760498e-01
-7.665999978780746460e-02
4.381599426269531250e-01
3.150834739208221436e-01
-7.786801457405090332e-02
