6.083574295043945312e-01
3.525758385658264160e-01
2.041759472604098846e-07
6.417021155357360840e-01
3.184670209884643555e-01
-1.336547080427408218e-02
6.548070907592773438e-01
2.701753973960876465e-01
-1.902501843869686127e-02
6.569733619689941406e-01
2.268393784761428833e-01
-2.190854959189891815e-02
6.631229519844055176e-01
1.944831609725952148e-01
-2.439566887915134430e-02
6.122157573699951172e-01
2.340196073055267334e-01
-1.591211743652820587e-02
5.958306193351745605e-01
1.826645731925964355e-01
-2.040089853107929230e-02
5.856435894966125488e-01
1.533367633819580078e-01
-2.378816716372966766e-02
5.773832798004150391e-01
1.303543150424957275e-01
-2.645444869995117188e-02
5.895619988441467285e-01
2.411795705556869507e-01
-1.199300680309534073e-02
5.736088156700134277e-01
1.908131688833236694e-01
-1.545580662786960602e-02
5.635325908660888672e-01
1.581982821226119995e-01
-1.894603669643402100e-02
5.561013221740722656e-01
1.331913918256759644e-01
-2.193103544414043427e-02
5.724697113037109375e-01
2.542241811752319336e-01
-8.604751899838447571e-03
5.588245391845703125e-01
2.077742069959640503e-01
-1.187635958194732666e-02
5.506804585456848145e-01
1.798609495162963867e-01
-1.569706946611404419e-02
5.446766614913940430e-01
1.568518728017807007e-01
-1.887448504567146301e-02
5.602805614471435547e-01
2.693609297275543213e-01
-6.128520239144563675e-03
5.496445298194885254e-01
2.363824695348739624e-01
-1.015622168779373169e-02
5.426474809646606445e-01
2.180462926626205444e-01
-1.248112879693508148e-02
5.375831723213195801e-01
2.024732083082199097e-01
-1.365893334150314331e-02
