7.237644195556640625e-01
7.931081056594848633e-01
7.006494229244708549e-07
7.250574231147766113e-01
7.162669897079467773e-01
-3.195299208164215088e-02
7.078213691711425781e-01
6.425800323486328125e-01
-5.915344879031181335e-02
6.846849322319030762e-01
5.868084430694580078e-01
-8.261092007160186768e-02
6.627053022384643555e-01
5.362946987152099609e-01
-1.071130037307739258e-01
6.258501410484313965e-01
6.382910609245300293e-01
-5.720600858330726624e-02
5.556986331939697266e-01
5.722174048423767090e-01
-9.132125228643417358e-02
5.042361617088317871e-01
5.277096033096313477e-01
-1.147738322615623474e-01
4.613556861877441406e-01
4.875099658966064453e-01
-1.299575120210647583e-01
6.001338362693786621e-01
6.725865006446838379e-01
-5.754385516047477722e-02
5.233452916145324707e-01
6.091086268424987793e-01
-8.838468790054321289e-02
4.655481874942779541e-01
5.581008195877075195e-01
-1.083796098828315735e-01
4.164933264255523682e-01
5.099861025810241699e-01
-1.215717270970344543e-01
5.836854577064514160e-01
7.090443968772888184e-01
-5.908120796084403992e-02
5.089031457901000977e-01
6.507373452186584473e-01
-8.546608686447143555e-02
4.561241269111633301e-01
6.042281985282897949e-01
-9.692617505788803101e-02
4.156996011734008789e-01
5.626456141471862793e-01
-1.023857593536376953e-01
5.763531327247619629e-01
7.430903911590576172e-01
-6.282469630241394043e-02
5.125796198844909668e-01
6.979010701179504395e-01
-8.303865790367126465e-02
4.706885814666748047e-01
6.637552380561828613e-01
-8.863858878612518311e-02
4.378107786178588867e-01
6.329473257064819336e-01
-9.022276848554611206e-02
