7.169671654701232910e-01
7.853413224220275879e-01
9.011761221699998714e-07
7.591756582260131836e-01
6.885191202163696289e-01
-4.707663506269454956e-02
7.709805369377136230e-01
5.951051712036132812e-01
-8.891457319259643555e-02
7.628317475318908691e-01
5.113693475723266602e-01
-1.200990453362464905e-01
7.544859051704406738e-01
4.400003254413604736e-01
-1.524098366498947144e-01
6.957049965858459473e-01
6.151641011238098145e-01
-1.298279166221618652e-01
6.138010621070861816e-01
5.025798082351684570e-01
-1.752467155456542969e-01
5.680736303329467773e-01
4.328145682811737061e-01
-1.937738060951232910e-01
5.342596173286437988e-01
3.761378526687622070e-01
-2.019019573926925659e-01
6.431007385253906250e-01
6.676920056343078613e-01
-1.224934160709381104e-01
5.542185902595520020e-01
5.352624654769897461e-01
-1.664363592863082886e-01
5.076290965080261230e-01
4.471471905708312988e-01
-1.813939213752746582e-01
4.748080372810363770e-01
3.781606554985046387e-01
-1.888499855995178223e-01
6.016877293586730957e-01
7.087732553482055664e-01
-1.130056083202362061e-01
5.199027657508850098e-01
5.858581066131591797e-01
-1.466317772865295410e-01
4.768655598163604736e-01
5.009233951568603516e-01
-1.594394445419311523e-01
4.488427639007568359e-01
4.342522919178009033e-01
-1.655460149049758911e-01
5.720348358154296875e-01
7.348236441612243652e-01
-1.048431694507598877e-01
5.093888640403747559e-01
6.400378942489624023e-01
-1.310410797595977783e-01
4.776126742362976074e-01
5.732911825180053711e-01
-1.409553736448287964e-01
4.556948542594909668e-01
5.180249214172363281e-01
-1.450984776020050049e-01
