3.644446432590484619e-01
7.958806753158569336e-01
-1.464539707285439363e-07
3.286629915237426758e-01
7.891762852668762207e-01
-2.404532209038734436e-02
2.996716201305389404e-01
7.929341793060302734e-01
-4.056564718484878540e-02
2.762969732284545898e-01
8.046988248825073242e-01
-5.492233484983444214e-02
2.519590258598327637e-01
8.188084959983825684e-01
-7.048711925745010376e-02
3.441232144832611084e-01
8.419296741485595703e-01
-3.216492757201194763e-02
3.490871489048004150e-01
8.335691690444946289e-01
-5.153387412428855896e-02
3.590464890003204346e-01
8.262209892272949219e-01
-6.794748455286026001e-02
3.720382452011108398e-01
8.206855058670043945e-01
-7.766486704349517822e-02
3.725082576274871826e-01
8.530896306037902832e-01
-2.735150419175624847e-02
3.883905410766601562e-01
8.400163054466247559e-01
-4.193454235792160034e-02
4.015017449855804443e-01
8.226373195648193359e-01
-5.283780395984649658e-02
4.132189750671386719e-01
8.079187870025634766e-01
-6.054399907588958740e-02
3.945873975753784180e-01
8.538426756858825684e-01
-2.390365116298198700e-02
4.127077460289001465e-01
8.402007818222045898e-01
-3.684772178530693054e-02
4.219716489315032959e-01
8.226767182350158691e-01
-4.232104495167732239e-02
4.294613003730773926e-01
8.086862564086914062e-01
-4.533468186855316162e-02
4.114550352096557617e-01
8.473740220069885254e-01
-2.240003645420074463e-02
4.271777868270874023e-01
8.347958922386169434e-01
-3.017802722752094269e-02
4.356386363506317139e-01
8.234200477600097656e-01
-3.025666996836662292e-02
4.419874548912048340e-01
8.154497742652893066e-01
-2.971250563859939575e-02
