6.989426016807556152e-01
4.625174999237060547e-01
4.176212939910328714e-07
7.391769886016845703e-01
3.688756227493286133e-01
-1.186076458543539047e-02
7.509768009185791016e-01
2.783288657665252686e-01
-2.504301629960536957e-02
7.396749854087829590e-01
1.983186453580856323e-01
-3.532927855849266052e-02
7.266269326210021973e-01
1.352365761995315552e-01
-4.642473161220550537e-02
6.792894005775451660e-01
2.447712421417236328e-01
-4.291180148720741272e-02
6.209369897842407227e-01
1.498755067586898804e-01
-5.980759486556053162e-02
5.853839516639709473e-01
9.946691989898681641e-02
-6.697051227092742920e-02
5.573245286941528320e-01
6.205341219902038574e-02
-7.042717188596725464e-02
6.355027556419372559e-01
2.777991890907287598e-01
-4.538451880216598511e-02
5.697419643402099609e-01
1.748890578746795654e-01
-6.143081188201904297e-02
5.339081883430480957e-01
1.166822463274002075e-01
-6.724944710731506348e-02
5.104357004165649414e-01
7.769803702831268311e-02
-7.038836926221847534e-02
6.010779142379760742e-01
3.197580277919769287e-01
-4.645373299717903137e-02
5.402263402938842773e-01
2.306432425975799561e-01
-5.842579156160354614e-02
5.108603835105895996e-01
1.775309741497039795e-01
-6.144780665636062622e-02
4.935328364372253418e-01
1.406008452177047729e-01
-6.303881853818893433e-02
5.765061974525451660e-01
3.634424805641174316e-01
-4.739722982048988342e-02
5.305497050285339355e-01
2.902390062808990479e-01
-5.702483281493186951e-02
5.088655948638916016e-01
2.492928206920623779e-01
-5.696186050772666931e-02
4.950695931911468506e-01
2.170458734035491943e-01
-5.492321029305458069e-02
