3.559813499450683594e-01
7.699642777442932129e-01
-1.952974599817025592e-07
3.237814605236053467e-01
7.761707305908203125e-01
-1.881853118538856506e-02
2.989448904991149902e-01
7.861378788948059082e-01
-3.307631239295005798e-02
2.767369151115417480e-01
7.958518266677856445e-01
-4.678333550691604614e-02
2.530725598335266113e-01
8.070509433746337891e-01
-6.165812164545059204e-02
3.402238786220550537e-01
8.182352185249328613e-01
-2.533979155123233795e-02
3.454419970512390137e-01
8.191186785697937012e-01
-4.381098598241806030e-02
3.576252460479736328e-01
8.123997449874877930e-01
-5.990590155124664307e-02
3.728363513946533203e-01
8.060730099678039551e-01
-6.940842419862747192e-02
3.670934736728668213e-01
8.209677338600158691e-01
-2.298586815595626831e-02
3.812134563922882080e-01
8.217968344688415527e-01
-3.688972070813179016e-02
3.955407142639160156e-01
8.086857199668884277e-01
-4.814524576067924500e-02
4.086292386054992676e-01
7.924742698669433594e-01
-5.622709915041923523e-02
3.889113962650299072e-01
8.188674449920654297e-01
-2.184627205133438110e-02
4.058987200260162354e-01
8.183433413505554199e-01
-3.290168941020965576e-02
4.163535237312316895e-01
8.048737049102783203e-01
-3.833440691232681274e-02
4.252237975597381592e-01
7.899888753890991211e-01
-4.172687605023384094e-02
4.059805870056152344e-01
8.122490644454956055e-01
-2.240312285721302032e-02
4.222353100776672363e-01
8.104431033134460449e-01
-2.750746533274650574e-02
4.315656423568725586e-01
8.042990565299987793e-01
-2.699066512286663055e-02
4.391511082649230957e-01
7.973833084106445312e-01
-2.677495591342449188e-02
