7.188810706138610840e-01
7.446813583374023438e-01
8.568870839553710539e-07
7.602255344390869141e-01
6.451612710952758789e-01
-3.883554041385650635e-02
7.731615900993347168e-01
5.467466115951538086e-01
-7.462994009256362915e-02
7.620361447334289551e-01
4.577440917491912842e-01
-1.005573496222496033e-01
7.543827295303344727e-01
3.873982429504394531e-01
-1.274401247501373291e-01
6.943326592445373535e-01
5.593419671058654785e-01
-1.146562397480010986e-01
6.130712032318115234e-01
4.377605319023132324e-01
-1.526349335908889771e-01
5.683150887489318848e-01
3.695724904537200928e-01
-1.663257777690887451e-01
5.358899831771850586e-01
3.168501853942871094e-01
-1.711399257183074951e-01
6.401175856590270996e-01
6.095979213714599609e-01
-1.091453656554222107e-01
5.537525415420532227e-01
4.717890620231628418e-01
-1.450230181217193604e-01
5.090407133102416992e-01
3.853826224803924561e-01
-1.555726677179336548e-01
4.798339605331420898e-01
3.192139863967895508e-01
-1.601575762033462524e-01
5.972816348075866699e-01
6.511288881301879883e-01
-1.011009067296981812e-01
5.202867388725280762e-01
5.265330076217651367e-01
-1.281601190567016602e-01
4.852625727653503418e-01
4.374748468399047852e-01
-1.380031704902648926e-01
4.653858542442321777e-01
3.677412271499633789e-01
-1.428737342357635498e-01
5.666083097457885742e-01
6.818937659263610840e-01
-9.379495680332183838e-02
5.098544359207153320e-01
5.853336453437805176e-01
-1.154633462429046631e-01
4.839587807655334473e-01
5.183619856834411621e-01
-1.223632320761680603e-01
4.673908352851867676e-01
4.619730412960052490e-01
-1.243873015046119690e-01
