6.754891872406005859e-01
6.730023622512817383e-01
5.136304821462545078e-07
6.963564157485961914e-01
6.201267242431640625e-01
-3.201239183545112610e-02
7.071537971496582031e-01
5.591546297073364258e-01
-5.496757477521896362e-02
7.209628224372863770e-01
5.115420818328857422e-01
-7.344392687082290649e-02
7.363353967666625977e-01
4.745500981807708740e-01
-9.285183250904083252e-02
6.386635303497314453e-01
5.572847127914428711e-01
-5.650060251355171204e-02
6.062697172164916992e-01
5.078930854797363281e-01
-7.993927597999572754e-02
5.842797160148620605e-01
4.773723781108856201e-01
-9.471922367811203003e-02
5.671128630638122559e-01
4.497016668319702148e-01
-1.042284071445465088e-01
6.049106717109680176e-01
5.853683352470397949e-01
-5.250551179051399231e-02
5.557737350463867188e-01
5.336710810661315918e-01
-7.392778247594833374e-02
5.262589454650878906e-01
4.918542504310607910e-01
-8.653936535120010376e-02
5.041232109069824219e-01
4.558004736900329590e-01
-9.525090456008911133e-02
5.829660296440124512e-01
6.138265728950500488e-01
-4.977149888873100281e-02
5.312097668647766113e-01
5.648438334465026855e-01
-6.917528063058853149e-02
5.038332343101501465e-01
5.236591696739196777e-01
-8.252650499343872070e-02
4.833652675151824951e-01
4.864197373390197754e-01
-9.054284542798995972e-02
5.706713199615478516e-01
6.388664245605468750e-01
-4.886943846940994263e-02
5.279865860939025879e-01
6.038871407508850098e-01
-6.532026827335357666e-02
5.029157996177673340e-01
5.753120183944702148e-01
-7.448146492242813110e-02
4.841145873069763184e-01
5.471490621566772461e-01
-7.996407896280288696e-02
