3.227356970310211182e-01
7.538872361183166504e-01
1.828235269840661203e-07
2.888287305831909180e-01
7.210212945938110352e-01
-9.731156751513481140e-03
2.571566104888916016e-01
6.762501001358032227e-01
-1.966895349323749542e-02
2.291962206363677979e-01
6.463886499404907227e-01
-2.806573361158370972e-02
2.003231048583984375e-01
6.333221197128295898e-01
-3.676333650946617126e-02
2.772970497608184814e-01
6.784846186637878418e-01
-2.790381014347076416e-02
2.744672298431396484e-01
6.455687284469604492e-01
-4.479153454303741455e-02
2.749948203563690186e-01
6.191704273223876953e-01
-5.580947548151016235e-02
2.752102911472320557e-01
5.933439135551452637e-01
-6.350941956043243408e-02
3.051144182682037354e-01
6.819164752960205078e-01
-3.208040818572044373e-02
3.062785267829895020e-01
6.364185214042663574e-01
-4.501675814390182495e-02
3.065210878849029541e-01
6.042010784149169922e-01
-5.141706392168998718e-02
3.058250844478607178e-01
5.743525028228759766e-01
-5.740608274936676025e-02
3.325871527194976807e-01
6.899052858352661133e-01
-3.653028607368469238e-02
3.348604440689086914e-01
6.475031375885009766e-01
-5.061782151460647583e-02
3.365148305892944336e-01
6.166239380836486816e-01
-5.308033898472785950e-02
3.363439738750457764e-01
5.879881381988525391e-01
-5.472946912050247192e-02
3.587608635425567627e-01
7.003695964813232422e-01
-4.110303148627281189e-02
3.610651493072509766e-01
6.668832898139953613e-01
-5.290341377258300781e-02
3.626871109008789062e-01
6.422229409217834473e-01
-5.420541018247604370e-02
3.634027838706970215e-01
6.173801422119140625e-01
-5.519619211554527283e-02
