3.817240297794342041e-01
7.690484523773193359e-01
1.390940411738483817e-07
3.600014150142669678e-01
7.374532222747802734e-01
-9.776460938155651093e-03
3.351704776287078857e-01
7.072861194610595703e-01
-2.155622281134128571e-02
3.073965311050415039e-01
6.956497430801391602e-01
-3.217044472694396973e-02
2.812264561653137207e-01
6.964983940124511719e-01
-4.393864050507545471e-02
3.619837164878845215e-01
7.219823002815246582e-01
-3.165216371417045593e-02
3.708129823207855225e-01
7.013370394706726074e-01
-4.468134418129920959e-02
3.776250779628753662e-01
6.831749081611633301e-01
-5.309421196579933167e-02
3.847496807575225830e-01
6.638916134834289551e-01
-5.919109284877777100e-02
3.879938423633575439e-01
7.347803711891174316e-01
-3.430658951401710510e-02
4.025698304176330566e-01
7.036755084991455078e-01
-4.244065284729003906e-02
4.123644232749938965e-01
6.793562173843383789e-01
-4.501170292496681213e-02
4.203009605407714844e-01
6.572130322456359863e-01
-4.967612028121948242e-02
4.092537462711334229e-01
7.440725564956665039e-01
-3.673293814063072205e-02
4.243254959583282471e-01
7.156572341918945312e-01
-4.543793201446533203e-02
4.346531927585601807e-01
6.923947930335998535e-01
-4.546794667840003967e-02
4.413340687751770020e-01
6.703562736511230469e-01
-4.680509492754936218e-02
4.257898330688476562e-01
7.519569396972656250e-01
-3.968041017651557922e-02
4.397299885749816895e-01
7.293772101402282715e-01
-4.455202445387840271e-02
4.483270645141601562e-01
7.126556634902954102e-01
-4.254637286067008972e-02
4.543852210044860840e-01
6.957371234893798828e-01
-4.288767650723457336e-02
