6.732581853866577148e-01
6.603492498397827148e-01
6.155618734737799969e-07
7.103509902954101562e-01
5.615890026092529297e-01
-3.946809843182563782e-02
7.176496982574462891e-01
4.649107158184051514e-01
-7.093712687492370605e-02
7.024773359298706055e-01
3.830798566341400146e-01
-9.377127885818481445e-02
6.887776851654052734e-01
3.143860101699829102e-01
-1.172212213277816772e-01
6.347433328628540039e-01
4.696859419345855713e-01
-9.551311284303665161e-02
5.514392256736755371e-01
3.678045272827148438e-01
-1.302442103624343872e-01
5.030965805053710938e-01
3.110020756721496582e-01
-1.461454629898071289e-01
4.653217494487762451e-01
2.664676308631896973e-01
-1.539767235517501831e-01
5.890360474586486816e-01
5.196344852447509766e-01
-8.895660191774368286e-02
5.038337111473083496e-01
4.025010466575622559e-01
-1.231431812047958374e-01
4.539068341255187988e-01
3.295158445835113525e-01
-1.379236727952957153e-01
4.176086783409118652e-01
2.738404870033264160e-01
-1.462582796812057495e-01
5.548776388168334961e-01
5.593644976615905762e-01
-8.122311532497406006e-02
4.811052083969116211e-01
4.465911686420440674e-01
-1.069907099008560181e-01
4.366464018821716309e-01
3.734018504619598389e-01
-1.179313063621520996e-01
4.049201607704162598e-01
3.174185752868652344e-01
-1.234598383307456970e-01
5.322715640068054199e-01
5.859566330909729004e-01
-7.497902959585189819e-02
4.791390895843505859e-01
4.911695122718811035e-01
-9.509679675102233887e-02
4.482684731483459473e-01
4.340443015098571777e-01
-1.019600406289100647e-01
4.242379665374755859e-01
3.884563744068145752e-01
-1.040061563253402710e-01
