4.024106860160827637e-01
9.615841507911682129e-01
1.183727476927742828e-06
3.504867553710937500e-01
8.779730796813964844e-01
-1.154517009854316711e-01
3.219058215618133545e-01
8.240382075309753418e-01
-2.060845494270324707e-01
3.014827370643615723e-01
7.918588519096374512e-01
-2.737977504730224609e-01
2.686889767646789551e-01
7.616889476776123047e-01
-3.451098501682281494e-01
4.255631864070892334e-01
8.745121955871582031e-01
-2.577712535858154297e-01
4.880383312702178955e-01
8.146774768829345703e-01
-3.446650505065917969e-01
5.422692298889160156e-01
7.646703720092773438e-01
-3.936550915241241455e-01
5.876301527023315430e-01
7.175245881080627441e-01
-4.230784475803375244e-01
4.777712225914001465e-01
9.213132858276367188e-01
-2.261528074741363525e-01
5.619804859161376953e-01
8.429362773895263672e-01
-3.093886673450469971e-01
6.244407296180725098e-01
7.755450606346130371e-01
-3.441651761531829834e-01
6.710053086280822754e-01
7.190562486648559570e-01
-3.679027557373046875e-01
5.172485113143920898e-01
9.513826966285705566e-01
-1.934493929147720337e-01
5.946796536445617676e-01
8.840511441230773926e-01
-2.640176415443420410e-01
6.491070985794067383e-01
8.168539404869079590e-01
-2.950619459152221680e-01
6.911652684211730957e-01
7.640099525451660156e-01
-3.128286004066467285e-01
5.464637875556945801e-01
9.652602076530456543e-01
-1.658149063587188721e-01
6.109030246734619141e-01
9.284871816635131836e-01
-2.178702801465988159e-01
6.493563055992126465e-01
8.937480449676513672e-01
-2.430667728185653687e-01
6.820046901702880859e-01
8.638610243797302246e-01
-2.604623138904571533e-01
