3.795485496520996094e-01
8.197706341743469238e-01
-1.758843808374876971e-07
3.408934175968170166e-01
8.019063472747802734e-01
-3.039539605379104614e-02
3.045677244663238525e-01
8.069117665290832520e-01
-5.067808553576469421e-02
2.758234143257141113e-01
8.198943734169006348e-01
-6.700844317674636841e-02
2.471663504838943481e-01
8.376367688179016113e-01
-8.507332950830459595e-02
3.360777199268341064e-01
8.587225675582885742e-01
-5.515992268919944763e-02
3.428767621517181396e-01
8.607284426689147949e-01
-8.261557668447494507e-02
3.557876646518707275e-01
8.548545241355895996e-01
-1.043777093291282654e-01
3.725878596305847168e-01
8.531410098075866699e-01
-1.177395731210708618e-01
3.649370670318603516e-01
8.686468005180358887e-01
-5.109057947993278503e-02
3.821505010128021240e-01
8.626974821090698242e-01
-7.535059750080108643e-02
3.985128700733184814e-01
8.540484905242919922e-01
-9.245592355728149414e-02
4.133955538272857666e-01
8.476330041885375977e-01
-1.056327000260353088e-01
3.891430199146270752e-01
8.680423498153686523e-01
-4.801542311906814575e-02
4.053659141063690186e-01
8.625846505165100098e-01
-6.969630718231201172e-02
4.176096618175506592e-01
8.547255992889404297e-01
-7.879734784364700317e-02
4.280556440353393555e-01
8.474961519241333008e-01
-8.510228991508483887e-02
4.094146788120269775e-01
8.613350391387939453e-01
-4.706225544214248657e-02
4.221242666244506836e-01
8.588094711303710938e-01
-6.322935968637466431e-02
4.317737221717834473e-01
8.531610965728759766e-01
-6.710864603519439697e-02
4.392999112606048584e-01
8.490432500839233398e-01
-6.985474377870559692e-02
