5.989440083503723145e-01
4.583857059478759766e-01
2.658877065186970867e-07
6.254583001136779785e-01
4.148450195789337158e-01
-1.890251412987709045e-02
6.322470307350158691e-01
3.652235567569732666e-01
-2.860684506595134735e-02
6.281798481941223145e-01
3.231432437896728516e-01
-3.513344004750251770e-02
6.302362084388732910e-01
2.891985774040222168e-01
-4.133692756295204163e-02
5.766108036041259766e-01
3.443826735019683838e-01
-2.414230257272720337e-02
5.528215765953063965e-01
2.996735870838165283e-01
-3.474426642060279846e-02
5.376224517822265625e-01
2.720025181770324707e-01
-4.245618730783462524e-02
5.255524516105651855e-01
2.484095394611358643e-01
-4.776749759912490845e-02
5.529549121856689453e-01
3.571709990501403809e-01
-1.991111226379871368e-02
5.255856513977050781e-01
3.095611333847045898e-01
-2.909193933010101318e-02
5.075810551643371582e-01
2.766727805137634277e-01
-3.585805743932723999e-02
4.929576516151428223e-01
2.492033839225769043e-01
-4.087115824222564697e-02
5.369524955749511719e-01
3.738575577735900879e-01
-1.662168465554714203e-02
5.123284459114074707e-01
3.302465379238128662e-01
-2.471508830785751343e-02
4.974298477172851562e-01
3.026307821273803711e-01
-3.020135499536991119e-02
4.857234358787536621e-01
2.797538340091705322e-01
-3.382802754640579224e-02
5.265631675720214844e-01
3.921926617622375488e-01
-1.479978766292333603e-02
5.061784386634826660e-01
3.585572838783264160e-01
-2.211624197661876678e-02
4.943138957023620605e-01
3.380475342273712158e-01
-2.559417672455310822e-02
4.856316447257995605e-01
3.209682703018188477e-01
-2.733883447945117950e-02
