7.043700218200683594e-01
4.639737010002136230e-01
4.564907953863439616e-07
7.484335899353027344e-01
3.681766390800476074e-01
-1.172030810266733170e-02
7.608237862586975098e-01
2.767377197742462158e-01
-2.434567734599113464e-02
7.494454383850097656e-01
1.949269324541091919e-01
-3.381042182445526123e-02
7.368223667144775391e-01
1.296816021203994751e-01
-4.380071163177490234e-02
6.857258677482604980e-01
2.410752177238464355e-01
-4.179945215582847595e-02
6.274180412292480469e-01
1.408365070819854736e-01
-5.780896916985511780e-02
5.927826166152954102e-01
8.698269724845886230e-02
-6.423530727624893188e-02
5.653531551361083984e-01
4.588250815868377686e-02
-6.717935204505920410e-02
6.393952965736389160e-01
2.740966081619262695e-01
-4.344292730093002319e-02
5.760996341705322266e-01
1.669468581676483154e-01
-5.981024354696273804e-02
5.411540865898132324e-01
1.047028899192810059e-01
-6.543546915054321289e-02
5.176906585693359375e-01
6.132178008556365967e-02
-6.809180974960327148e-02
6.027618050575256348e-01
3.156665861606597900e-01
-4.356198012828826904e-02
5.440696477890014648e-01
2.241197228431701660e-01
-5.515270680189132690e-02
5.150379538536071777e-01
1.684186309576034546e-01
-5.732880905270576477e-02
4.968068003654479980e-01
1.284129768610000610e-01
-5.816909298300743103e-02
5.775421261787414551e-01
3.584609627723693848e-01
-4.359235987067222595e-02
5.366855263710021973e-01
2.836759090423583984e-01
-5.175877735018730164e-02
5.173286199569702148e-01
2.411700189113616943e-01
-5.037454888224601746e-02
5.046256780624389648e-01
2.067675888538360596e-01
-4.737025871872901917e-02
