3.645807802677154541e-01
9.406821727752685547e-01
4.493116989578993525e-07
3.271104097366333008e-01
8.720424175262451172e-01
-1.069315001368522644e-01
3.109721541404724121e-01
8.227691650390625000e-01
-1.891128122806549072e-01
2.973943948745727539e-01
8.067502379417419434e-01
-2.548218369483947754e-01
2.668090462684631348e-01
7.790437936782836914e-01
-3.216088712215423584e-01
4.162173271179199219e-01
8.959795236587524414e-01
-2.001214623451232910e-01
4.898538589477539062e-01
8.247768282890319824e-01
-2.744288444519042969e-01
5.430894494056701660e-01
7.744151353836059570e-01
-3.186106085777282715e-01
5.904061794281005859e-01
7.291367053985595703e-01
-3.467913568019866943e-01
4.691975712776184082e-01
9.499735236167907715e-01
-1.764737069606781006e-01
5.629411935806274414e-01
8.618460893630981445e-01
-2.445812076330184937e-01
6.252098679542541504e-01
7.937154769897460938e-01
-2.789708673954010010e-01
6.754156351089477539e-01
7.274367213249206543e-01
-3.046841919422149658e-01
5.075183510780334473e-01
9.860773086547851562e-01
-1.552335321903228760e-01
5.906068086624145508e-01
9.054254293441772461e-01
-2.102423310279846191e-01
6.491329073905944824e-01
8.353012204170227051e-01
-2.399289309978485107e-01
6.907917261123657227e-01
7.682921886444091797e-01
-2.596990764141082764e-01
5.326362848281860352e-01
1.003386020660400391e+00
-1.410481631755828857e-01
5.977156758308410645e-01
9.580340981483459473e-01
-1.776012927293777466e-01
6.448681950569152832e-01
9.165594577789306641e-01
-1.988185346126556396e-01
6.818943023681640625e-01
8.735755681991577148e-01
-2.157044112682342529e-01
