6.900023221969604492e-01
7.278188467025756836e-01
7.213728849819744937e-07
7.356926202774047852e-01
6.423112154006958008e-01
-4.281428828835487366e-02
7.520074248313903809e-01
5.501833558082580566e-01
-7.690431177616119385e-02
7.541651129722595215e-01
4.625461101531982422e-01
-1.018773317337036133e-01
7.577645778656005859e-01
3.876149058341979980e-01
-1.280506700277328491e-01
6.722574234008789062e-01
5.410524606704711914e-01
-1.037667319178581238e-01
6.124325394630432129e-01
4.136479794979095459e-01
-1.401828974485397339e-01
5.790931582450866699e-01
3.401747345924377441e-01
-1.559944450855255127e-01
5.531485080718994141e-01
2.837567329406738281e-01
-1.634883582592010498e-01
6.214023232460021973e-01
5.790073275566101074e-01
-9.711486846208572388e-02
5.593194961547851562e-01
4.342666268348693848e-01
-1.311279088258743286e-01
5.248736143112182617e-01
3.438359797000885010e-01
-1.445626765489578247e-01
4.989111423492431641e-01
2.757332921028137207e-01
-1.525272279977798462e-01
5.823438763618469238e-01
6.138241291046142578e-01
-8.952831476926803589e-02
5.269439220428466797e-01
4.825341701507568359e-01
-1.156220063567161560e-01
4.970926046371459961e-01
3.971203267574310303e-01
-1.266736835241317749e-01
4.765263795852661133e-01
3.324790596961975098e-01
-1.328856945037841797e-01
5.549449324607849121e-01
6.387218832969665527e-01
-8.365330845117568970e-02
5.139195919036865234e-01
5.339252352714538574e-01
-1.049245968461036682e-01
4.927080869674682617e-01
4.679362773895263672e-01
-1.129039227962493896e-01
4.775508046150207520e-01
4.160020649433135986e-01
-1.164140999317169189e-01
