6.779040098190307617e-01
5.121420025825500488e-01
5.002169700674130581e-07
7.134038805961608887e-01
4.162828922271728516e-01
-2.436207421123981476e-02
7.203881740570068359e-01
3.192359507083892822e-01
-4.337249696254730225e-02
7.030484676361083984e-01
2.396752834320068359e-01
-5.712704360485076904e-02
6.843364834785461426e-01
1.767592281103134155e-01
-7.156074792146682739e-02
6.462155580520629883e-01
3.038694858551025391e-01
-6.160108372569084167e-02
5.782728195190429688e-01
2.062167823314666748e-01
-8.558396250009536743e-02
5.360689163208007812e-01
1.526426523923873901e-01
-9.697591513395309448e-02
5.028265118598937988e-01
1.118097305297851562e-01
-1.027650535106658936e-01
6.013054251670837402e-01
3.439724743366241455e-01
-5.972404778003692627e-02
5.276632905006408691e-01
2.406550496816635132e-01
-8.169133216142654419e-02
4.832216501235961914e-01
1.782895326614379883e-01
-9.148629754781723022e-02
4.507983326911926270e-01
1.324330270290374756e-01
-9.703847020864486694e-02
5.674070715904235840e-01
3.885647952556610107e-01
-5.683548003435134888e-02
5.003925561904907227e-01
2.972025275230407715e-01
-7.342460751533508301e-02
4.611753821372985840e-01
2.405344396829605103e-01
-8.044893294572830200e-02
4.336056709289550781e-01
1.978254467248916626e-01
-8.460338413715362549e-02
5.448298454284667969e-01
4.310283362865447998e-01
-5.472784861922264099e-02
4.955377280712127686e-01
3.701137304306030273e-01
-6.945838779211044312e-02
4.665383696556091309e-01
3.348971605300903320e-01
-7.312951236963272095e-02
4.447268247604370117e-01
3.075697422027587891e-01
-7.311099767684936523e-02
