6.818116307258605957e-01
6.395720243453979492e-01
5.983027335787483025e-07
7.075017690658569336e-01
5.878708362579345703e-01
-4.338644817471504211e-02
7.171290516853332520e-01
5.335735082626342773e-01
-7.308531552553176880e-02
7.257809042930603027e-01
4.811114668846130371e-01
-9.564206004142761230e-02
7.370665669441223145e-01
4.354115128517150879e-01
-1.183421239256858826e-01
6.429994702339172363e-01
5.273894071578979492e-01
-7.225196063518524170e-02
6.059578657150268555e-01
4.613554477691650391e-01
-9.886183589696884155e-02
5.846775174140930176e-01
4.221028685569763184e-01
-1.143206283450126648e-01
5.679925680160522461e-01
3.883075118064880371e-01
-1.237642914056777954e-01
6.075654625892639160e-01
5.522447824478149414e-01
-6.211676448583602905e-02
5.563349723815917969e-01
4.843661785125732422e-01
-8.663121610879898071e-02
5.243984460830688477e-01
4.347469806671142578e-01
-1.006327643990516663e-01
5.005109310150146484e-01
3.943268656730651855e-01
-1.102095469832420349e-01
5.845208764076232910e-01
5.749901533126831055e-01
-5.348363891243934631e-02
5.319025516510009766e-01
5.143796801567077637e-01
-7.434611767530441284e-02
5.013006925582885742e-01
4.658117592334747314e-01
-8.920932561159133911e-02
4.785694479942321777e-01
4.235632419586181641e-01
-9.865725785493850708e-02
5.708467364311218262e-01
5.933852195739746094e-01
-4.735848307609558105e-02
5.274250507354736328e-01
5.507158041000366211e-01
-6.493081897497177124e-02
5.002585649490356445e-01
5.172366499900817871e-01
-7.593107223510742188e-02
4.804825186729431152e-01
4.853177666664123535e-01
-8.294315636157989502e-02
