6.124750971794128418e-01
3.699285387992858887e-01
2.105998646584339440e-07
6.393901705741882324e-01
3.269943594932556152e-01
-1.055581308901309967e-02
6.475969552993774414e-01
2.764968574047088623e-01
-1.872423663735389709e-02
6.446058750152587891e-01
2.323477119207382202e-01
-2.453176863491535187e-02
6.472655534744262695e-01
1.994628310203552246e-01
-3.079830296337604523e-02
6.098857522010803223e-01
2.559596002101898193e-01
-2.773635275661945343e-02
5.832528471946716309e-01
2.018158435821533203e-01
-3.756652772426605225e-02
5.660646557807922363e-01
1.705166995525360107e-01
-4.223436489701271057e-02
5.524336695671081543e-01
1.469697654247283936e-01
-4.498901218175888062e-02
5.855990648269653320e-01
2.686307132244110107e-01
-2.693202160298824310e-02
5.566121935844421387e-01
2.117197811603546143e-01
-3.586523979902267456e-02
5.387850403785705566e-01
1.763530075550079346e-01
-3.977710008621215820e-02
5.258446931838989258e-01
1.501901745796203613e-01
-4.241491854190826416e-02
5.662337541580200195e-01
2.847407758235931396e-01
-2.550948597490787506e-02
5.403176546096801758e-01
2.331467866897583008e-01
-3.186126425862312317e-02
5.262570977210998535e-01
2.019141018390655518e-01
-3.458423167467117310e-02
5.171850323677062988e-01
1.790687441825866699e-01
-3.660020604729652405e-02
5.517413616180419922e-01
3.025767505168914795e-01
-2.448249049484729767e-02
5.313797593116760254e-01
2.655874788761138916e-01
-3.020359948277473450e-02
5.204832553863525391e-01
2.437082380056381226e-01
-3.192957490682601929e-02
5.128966569900512695e-01
2.255087792873382568e-01
-3.235492110252380371e-02
