6.781346201896667480e-01
5.223166942596435547e-01
5.371882139115768950e-07
7.144666314125061035e-01
4.256013333797454834e-01
-2.406866848468780518e-02
7.231934070587158203e-01
3.292397260665893555e-01
-4.376788809895515442e-02
7.081043720245361328e-01
2.479021698236465454e-01
-5.789020657539367676e-02
6.910924911499023438e-01
1.819836646318435669e-01
-7.231446355581283569e-02
6.464938521385192871e-01
3.098156452178955078e-01
-6.096553057432174683e-02
5.815143585205078125e-01
2.117228209972381592e-01
-8.450215309858322144e-02
5.405639410018920898e-01
1.586181521415710449e-01
-9.549548476934432983e-02
5.069866180419921875e-01
1.171952635049819946e-01
-1.012304499745368958e-01
6.015279293060302734e-01
3.483657240867614746e-01
-5.914502590894699097e-02
5.302014350891113281e-01
2.434472888708114624e-01
-8.292273432016372681e-02
4.875661134719848633e-01
1.812454611063003540e-01
-9.327783435583114624e-02
4.557791650295257568e-01
1.344883888959884644e-01
-9.898171573877334595e-02
5.664370059967041016e-01
3.900741934776306152e-01
-5.627289414405822754e-02
5.021199584007263184e-01
2.990608513355255127e-01
-7.413003593683242798e-02
4.666173756122589111e-01
2.411165535449981689e-01
-8.072635531425476074e-02
4.415655136108398438e-01
1.958969384431838989e-01
-8.415374904870986938e-02
5.418912172317504883e-01
4.285557270050048828e-01
-5.413512513041496277e-02
4.956310689449310303e-01
3.560134768486022949e-01
-6.814803928136825562e-02
4.727242290973663330e-01
3.156945705413818359e-01
-7.059235870838165283e-02
4.560642838478088379e-01
2.821158170700073242e-01
-6.987582147121429443e-02
