3.494777083396911621e-01
7.644395828247070312e-01
-1.561693778739936533e-07
3.178934752941131592e-01
7.611983418464660645e-01
-2.623042836785316467e-02
2.930034399032592773e-01
7.698914408683776855e-01
-4.468889907002449036e-02
2.724416851997375488e-01
7.794004678726196289e-01
-6.084030121564865112e-02
2.519708573818206787e-01
7.919423580169677734e-01
-7.702524214982986450e-02
3.346638977527618408e-01
8.106893301010131836e-01
-3.846869990229606628e-02
3.404658138751983643e-01
8.126598596572875977e-01
-6.187770888209342957e-02
3.483257591724395752e-01
8.037157058715820312e-01
-7.865986227989196777e-02
3.596177995204925537e-01
7.915431857109069824e-01
-8.769725263118743896e-02
3.621613979339599609e-01
8.193442225456237793e-01
-3.333750367164611816e-02
3.748728036880493164e-01
8.102360367774963379e-01
-5.285877361893653870e-02
3.871671855449676514e-01
7.885392904281616211e-01
-6.442683935165405273e-02
3.990969657897949219e-01
7.671927809715270996e-01
-7.141827046871185303e-02
3.832492232322692871e-01
8.189559578895568848e-01
-2.991066128015518188e-02
3.981873989105224609e-01
8.084999918937683105e-01
-4.610895738005638123e-02
4.102875292301177979e-01
7.883263230323791504e-01
-5.367730557918548584e-02
4.214053153991699219e-01
7.689062952995300293e-01
-5.699912086129188538e-02
3.985963761806488037e-01
8.117941021919250488e-01
-2.845091372728347778e-02
4.147277474403381348e-01
8.063527941703796387e-01
-3.795924037694931030e-02
4.272353053092956543e-01
7.945892810821533203e-01
-4.079321399331092834e-02
4.382047653198242188e-01
7.832434177398681641e-01
-4.187272116541862488e-02
