7.037892341613769531e-01
4.559221863746643066e-01
4.476157471344777150e-07
7.466821074485778809e-01
3.594356179237365723e-01
-9.009112603962421417e-03
7.590296864509582520e-01
2.695221006870269775e-01
-2.068878710269927979e-02
7.483912706375122070e-01
1.880991458892822266e-01
-2.965535409748554230e-02
7.369121909141540527e-01
1.234131306409835815e-01
-3.930656239390373230e-02
6.852228641510009766e-01
2.329596579074859619e-01
-3.929262608289718628e-02
6.279640793800354004e-01
1.340542882680892944e-01
-5.395944416522979736e-02
5.934799313545227051e-01
8.182112872600555420e-02
-5.945254862308502197e-02
5.661905407905578613e-01
4.246020317077636719e-02
-6.178811192512512207e-02
6.391532421112060547e-01
2.650733888149261475e-01
-4.170252010226249695e-02
5.763900279998779297e-01
1.591196507215499878e-01
-5.626934766769409180e-02
5.419367551803588867e-01
9.918972849845886230e-02
-6.076631322503089905e-02
5.197957158088684082e-01
5.868135392665863037e-02
-6.281048804521560669e-02
6.028921008110046387e-01
3.068497776985168457e-01
-4.232601076364517212e-02
5.443876981735229492e-01
2.172223925590515137e-01
-5.214775353670120239e-02
5.163619518280029297e-01
1.639809906482696533e-01
-5.338397249579429626e-02
5.001735091209411621e-01
1.271764636039733887e-01
-5.388143286108970642e-02
5.780878067016601562e-01
3.504053950309753418e-01
-4.263867810368537903e-02
5.359079241752624512e-01
2.772470712661743164e-01
-4.918027296662330627e-02
5.166389942169189453e-01
2.365106493234634399e-01
-4.688445851206779480e-02
5.049508810043334961e-01
2.039811909198760986e-01
-4.342353343963623047e-02
