7.457365393638610840e-01
5.778326988220214844e-01
5.513697374226467218e-07
7.688099741935729980e-01
4.766250252723693848e-01
-1.827428303658962250e-02
7.687032222747802734e-01
3.708534836769104004e-01
-3.611288964748382568e-02
7.463596463203430176e-01
2.824328541755676270e-01
-4.881703853607177734e-02
7.131912708282470703e-01
2.203420847654342651e-01
-6.204649433493614197e-02
7.088990211486816406e-01
3.659104406833648682e-01
-6.660756468772888184e-02
6.280002593994140625e-01
2.559149265289306641e-01
-9.071428328752517700e-02
5.787329077720642090e-01
1.992745548486709595e-01
-9.764564037322998047e-02
5.424779653549194336e-01
1.600790321826934814e-01
-9.897777438163757324e-02
6.664540767669677734e-01
4.107366204261779785e-01
-6.762184947729110718e-02
5.776679515838623047e-01
2.916347682476043701e-01
-9.582576155662536621e-02
5.259367227554321289e-01
2.237881422042846680e-01
-1.056810244917869568e-01
4.911084175109863281e-01
1.787004023790359497e-01
-1.090509071946144104e-01
6.308063268661499023e-01
4.578821063041687012e-01
-6.605007499456405640e-02
5.496974587440490723e-01
3.546055555343627930e-01
-8.607778698205947876e-02
5.016077756881713867e-01
2.924235165119171143e-01
-9.212382137775421143e-02
4.687870740890502930e-01
2.484178245067596436e-01
-9.367100894451141357e-02
6.044539213180541992e-01
5.031677484512329102e-01
-6.399194151163101196e-02
5.456836223602294922e-01
4.282512962818145752e-01
-7.821682840585708618e-02
5.133406519889831543e-01
3.865577578544616699e-01
-7.945337891578674316e-02
4.910483956336975098e-01
3.563542962074279785e-01
-7.686596363782882690e-02
