6.136320233345031738e-01
3.817811608314514160e-01
1.926023571741097840e-07
6.402567028999328613e-01
3.384197056293487549e-01
-1.120040472596883774e-02
6.486673951148986816e-01
2.848955094814300537e-01
-1.896729134023189545e-02
6.460401415824890137e-01
2.401907593011856079e-01
-2.440330386161804199e-02
6.496514081954956055e-01
2.068077027797698975e-01
-3.013957478106021881e-02
6.110481023788452148e-01
2.620532214641571045e-01
-2.533317171037197113e-02
5.830997824668884277e-01
2.098466008901596069e-01
-3.528409451246261597e-02
5.666393637657165527e-01
1.791417002677917480e-01
-4.079075530171394348e-02
5.538794994354248047e-01
1.546765565872192383e-01
-4.428807646036148071e-02
5.874256491661071777e-01
2.759543359279632568e-01
-2.446659468114376068e-02
5.573481917381286621e-01
2.221928834915161133e-01
-3.350074961781501770e-02
5.393188595771789551e-01
1.866417676210403442e-01
-3.868391364812850952e-02
5.259914398193359375e-01
1.583317816257476807e-01
-4.245046153664588928e-02
5.682109594345092773e-01
2.929246425628662109e-01
-2.333435416221618652e-02
5.415776371955871582e-01
2.438929080963134766e-01
-3.054594807326793671e-02
5.266644358634948730e-01
2.131767272949218750e-01
-3.470603376626968384e-02
5.164427161216735840e-01
1.889259070158004761e-01
-3.763133287429809570e-02
5.536053776741027832e-01
3.112675547599792480e-01
-2.270640246570110321e-02
5.335956215858459473e-01
2.742436528205871582e-01
-2.938762865960597992e-02
5.216528177261352539e-01
2.526913285255432129e-01
-3.207772970199584961e-02
5.126727819442749023e-01
2.342636138200759888e-01
-3.319063410162925720e-02
