5.915486216545104980e-01
3.564418554306030273e-01
2.249168176149396459e-07
6.165064573287963867e-01
3.106818497180938721e-01
-1.480685919523239136e-02
6.224914789199829102e-01
2.564183175563812256e-01
-2.421477437019348145e-02
6.170381307601928711e-01
2.113796472549438477e-01
-3.059188462793827057e-02
6.161567568778991699e-01
1.754910647869110107e-01
-3.705142810940742493e-02
5.808455944061279297e-01
2.421593517065048218e-01
-2.882200106978416443e-02
5.502098798751831055e-01
1.948065757751464844e-01
-4.031280055642127991e-02
5.307775735855102539e-01
1.663958728313446045e-01
-4.669898003339767456e-02
5.152713060379028320e-01
1.436062008142471313e-01
-5.080493539571762085e-02
5.572034716606140137e-01
2.574674487113952637e-01
-2.695509046316146851e-02
5.260912179946899414e-01
2.064595520496368408e-01
-3.865839913487434387e-02
5.069131255149841309e-01
1.713392138481140137e-01
-4.496013000607490540e-02
4.917022585868835449e-01
1.415903121232986450e-01
-4.923370480537414551e-02
5.385109782218933105e-01
2.746996581554412842e-01
-2.518570050597190857e-02
5.115752220153808594e-01
2.253055423498153687e-01
-3.514663875102996826e-02
4.957325458526611328e-01
1.930617392063140869e-01
-4.025996476411819458e-02
4.835737943649291992e-01
1.656456887722015381e-01
-4.335042089223861694e-02
5.244632959365844727e-01
2.918635904788970947e-01
-2.415099553763866425e-02
5.044605135917663574e-01
2.519355416297912598e-01
-3.292362391948699951e-02
4.932548403739929199e-01
2.274110019207000732e-01
-3.663247078657150269e-02
4.847291111946105957e-01
2.057571709156036377e-01
-3.825654834508895874e-02
