6.644722223281860352e-01
5.982620120048522949e-01
5.742038524658710230e-07
7.081388235092163086e-01
5.009935498237609863e-01
-3.631992265582084656e-02
7.182575464248657227e-01
4.047006368637084961e-01
-6.311643123626708984e-02
7.031584978103637695e-01
3.211090564727783203e-01
-8.218980580568313599e-02
6.898928284645080566e-01
2.517673075199127197e-01
-1.019697263836860657e-01
6.355494260787963867e-01
3.960606753826141357e-01
-8.346019685268402100e-02
5.609185695648193359e-01
2.964639067649841309e-01
-1.132561638951301575e-01
5.156789422035217285e-01
2.390411496162414551e-01
-1.274310946464538574e-01
4.793571829795837402e-01
1.926554739475250244e-01
-1.352164596319198608e-01
5.874525308609008789e-01
4.401937723159790039e-01
-7.755517959594726562e-02
5.086186528205871582e-01
3.349113464355468750e-01
-1.057278290390968323e-01
4.606044590473175049e-01
2.642581462860107422e-01
-1.185940131545066833e-01
4.256738126277923584e-01
2.082765549421310425e-01
-1.266523748636245728e-01
5.505672693252563477e-01
4.816181063652038574e-01
-7.101705670356750488e-02
4.826658964157104492e-01
3.808336257934570312e-01
-9.304564446210861206e-02
4.450692534446716309e-01
3.134593963623046875e-01
-1.044520661234855652e-01
4.194522500038146973e-01
2.588766515254974365e-01
-1.113916188478469849e-01
5.258951187133789062e-01
5.152176022529602051e-01
-6.597471237182617188e-02
4.706398546695709229e-01
4.451478123664855957e-01
-8.605737239122390747e-02
4.394461512565612793e-01
4.006897509098052979e-01
-9.498819708824157715e-02
4.170589447021484375e-01
3.616515994071960449e-01
-9.879337996244430542e-02
