6.980101466178894043e-01
4.798221886157989502e-01
5.409636969488929026e-07
7.390239834785461426e-01
3.895422220230102539e-01
-2.260432951152324677e-02
7.518291473388671875e-01
2.984787225723266602e-01
-4.110641032457351685e-02
7.402327060699462891e-01
2.201505452394485474e-01
-5.473956465721130371e-02
7.264500260353088379e-01
1.556863784790039062e-01
-6.887975335121154785e-02
6.748769283294677734e-01
2.686029374599456787e-01
-5.525401979684829712e-02
6.158118247985839844e-01
1.697058081626892090e-01
-7.606149464845657349e-02
5.797164440155029297e-01
1.185529232025146484e-01
-8.583325892686843872e-02
5.515505671501159668e-01
8.042281866073608398e-02
-9.070927649736404419e-02
6.296871900558471680e-01
3.034017086029052734e-01
-5.349403992295265198e-02
5.654464960098266602e-01
1.982761770486831665e-01
-7.159088551998138428e-02
5.276894569396972656e-01
1.369007229804992676e-01
-7.934843748807907104e-02
5.013626217842102051e-01
9.486843645572662354e-02
-8.412167429924011230e-02
5.947723984718322754e-01
3.458175361156463623e-01
-5.107796937227249146e-02
5.361731052398681641e-01
2.537280917167663574e-01
-6.505269557237625122e-02
5.053625106811523438e-01
1.982874125242233276e-01
-7.059750705957412720e-02
4.857342243194580078e-01
1.580163985490798950e-01
-7.428681850433349609e-02
5.697722434997558594e-01
3.881169557571411133e-01
-4.938462004065513611e-02
5.285710692405700684e-01
3.163252174854278564e-01
-6.191759929060935974e-02
5.082668662071228027e-01
2.770231664180755615e-01
-6.419073790311813354e-02
4.943004250526428223e-01
2.451354712247848511e-01
-6.382843852043151855e-02
