5.721968412399291992e-01
6.331623792648315430e-01
3.388346385690965690e-07
5.883011817932128906e-01
5.880665779113769531e-01
-2.294717356562614441e-02
5.886913537979125977e-01
5.456435680389404297e-01
-3.700930625200271606e-02
5.815397500991821289e-01
5.168322920799255371e-01
-4.733388125896453857e-02
5.783507823944091797e-01
4.976404905319213867e-01
-5.717989429831504822e-02
5.319781899452209473e-01
5.547945499420166016e-01
-3.607853502035140991e-02
4.953308403491973877e-01
5.241264700889587402e-01
-5.216535553336143494e-02
4.751592874526977539e-01
5.003378987312316895e-01
-6.229908019304275513e-02
4.596139490604400635e-01
4.782507121562957764e-01
-6.816147267818450928e-02
5.134701132774353027e-01
5.724263787269592285e-01
-3.129100054502487183e-02
4.709501266479492188e-01
5.354406237602233887e-01
-4.730169475078582764e-02
4.460381567478179932e-01
5.030670762062072754e-01
-5.739832669496536255e-02
4.278807044029235840e-01
4.745666980743408203e-01
-6.307230889797210693e-02
5.018673539161682129e-01
5.847577452659606934e-01
-2.708043158054351807e-02
4.614236056804656982e-01
5.487985610961914062e-01
-4.046026617288589478e-02
4.392188191413879395e-01
5.164430141448974609e-01
-4.908746480941772461e-02
4.235641956329345703e-01
4.882540404796600342e-01
-5.314343422651290894e-02
4.958498179912567139e-01
5.916028022766113281e-01
-2.431308478116989136e-02
4.656803607940673828e-01
5.608987212181091309e-01
-3.394718468189239502e-02
4.487067461013793945e-01
5.364758968353271484e-01
-3.829453885555267334e-02
4.366669058799743652e-01
5.146570205688476562e-01
-3.988578170537948608e-02
