6.912253499031066895e-01
5.422986745834350586e-01
6.367326932377181947e-07
7.212316989898681641e-01
4.360043704509735107e-01
-1.620096527040004730e-02
7.280715107917785645e-01
3.395612239837646484e-01
-3.261655196547508240e-02
7.077277898788452148e-01
2.573063075542449951e-01
-4.415046796202659607e-02
6.890719532966613770e-01
1.935655474662780762e-01
-5.598216131329536438e-02
6.518073081970214844e-01
3.269959986209869385e-01
-5.192405730485916138e-02
5.820166468620300293e-01
2.293965667486190796e-01
-7.031985372304916382e-02
5.390246510505676270e-01
1.806146800518035889e-01
-7.701722532510757446e-02
5.061994791030883789e-01
1.446245610713958740e-01
-7.870645821094512939e-02
6.089966893196105957e-01
3.676374256610870361e-01
-5.013018846511840820e-02
5.325880050659179688e-01
2.613961100578308105e-01
-6.814908981323242188e-02
4.868453145027160645e-01
2.014877796173095703e-01
-7.440756261348724365e-02
4.542976617813110352e-01
1.596956104040145874e-01
-7.644974440336227417e-02
5.756612420082092285e-01
4.104249179363250732e-01
-4.629397019743919373e-02
5.062972903251647949e-01
3.198596835136413574e-01
-5.826717987656593323e-02
4.646568894386291504e-01
2.633674144744873047e-01
-6.306604295969009399e-02
4.352442622184753418e-01
2.238220274448394775e-01
-6.523276120424270630e-02
5.538488626480102539e-01
4.502058625221252441e-01
-4.231368005275726318e-02
5.075700283050537109e-01
3.820289671421051025e-01
-4.995825141668319702e-02
4.812877178192138672e-01
3.446998000144958496e-01
-4.963386431336402893e-02
4.618007838726043701e-01
3.163599669933319092e-01
-4.672425240278244019e-02
