4.480918049812316895e-01
9.359902739524841309e-01
-6.498614197880669963e-07
4.116345047950744629e-01
8.682426214218139648e-01
-6.077507883310317993e-02
3.656544685363769531e-01
8.126798868179321289e-01
-1.063227951526641846e-01
3.209354579448699951e-01
7.912078499794006348e-01
-1.457566618919372559e-01
2.609151601791381836e-01
7.629879117012023926e-01
-1.898762732744216919e-01
4.216078519821166992e-01
8.542820811271667480e-01
-1.311775147914886475e-01
4.982577860355377197e-01
7.924432158470153809e-01
-2.043904066085815430e-01
5.429457426071166992e-01
7.405827641487121582e-01
-2.566501796245574951e-01
5.799471139907836914e-01
7.014358043670654297e-01
-2.838149368762969971e-01
4.781061410903930664e-01
9.098718762397766113e-01
-1.254320740699768066e-01
5.586040616035461426e-01
8.183896541595458984e-01
-1.914947032928466797e-01
6.100664138793945312e-01
7.504866123199462891e-01
-2.176658511161804199e-01
6.489102244377136230e-01
6.996434330940246582e-01
-2.338418960571289062e-01
5.225255489349365234e-01
9.476891756057739258e-01
-1.211030855774879456e-01
5.996125936508178711e-01
8.595978021621704102e-01
-1.814118474721908569e-01
6.436472535133361816e-01
7.964935302734375000e-01
-1.827529519796371460e-01
6.767736673355102539e-01
7.461959719657897949e-01
-1.770784109830856323e-01
5.572080612182617188e-01
9.757050275802612305e-01
-1.219061091542243958e-01
6.121335625648498535e-01
9.193432331085205078e-01
-1.591837406158447266e-01
6.444689035415649414e-01
8.784596920013427734e-01
-1.527388393878936768e-01
6.722760200500488281e-01
8.491669297218322754e-01
-1.450061500072479248e-01
