5.820223689079284668e-01
3.638029396533966064e-01
2.693120393360004527e-07
6.089343428611755371e-01
3.166828155517578125e-01
-1.848555728793144226e-02
6.152407526969909668e-01
2.637512981891632080e-01
-2.889677882194519043e-02
6.079867482185363770e-01
2.195035815238952637e-01
-3.556707128882408142e-02
6.061520576477050781e-01
1.838098168373107910e-01
-4.195753857493400574e-02
5.667068958282470703e-01
2.499494999647140503e-01
-3.056430257856845856e-02
5.322647094726562500e-01
2.030521035194396973e-01
-4.266111552715301514e-02
5.117176771163940430e-01
1.745058894157409668e-01
-4.923613369464874268e-02
4.960202872753143311e-01
1.513487249612808228e-01
-5.318005383014678955e-02
5.418061614036560059e-01
2.659257352352142334e-01
-2.633213065564632416e-02
5.079353451728820801e-01
2.172199487686157227e-01
-3.841583803296089172e-02
4.882881939411163330e-01
1.829092204570770264e-01
-4.514838755130767822e-02
4.733673036098480225e-01
1.539275646209716797e-01
-4.926829785108566284e-02
5.238623023033142090e-01
2.824153602123260498e-01
-2.250599488615989685e-02
4.941162467002868652e-01
2.359332293272018433e-01
-3.307748585939407349e-02
4.767697453498840332e-01
2.030898630619049072e-01
-3.932944685220718384e-02
4.638776183128356934e-01
1.751843392848968506e-01
-4.269013181328773499e-02
5.118891000747680664e-01
2.969631254673004150e-01
-1.968301460146903992e-02
4.894258379936218262e-01
2.574254572391510010e-01
-2.911557815968990326e-02
4.753787219524383545e-01
2.316062450408935547e-01
-3.383759409189224243e-02
4.645843505859375000e-01
2.083932757377624512e-01
-3.573477268218994141e-02
