7.084599137306213379e-01
6.381088495254516602e-01
6.571722792614309583e-07
7.468615174293518066e-01
5.421064496040344238e-01
-3.491461277008056641e-02
7.585358619689941406e-01
4.356437027454376221e-01
-6.318922340869903564e-02
7.497147917747497559e-01
3.463390469551086426e-01
-8.343610912561416626e-02
7.420601844787597656e-01
2.750136852264404297e-01
-1.046545431017875671e-01
6.849900484085083008e-01
4.317561089992523193e-01
-9.144292026758193970e-02
6.114003062248229980e-01
3.178984224796295166e-01
-1.250125169754028320e-01
5.700457692146301270e-01
2.526232004165649414e-01
-1.401030868291854858e-01
5.377265214920043945e-01
1.990046650171279907e-01
-1.472272872924804688e-01
6.365007758140563965e-01
4.763145148754119873e-01
-8.681218326091766357e-02
5.575747489929199219e-01
3.509379327297210693e-01
-1.195827424526214600e-01
5.118379592895507812e-01
2.710961103439331055e-01
-1.334325373172760010e-01
4.781463146209716797e-01
2.089361548423767090e-01
-1.413181573152542114e-01
5.971347689628601074e-01
5.148073434829711914e-01
-8.090230822563171387e-02
5.275816917419433594e-01
3.994676470756530762e-01
-1.064262762665748596e-01
4.864379465579986572e-01
3.239125609397888184e-01
-1.183419078588485718e-01
4.567339420318603516e-01
2.658088207244873047e-01
-1.243174299597740173e-01
5.683907270431518555e-01
5.435535311698913574e-01
-7.608091831207275391e-02
5.152398347854614258e-01
4.447532892227172852e-01
-9.637899696826934814e-02
4.848537147045135498e-01
3.887251317501068115e-01
-1.042787209153175354e-01
4.608113467693328857e-01
3.452323675155639648e-01
-1.070201843976974487e-01
