6.059752106666564941e-01
5.207602381706237793e-01
3.111749720119405538e-07
6.332848072052001953e-01
4.816436171531677246e-01
-2.429823949933052063e-02
6.425161361694335938e-01
4.379409551620483398e-01
-3.781002387404441833e-02
6.410676240921020508e-01
3.989475667476654053e-01
-4.707677289843559265e-02
6.428164243698120117e-01
3.657328486442565918e-01
-5.607745051383972168e-02
5.882586240768432617e-01
4.246901571750640869e-01
-3.497217223048210144e-02
5.656091570854187012e-01
3.846451044082641602e-01
-4.957091808319091797e-02
5.502576231956481934e-01
3.548501431941986084e-01
-5.915425345301628113e-02
5.381630659103393555e-01
3.284427225589752197e-01
-6.562942266464233398e-02
5.631368756294250488e-01
4.345722496509552002e-01
-2.920864708721637726e-02
5.338613986968994141e-01
3.909547030925750732e-01
-4.228850081562995911e-02
5.159678459167480469e-01
3.562291264533996582e-01
-5.040407180786132812e-02
5.015193223953247070e-01
3.254631161689758301e-01
-5.614275485277175903e-02
5.460568070411682129e-01
4.475215375423431396e-01
-2.447721920907497406e-02
5.188143253326416016e-01
4.080839753150939941e-01
-3.640205040574073792e-02
5.030947923660278320e-01
3.785564899444580078e-01
-4.323602840304374695e-02
4.910271167755126953e-01
3.520265221595764160e-01
-4.725589975714683533e-02
5.355075597763061523e-01
4.602654874324798584e-01
-2.144980244338512421e-02
5.113850831985473633e-01
4.307091832160949707e-01
-3.226547315716743469e-02
4.976560175418853760e-01
4.091631174087524414e-01
-3.752269223332405090e-02
4.877915978431701660e-01
3.892247378826141357e-01
-4.018480330705642700e-02
