6.654883027076721191e-01
5.960336923599243164e-01
5.942933967162389308e-07
7.070850133895874023e-01
4.987162947654724121e-01
-3.573158010840415955e-02
7.174739241600036621e-01
4.012700915336608887e-01
-6.305823475122451782e-02
7.028873562812805176e-01
3.180674910545349121e-01
-8.230033516883850098e-02
6.902639865875244141e-01
2.498164474964141846e-01
-1.022123917937278748e-01
6.374202370643615723e-01
3.977665603160858154e-01
-8.712705224752426147e-02
5.610037446022033691e-01
2.979799509048461914e-01
-1.184776127338409424e-01
5.154057741165161133e-01
2.418024986982345581e-01
-1.324124485254287720e-01
4.793555140495300293e-01
1.963021159172058105e-01
-1.392636746168136597e-01
5.892922282218933105e-01
4.412516057491302490e-01
-8.083350211381912231e-02
5.086460113525390625e-01
3.331799805164337158e-01
-1.111880093812942505e-01
4.618310034275054932e-01
2.629108428955078125e-01
-1.231115534901618958e-01
4.280099272727966309e-01
2.070187777280807495e-01
-1.296721845865249634e-01
5.520498752593994141e-01
4.801428318023681641e-01
-7.360397279262542725e-02
4.824942648410797119e-01
3.797565400600433350e-01
-9.686315804719924927e-02
4.443799257278442383e-01
3.121450543403625488e-01
-1.069296747446060181e-01
4.185283780097961426e-01
2.576457858085632324e-01
-1.121062859892845154e-01
5.267837643623352051e-01
5.108910799026489258e-01
-6.771200895309448242e-02
4.696934819221496582e-01
4.346869587898254395e-01
-8.689424395561218262e-02
4.399571418762207031e-01
3.878220915794372559e-01
-9.401781857013702393e-02
4.185857474803924561e-01
3.474186062812805176e-01
-9.635233879089355469e-02
