7.087979316711425781e-01
7.641136050224304199e-01
8.284729915430943947e-07
7.388418912887573242e-01
6.845864653587341309e-01
-6.324528157711029053e-02
7.407832145690917969e-01
5.971123576164245605e-01
-9.992595762014389038e-02
7.333247065544128418e-01
5.247714519500732422e-01
-1.276862323284149170e-01
7.281545996665954590e-01
4.585090577602386475e-01
-1.553486734628677368e-01
6.148272156715393066e-01
5.788482427597045898e-01
-7.460636645555496216e-02
5.551819205284118652e-01
5.121806859970092773e-01
-1.116577908396720886e-01
5.112972259521484375e-01
4.638025164604187012e-01
-1.388948857784271240e-01
4.773849248886108398e-01
4.202361702919006348e-01
-1.566972434520721436e-01
5.798876881599426270e-01
6.235539317131042480e-01
-6.070331484079360962e-02
5.116134285926818848e-01
5.593864321708679199e-01
-9.606340527534484863e-02
4.631940126419067383e-01
5.006736516952514648e-01
-1.221295669674873352e-01
4.238627552986145020e-01
4.478094577789306641e-01
-1.394497156143188477e-01
5.566399693489074707e-01
6.703162789344787598e-01
-5.094926431775093079e-02
4.913135766983032227e-01
6.110264658927917480e-01
-8.295663446187973022e-02
4.473403692245483398e-01
5.553228259086608887e-01
-1.008697673678398132e-01
4.148257374763488770e-01
5.074365139007568359e-01
-1.103003770112991333e-01
5.428159236907958984e-01
7.198637723922729492e-01
-4.602553695440292358e-02
4.849221110343933105e-01
6.745076179504394531e-01
-7.199613749980926514e-02
4.472737312316894531e-01
6.347646713256835938e-01
-8.328877389430999756e-02
4.187548756599426270e-01
5.990296602249145508e-01
-8.837929368019104004e-02
