7.052331566810607910e-01
7.025256156921386719e-01
9.898026291921269149e-07
7.484093904495239258e-01
6.270211338996887207e-01
-7.405360043048858643e-02
7.625198364257812500e-01
5.481740832328796387e-01
-1.263314187526702881e-01
7.551853060722351074e-01
4.760037958621978760e-01
-1.652008146047592163e-01
7.436944246292114258e-01
4.005984067916870117e-01
-2.054204791784286499e-01
6.591517329216003418e-01
5.466428399085998535e-01
-1.410751789808273315e-01
5.872623920440673828e-01
4.486012458801269531e-01
-1.916280239820480347e-01
5.420681238174438477e-01
3.847121894359588623e-01
-2.178822606801986694e-01
5.081061720848083496e-01
3.329626917839050293e-01
-2.321801781654357910e-01
6.177263259887695312e-01
5.952336788177490234e-01
-1.226349547505378723e-01
5.402935743331909180e-01
4.964194595813751221e-01
-1.715611666440963745e-01
4.937179088592529297e-01
4.193161725997924805e-01
-1.958615481853485107e-01
4.593830704689025879e-01
3.573024272918701172e-01
-2.106095850467681885e-01
5.899820327758789062e-01
6.334586739540100098e-01
-1.051930934190750122e-01
5.165351033210754395e-01
5.473615527153015137e-01
-1.438817083835601807e-01
4.688720405101776123e-01
4.756433367729187012e-01
-1.645961999893188477e-01
4.348672032356262207e-01
4.130685329437255859e-01
-1.766797304153442383e-01
5.717720985412597656e-01
6.599619388580322266e-01
-9.165126085281372070e-02
5.107585191726684570e-01
5.939779877662658691e-01
-1.218313872814178467e-01
4.724814891815185547e-01
5.379600524902343750e-01
-1.383434236049652100e-01
4.447563886642456055e-01
4.867148101329803467e-01
-1.481908857822418213e-01
