5.123190879821777344e-01
8.455694913864135742e-01
3.618620496581570478e-07
4.709963798522949219e-01
7.697283029556274414e-01
-3.935170918703079224e-02
4.377346336841583252e-01
7.145066857337951660e-01
-8.232986181974411011e-02
4.059072732925415039e-01
6.796034574508666992e-01
-1.196839660406112671e-01
3.687472939491271973e-01
6.477102041244506836e-01
-1.616661101579666138e-01
4.529459476470947266e-01
7.963958382606506348e-01
-1.227266564965248108e-01
5.028418302536010742e-01
7.454876303672790527e-01
-1.682608127593994141e-01
5.432375669479370117e-01
7.030098438262939453e-01
-1.957641243934631348e-01
5.777400135993957520e-01
6.669072508811950684e-01
-2.140559852123260498e-01
4.981635212898254395e-01
8.589261770248413086e-01
-1.260989159345626831e-01
5.707606077194213867e-01
7.751969695091247559e-01
-1.603803932666778564e-01
6.163045167922973633e-01
7.181659936904907227e-01
-1.759518831968307495e-01
6.533389091491699219e-01
6.723280549049377441e-01
-1.929027438163757324e-01
5.409625172615051270e-01
9.031983613967895508e-01
-1.280744969844818115e-01
6.075728535652160645e-01
8.256950378417968750e-01
-1.615080684423446655e-01
6.469039916992187500e-01
7.735767364501953125e-01
-1.745553165674209595e-01
6.768385171890258789e-01
7.240670323371887207e-01
-1.866399645805358887e-01
5.772726535797119141e-01
9.365162849426269531e-01
-1.314700543880462646e-01
6.183731555938720703e-01
9.010473489761352539e-01
-1.570217162370681763e-01
6.433721184730529785e-01
8.729505538940429688e-01
-1.632995009422302246e-01
6.596789956092834473e-01
8.398878574371337891e-01
-1.713060736656188965e-01
