6.819025278091430664e-01
6.140415668487548828e-01
6.074219527363311499e-07
7.385249137878417969e-01
5.199897289276123047e-01
-2.267384715378284454e-02
7.625972032546997070e-01
4.231041967868804932e-01
-4.327380657196044922e-02
7.583562135696411133e-01
3.332838118076324463e-01
-5.805817618966102600e-02
7.586505413055419922e-01
2.572993636131286621e-01
-7.352899760007858276e-02
6.804646849632263184e-01
3.813202381134033203e-01
-6.236272305250167847e-02
6.268770694732666016e-01
2.628085017204284668e-01
-8.349288254976272583e-02
5.961199998855590820e-01
1.965507417917251587e-01
-9.179933369159698486e-02
5.726793408393859863e-01
1.457892507314682007e-01
-9.543763846158981323e-02
6.242294907569885254e-01
4.148797690868377686e-01
-6.114743277430534363e-02
5.688356161117553711e-01
2.827154695987701416e-01
-8.152768015861511230e-02
5.423659086227416992e-01
2.051265388727188110e-01
-8.695930242538452148e-02
5.255695581436157227e-01
1.504993587732315063e-01
-8.908322453498840332e-02
5.800433754920959473e-01
4.549040198326110840e-01
-5.858445912599563599e-02
5.313079953193664551e-01
3.332731723785400391e-01
-7.385931164026260376e-02
5.130819082260131836e-01
2.617651820182800293e-01
-7.530162483453750610e-02
5.039093494415283203e-01
2.095399200916290283e-01
-7.514782994985580444e-02
5.492171645164489746e-01
4.949314594268798828e-01
-5.654340237379074097e-02
5.118389129638671875e-01
3.971640169620513916e-01
-6.731268763542175293e-02
5.039076209068298340e-01
3.464671671390533447e-01
-6.433733552694320679e-02
5.031950473785400391e-01
3.086304068565368652e-01
-5.972119420766830444e-02
