3.496945500373840332e-01
7.668931484222412109e-01
-1.485260412437128252e-07
3.191818594932556152e-01
7.744510769844055176e-01
-2.039423212409019470e-02
2.959125638008117676e-01
7.854342460632324219e-01
-3.595592454075813293e-02
2.752846181392669678e-01
7.970632910728454590e-01
-5.080084502696990967e-02
2.534232139587402344e-01
8.089513778686523438e-01
-6.640984117984771729e-02
3.407788872718811035e-01
8.150457143783569336e-01
-2.676037326455116272e-02
3.472140133380889893e-01
8.169324398040771484e-01
-4.665102437138557434e-02
3.587608337402343750e-01
8.088812828063964844e-01
-6.326055526733398438e-02
3.741991817951202393e-01
7.983016371726989746e-01
-7.285934686660766602e-02
3.663709759712219238e-01
8.166686296463012695e-01
-2.420264109969139099e-02
3.799614012241363525e-01
8.196584582328796387e-01
-3.994150459766387939e-02
3.932501077651977539e-01
8.063534498214721680e-01
-5.188593640923500061e-02
4.067921340465545654e-01
7.891527414321899414e-01
-5.994168668985366821e-02
3.861860930919647217e-01
8.137133717536926270e-01
-2.309960313141345978e-02
4.026194214820861816e-01
8.170227408409118652e-01
-3.557907417416572571e-02
4.135549366474151611e-01
8.049920201301574707e-01
-4.162283986806869507e-02
4.237502217292785645e-01
7.905618548393249512e-01
-4.496857151389122009e-02
4.011611938476562500e-01
8.058498501777648926e-01
-2.377930656075477600e-02
4.175292849540710449e-01
8.088167905807495117e-01
-3.030438162386417389e-02
4.279287159442901611e-01
8.043487668037414551e-01
-3.075395338237285614e-02
4.371302723884582520e-01
7.985894680023193359e-01
-3.091900795698165894e-02
