5.583038926124572754e-01
4.961470067501068115e-01
2.735586122071254067e-07
5.847076177597045898e-01
4.550705552101135254e-01
-2.785674668848514557e-02
5.898158550262451172e-01
4.057348370552062988e-01
-4.110366478562355042e-02
5.824390053749084473e-01
3.634172976016998291e-01
-4.880029335618019104e-02
5.805210471153259277e-01
3.301554620265960693e-01
-5.603266507387161255e-02
5.311636924743652344e-01
3.867974877357482910e-01
-3.565710037946701050e-02
5.005027651786804199e-01
3.417468965053558350e-01
-4.838053882122039795e-02
4.765461683273315430e-01
3.158757090568542480e-01
-5.679504945874214172e-02
4.576910734176635742e-01
2.977032959461212158e-01
-6.205895543098449707e-02
5.093142390251159668e-01
4.034352898597717285e-01
-2.571808174252510071e-02
4.796974360942840576e-01
3.584908246994018555e-01
-3.794365376234054565e-02
4.572688341140747070e-01
3.285577297210693359e-01
-4.563238844275474548e-02
4.389888942241668701e-01
3.081469833850860596e-01
-5.023078620433807373e-02
4.961287677288055420e-01
4.200278818607330322e-01
-1.680487208068370819e-02
4.687362015247344971e-01
3.803986907005310059e-01
-2.704669907689094543e-02
4.484468102455139160e-01
3.539181351661682129e-01
-3.209135308861732483e-02
4.314597845077514648e-01
3.338843286037445068e-01
-3.452690690755844116e-02
4.893664121627807617e-01
4.362810552120208740e-01
-9.830579161643981934e-03
4.670290648937225342e-01
4.046114981174468994e-01
-1.811142265796661377e-02
4.509850442409515381e-01
3.828319907188415527e-01
-2.118465304374694824e-02
4.393763542175292969e-01
3.649942278861999512e-01
-2.205599658191204071e-02
