3.466142714023590088e-01
7.405658960342407227e-01
-2.188970569250159315e-07
3.162016570568084717e-01
7.291529774665832520e-01
-2.400012500584125519e-02
2.932800352573394775e-01
7.256605625152587891e-01
-4.313145950436592102e-02
2.712745070457458496e-01
7.249565720558166504e-01
-6.054077669978141785e-02
2.483167946338653564e-01
7.326056957244873047e-01
-7.851368933916091919e-02
3.340962231159210205e-01
7.589267492294311523e-01
-4.027630761265754700e-02
3.403535485267639160e-01
7.426421642303466797e-01
-6.521141529083251953e-02
3.484412431716918945e-01
7.208728790283203125e-01
-8.342379331588745117e-02
3.575082421302795410e-01
6.983576416969299316e-01
-9.340030699968338013e-02
3.624259233474731445e-01
7.675396800041198730e-01
-3.683717921376228333e-02
3.729050755500793457e-01
7.400810718536376953e-01
-5.701243504881858826e-02
3.822546303272247314e-01
7.078087925910949707e-01
-6.930904090404510498e-02
3.904343843460083008e-01
6.813636422157287598e-01
-7.785387337207794189e-02
3.829981684684753418e-01
7.702403664588928223e-01
-3.475360199809074402e-02
3.958023786544799805e-01
7.480545043945312500e-01
-5.168578401207923889e-02
4.057721793651580811e-01
7.197059392929077148e-01
-6.080512702465057373e-02
4.139597117900848389e-01
6.941329836845397949e-01
-6.580646336078643799e-02
3.976211845874786377e-01
7.690103054046630859e-01
-3.441463410854339600e-02
4.111689329147338867e-01
7.535521984100341797e-01
-4.486711323261260986e-02
4.207220077514648438e-01
7.343168854713439941e-01
-4.845309630036354065e-02
4.293133318424224854e-01
7.185824513435363770e-01
-5.063953623175621033e-02
