3.827501237392425537e-01
9.395905137062072754e-01
7.843723324185702950e-07
3.433391451835632324e-01
8.651445508003234863e-01
-1.103421226143836975e-01
3.224786520004272461e-01
8.093355298042297363e-01
-1.959112882614135742e-01
3.000890016555786133e-01
7.885285019874572754e-01
-2.629516720771789551e-01
2.651133537292480469e-01
7.732757329940795898e-01
-3.318717777729034424e-01
4.223628342151641846e-01
8.830146193504333496e-01
-2.250710725784301758e-01
4.906859397888183594e-01
8.277522921562194824e-01
-3.052463233470916748e-01
5.451482534408569336e-01
7.809798717498779297e-01
-3.498840034008026123e-01
5.909405946731567383e-01
7.375493049621582031e-01
-3.775036036968231201e-01
4.746205806732177734e-01
9.376521110534667969e-01
-2.021424323320388794e-01
5.646594762802124023e-01
8.598698377609252930e-01
-2.798360884189605713e-01
6.263897418975830078e-01
7.924559116363525391e-01
-3.164453804492950439e-01
6.732090711593627930e-01
7.286003232002258301e-01
-3.417128920555114746e-01
5.146467685699462891e-01
9.710004925727844238e-01
-1.803381443023681641e-01
5.987276434898376465e-01
9.018853306770324707e-01
-2.456302344799041748e-01
6.562322974205017090e-01
8.299773931503295898e-01
-2.782842814922332764e-01
6.959511041641235352e-01
7.656455039978027344e-01
-2.979981005191802979e-01
5.398924946784973145e-01
9.799690842628479004e-01
-1.647280603647232056e-01
6.076023578643798828e-01
9.476464986801147461e-01
-2.111878097057342529e-01
6.521332263946533203e-01
9.111552834510803223e-01
-2.355686277151107788e-01
6.865333318710327148e-01
8.741618394851684570e-01
-2.528172731399536133e-01
