6.768134832382202148e-01
5.216878652572631836e-01
4.852578854297462385e-07
7.137862443923950195e-01
4.226042926311492920e-01
-2.141216583549976349e-02
7.207671403884887695e-01
3.244852721691131592e-01
-3.917637094855308533e-02
7.046361565589904785e-01
2.429502606391906738e-01
-5.210904031991958618e-02
6.871688961982727051e-01
1.787420809268951416e-01
-6.543252617120742798e-02
6.461240053176879883e-01
3.068544864654541016e-01
-5.687290430068969727e-02
5.786573886871337891e-01
2.105360627174377441e-01
-7.991638034582138062e-02
5.371070504188537598e-01
1.563566178083419800e-01
-9.083957970142364502e-02
5.037227272987365723e-01
1.141450852155685425e-01
-9.652235358953475952e-02
6.000077724456787109e-01
3.470400571823120117e-01
-5.649797245860099792e-02
5.282319784164428711e-01
2.436345219612121582e-01
-7.946436852216720581e-02
4.857352375984191895e-01
1.801808178424835205e-01
-8.964817970991134644e-02
4.538195133209228516e-01
1.321909576654434204e-01
-9.530407935380935669e-02
5.637686252593994141e-01
3.899906873703002930e-01
-5.506708100438117981e-02
5.002129077911376953e-01
2.978401482105255127e-01
-7.210160791873931885e-02
4.645773172378540039e-01
2.372500002384185791e-01
-7.833880931138992310e-02
4.381258487701416016e-01
1.896589696407318115e-01
-8.168140798807144165e-02
5.382975339889526367e-01
4.294028580188751221e-01
-5.433567240834236145e-02
4.940893352031707764e-01
3.571929931640625000e-01
-6.763272732496261597e-02
4.701628684997558594e-01
3.133429288864135742e-01
-6.995316594839096069e-02
4.519569277763366699e-01
2.765630483627319336e-01
-6.928244978189468384e-02
