3.179124891757965088e-01
7.515262365341186523e-01
1.611421112102107145e-07
2.862261235713958740e-01
7.198209762573242188e-01
-1.216647028923034668e-02
2.582148313522338867e-01
6.850541830062866211e-01
-2.353345789015293121e-02
2.315358519554138184e-01
6.611340641975402832e-01
-3.346690535545349121e-02
2.023342400789260864e-01
6.489419937133789062e-01
-4.391945898532867432e-02
2.825550436973571777e-01
6.970504522323608398e-01
-3.063810430467128754e-02
2.836509048938751221e-01
6.687934398651123047e-01
-4.875656217336654663e-02
2.856916785240173340e-01
6.399633288383483887e-01
-6.134274229407310486e-02
2.891660630702972412e-01
6.107810139656066895e-01
-7.062601298093795776e-02
3.134361207485198975e-01
7.000788450241088867e-01
-3.414870798587799072e-02
3.161584138870239258e-01
6.628532409667968750e-01
-4.901268333196640015e-02
3.178973793983459473e-01
6.303061246871948242e-01
-5.654470995068550110e-02
3.195574879646301270e-01
5.982052683830261230e-01
-6.398998945951461792e-02
3.410325348377227783e-01
7.050653100013732910e-01
-3.825689852237701416e-02
3.450480103492736816e-01
6.708765029907226562e-01
-5.451225489377975464e-02
3.465491533279418945e-01
6.400669217109680176e-01
-5.760397017002105713e-02
3.464437425136566162e-01
6.090639233589172363e-01
-6.015427783131599426e-02
3.660719692707061768e-01
7.126517295837402344e-01
-4.293354600667953491e-02
3.726646602153778076e-01
6.874419450759887695e-01
-5.632937327027320862e-02
3.737239241600036621e-01
6.652996540069580078e-01
-5.881590768694877625e-02
3.729932010173797607e-01
6.398847103118896484e-01
-6.137562543153762817e-02
