5.707963705062866211e-01
6.232393383979797363e-01
3.584128478451020783e-07
5.920071005821228027e-01
5.799754261970520020e-01
-2.830264531075954437e-02
5.971583127975463867e-01
5.356146693229675293e-01
-4.535208269953727722e-02
5.912694334983825684e-01
5.039631128311157227e-01
-5.769844725728034973e-02
5.869375467300415039e-01
4.838204979896545410e-01
-6.936098635196685791e-02
5.352637171745300293e-01
5.467329621315002441e-01
-4.371547326445579529e-02
5.038904547691345215e-01
5.173748731613159180e-01
-6.276216357946395874e-02
4.844112992286682129e-01
4.918271899223327637e-01
-7.504174858331680298e-02
4.685534238815307617e-01
4.682210385799407959e-01
-8.244571834802627563e-02
5.134693980216979980e-01
5.630515813827514648e-01
-3.705376759171485901e-02
4.734550118446350098e-01
5.265089273452758789e-01
-5.562106892466545105e-02
4.488593935966491699e-01
4.928982555866241455e-01
-6.706519424915313721e-02
4.306576251983642578e-01
4.644964337348937988e-01
-7.377299666404724121e-02
4.998872876167297363e-01
5.727099180221557617e-01
-3.115146048367023468e-02
4.609911739826202393e-01
5.378687977790832520e-01
-4.667427763342857361e-02
4.393686950206756592e-01
5.044874548912048340e-01
-5.625903978943824768e-02
4.244659543037414551e-01
4.769188165664672852e-01
-6.089827045798301697e-02
4.933247566223144531e-01
5.774278640747070312e-01
-2.711130306124687195e-02
4.635345339775085449e-01
5.477324128150939941e-01
-3.891010954976081848e-02
4.461728334426879883e-01
5.213905572891235352e-01
-4.495862126350402832e-02
4.340776503086090088e-01
4.985114932060241699e-01
-4.763865843415260315e-02
