6.732416152954101562e-01
5.293830633163452148e-01
5.511398626367736142e-07
7.113661766052246094e-01
4.317318797111511230e-01
-2.525145560503005981e-02
7.197530865669250488e-01
3.369106054306030273e-01
-4.573337733745574951e-02
7.040737271308898926e-01
2.546631693840026855e-01
-6.025747582316398621e-02
6.885898709297180176e-01
1.884683072566986084e-01
-7.510320842266082764e-02
6.441926360130310059e-01
3.220189809799194336e-01
-6.432878971099853516e-02
5.763695836067199707e-01
2.239465117454528809e-01
-8.809707313776016235e-02
5.342320203781127930e-01
1.695105582475662231e-01
-9.840619564056396484e-02
5.008021593093872070e-01
1.280707269906997681e-01
-1.032677963376045227e-01
5.982849001884460449e-01
3.607058823108673096e-01
-6.117860600352287292e-02
5.255951881408691406e-01
2.549339532852172852e-01
-8.415761590003967285e-02
4.824604392051696777e-01
1.909648627042770386e-01
-9.310766309499740601e-02
4.511806666851043701e-01
1.424968987703323364e-01
-9.779822826385498047e-02
5.630080103874206543e-01
4.012394845485687256e-01
-5.694113299250602722e-02
4.974864423274993896e-01
3.094726204872131348e-01
-7.388641685247421265e-02
4.616022408008575439e-01
2.503856718540191650e-01
-8.041343837976455688e-02
4.368897974491119385e-01
2.048548161983489990e-01
-8.405242860317230225e-02
5.385279655456542969e-01
4.370542764663696289e-01
-5.353051796555519104e-02
4.931525290012359619e-01
3.667986094951629639e-01
-6.721054017543792725e-02
4.701634347438812256e-01
3.259378373622894287e-01
-7.051797956228256226e-02
4.532170295715332031e-01
2.914529442787170410e-01
-7.052584737539291382e-02
