4.047452509403228760e-01
9.274284839630126953e-01
7.658313450065179495e-08
3.592660427093505859e-01
8.603032827377319336e-01
-1.029441207647323608e-01
3.325011730194091797e-01
8.145112395286560059e-01
-1.851838678121566772e-01
3.096535801887512207e-01
7.987827062606811523e-01
-2.534209191799163818e-01
2.803537249565124512e-01
7.758853435516357422e-01
-3.231030106544494629e-01
4.084895551204681396e-01
9.071124196052551270e-01
-2.036775201559066772e-01
4.842126369476318359e-01
8.480659127235412598e-01
-2.845907807350158691e-01
5.311294794082641602e-01
7.986496686935424805e-01
-3.342072963714599609e-01
5.670025348663330078e-01
7.492598891258239746e-01
-3.647096455097198486e-01
4.610844552516937256e-01
9.579719901084899902e-01
-1.834018677473068237e-01
5.510547161102294922e-01
8.872287869453430176e-01
-2.537809014320373535e-01
6.146290302276611328e-01
8.240675330162048340e-01
-2.890445291996002197e-01
6.659898757934570312e-01
7.583942413330078125e-01
-3.181702196598052979e-01
5.003734230995178223e-01
9.893693327903747559e-01
-1.657642573118209839e-01
5.802454948425292969e-01
9.232896566390991211e-01
-2.222960740327835083e-01
6.416354179382324219e-01
8.604344725608825684e-01
-2.516781389713287354e-01
6.856888532638549805e-01
7.960983514785766602e-01
-2.739954888820648193e-01
5.292432308197021484e-01
1.002120375633239746e+00
-1.550060510635375977e-01
5.920225977897644043e-01
9.687942862510681152e-01
-1.924365013837814331e-01
6.398859024047851562e-01
9.360984563827514648e-01
-2.141305953264236450e-01
6.777676939964294434e-01
9.007247090339660645e-01
-2.342088371515274048e-01
