7.265926599502563477e-01
7.581351995468139648e-01
7.299833555407531094e-07
7.409074306488037109e-01
6.883129477500915527e-01
-5.565154552459716797e-02
7.332751154899597168e-01
6.219351887702941895e-01
-9.122263640165328979e-02
7.232678532600402832e-01
5.638340115547180176e-01
-1.195972934365272522e-01
7.129206657409667969e-01
5.040236115455627441e-01
-1.476682275533676147e-01
6.152943968772888184e-01
6.253179907798767090e-01
-7.053920626640319824e-02
5.485488772392272949e-01
5.690315961837768555e-01
-1.079200133681297302e-01
4.986255764961242676e-01
5.246134400367736816e-01
-1.355512142181396484e-01
4.561411738395690918e-01
4.815579652786254883e-01
-1.546051800251007080e-01
5.867596268653869629e-01
6.582088470458984375e-01
-6.179033592343330383e-02
5.072324872016906738e-01
6.075274944305419922e-01
-9.785860776901245117e-02
4.497053027153015137e-01
5.508055090904235840e-01
-1.245233416557312012e-01
4.010686874389648438e-01
4.944694638252258301e-01
-1.429042518138885498e-01
5.702771544456481934e-01
6.895240545272827148e-01
-5.650413408875465393e-02
4.929514527320861816e-01
6.372274160385131836e-01
-9.034246206283569336e-02
4.400008916854858398e-01
5.817534327507019043e-01
-1.107307523488998413e-01
3.990938663482666016e-01
5.331250429153442383e-01
-1.215554922819137573e-01
5.641554594039916992e-01
7.159300446510314941e-01
-5.532366782426834106e-02
4.988661408424377441e-01
6.683008074760437012e-01
-8.374887704849243164e-02
4.545244872570037842e-01
6.251544952392578125e-01
-9.764829277992248535e-02
4.189975857734680176e-01
5.841541886329650879e-01
-1.046869307756423950e-01
