6.102703213691711426e-01
3.668436408042907715e-01
2.056561925201094709e-07
6.382319927215576172e-01
3.233661949634552002e-01
-1.055611856281757355e-02
6.463455557823181152e-01
2.723767459392547607e-01
-1.823486573994159698e-02
6.433068513870239258e-01
2.281257510185241699e-01
-2.337559685111045837e-02
6.459260582923889160e-01
1.952221244573593140e-01
-2.885662950575351715e-02
6.083229184150695801e-01
2.518027722835540771e-01
-2.763182111084461212e-02
5.806224346160888672e-01
1.970508098602294922e-01
-3.701076284050941467e-02
5.635025501251220703e-01
1.654763072729110718e-01
-4.118205979466438293e-02
5.501281619071960449e-01
1.420045047998428345e-01
-4.356052726507186890e-02
5.841165781021118164e-01
2.652561366558074951e-01
-2.649058774113655090e-02
5.546522736549377441e-01
2.085807919502258301e-01
-3.525381907820701599e-02
5.371519327163696289e-01
1.729908287525177002e-01
-3.876453638076782227e-02
5.248196721076965332e-01
1.464944779872894287e-01
-4.105281457304954529e-02
5.646810531616210938e-01
2.816869020462036133e-01
-2.475980669260025024e-02
5.387396812438964844e-01
2.302819341421127319e-01
-3.094090707600116730e-02
5.254031419754028320e-01
1.992638707160949707e-01
-3.338775783777236938e-02
5.171494483947753906e-01
1.757446229457855225e-01
-3.517296165227890015e-02
5.501332283020019531e-01
2.994797825813293457e-01
-2.343126386404037476e-02
5.296539664268493652e-01
2.630728483200073242e-01
-2.898724749684333801e-02
5.191074013710021973e-01
2.411089688539505005e-01
-3.060992993414402008e-02
5.122320652008056641e-01
2.223887741565704346e-01
-3.095071762800216675e-02
