6.705063581466674805e-01
5.393221378326416016e-01
5.354949621505511459e-07
7.102729082107543945e-01
4.418095648288726807e-01
-2.821025066077709198e-02
7.187534570693969727e-01
3.456098437309265137e-01
-4.968488588929176331e-02
7.023484110832214355e-01
2.631047070026397705e-01
-6.478644907474517822e-02
6.872699260711669922e-01
1.953635960817337036e-01
-8.030224591493606567e-02
6.401790976524353027e-01
3.316274583339691162e-01
-6.682904064655303955e-02
5.727008581161499023e-01
2.307220101356506348e-01
-9.158021211624145508e-02
5.305142998695373535e-01
1.747045069932937622e-01
-1.025892198085784912e-01
4.977071881294250488e-01
1.327567249536514282e-01
-1.079161465167999268e-01
5.943589210510253906e-01
3.718079328536987305e-01
-6.312762200832366943e-02
5.226783752441406250e-01
2.646352052688598633e-01
-8.762752264738082886e-02
4.785333871841430664e-01
1.984658390283584595e-01
-9.798607230186462402e-02
4.459444284439086914e-01
1.492088586091995239e-01
-1.033654287457466125e-01
5.605242848396301270e-01
4.138383567333221436e-01
-5.860168114304542542e-02
4.953558146953582764e-01
3.183514177799224854e-01
-7.690087705850601196e-02
4.579212069511413574e-01
2.565085291862487793e-01
-8.469880372285842896e-02
4.311639666557312012e-01
2.082138359546661377e-01
-8.874212205410003662e-02
5.382595658302307129e-01
4.508720934391021729e-01
-5.509775876998901367e-02
4.890194535255432129e-01
3.812000751495361328e-01
-7.059588283300399780e-02
4.599121809005737305e-01
3.394933342933654785e-01
-7.529301941394805908e-02
4.381496906280517578e-01
3.056894540786743164e-01
-7.584150880575180054e-02
