6.036705970764160156e-01
3.949601650238037109e-01
2.701221433198952582e-07
6.288085579872131348e-01
3.456262052059173584e-01
-1.179238781332969666e-02
6.348825097084045410e-01
2.920179367065429688e-01
-2.060486748814582825e-02
6.304564476013183594e-01
2.463645339012145996e-01
-2.698959596455097198e-02
6.333161592483520508e-01
2.112207710742950439e-01
-3.381018713116645813e-02
5.914419293403625488e-01
2.743187844753265381e-01
-2.834985591471195221e-02
5.651202201843261719e-01
2.193380296230316162e-01
-3.894031420350074768e-02
5.489036440849304199e-01
1.869800686836242676e-01
-4.453360661864280701e-02
5.360407233238220215e-01
1.611842215061187744e-01
-4.813092947006225586e-02
5.665531158447265625e-01
2.904413044452667236e-01
-2.773486822843551636e-02
5.386358499526977539e-01
2.331411987543106079e-01
-3.702111914753913879e-02
5.211908221244812012e-01
1.953983902931213379e-01
-4.201215878129005432e-02
5.082246065139770508e-01
1.663092970848083496e-01
-4.581800848245620728e-02
5.481483340263366699e-01
3.110850751399993896e-01
-2.669559232890605927e-02
5.224651098251342773e-01
2.601542472839355469e-01
-3.406429663300514221e-02
5.071170330047607422e-01
2.269163280725479126e-01
-3.861454129219055176e-02
4.964087903499603271e-01
2.007113695144653320e-01
-4.221653193235397339e-02
5.355372428894042969e-01
3.337714374065399170e-01
-2.608901076018810272e-02
5.156236290931701660e-01
2.983752489089965820e-01
-3.335981443524360657e-02
5.039447546005249023e-01
2.761847078800201416e-01
-3.640006855130195618e-02
4.951859116554260254e-01
2.570031285285949707e-01
-3.799787908792495728e-02
