7.162947654724121094e-01
7.581884860992431641e-01
7.781251269989297725e-07
7.381112575531005859e-01
6.801580190658569336e-01
-5.307775363326072693e-02
7.389737367630004883e-01
5.985052585601806641e-01
-8.969513326883316040e-02
7.333152890205383301e-01
5.292558670043945312e-01
-1.194148510694503784e-01
7.287769913673400879e-01
4.654441177845001221e-01
-1.496978849172592163e-01
6.241287589073181152e-01
5.740701556205749512e-01
-7.397557795047760010e-02
5.614832639694213867e-01
5.071215629577636719e-01
-1.116314604878425598e-01
5.174297690391540527e-01
4.594128131866455078e-01
-1.381761431694030762e-01
4.831960797309875488e-01
4.151918292045593262e-01
-1.554331034421920776e-01
5.926902890205383301e-01
6.172286272048950195e-01
-6.639632582664489746e-02
5.207250118255615234e-01
5.557788610458374023e-01
-1.022890061140060425e-01
4.693590402603149414e-01
5.026928782463073730e-01
-1.271455138921737671e-01
4.279348850250244141e-01
4.549125432968139648e-01
-1.437357962131500244e-01
5.710181593894958496e-01
6.655257940292358398e-01
-6.177738681435585022e-02
5.008642077445983887e-01
6.101380586624145508e-01
-9.223652631044387817e-02
4.525708556175231934e-01
5.593340396881103516e-01
-1.077634319663047791e-01
4.166315197944641113e-01
5.153993964195251465e-01
-1.161469668149948120e-01
5.580385327339172363e-01
7.171508669853210449e-01
-6.109360605478286743e-02
4.961837828159332275e-01
6.758558750152587891e-01
-8.494771271944046021e-02
4.566813409328460693e-01
6.411906480789184570e-01
-9.403672814369201660e-02
4.254117012023925781e-01
6.096867918968200684e-01
-9.801866859197616577e-02
