7.055155038833618164e-01
4.515401124954223633e-01
4.429684565820934949e-07
7.470461130142211914e-01
3.567022979259490967e-01
-9.847752749919891357e-03
7.589603662490844727e-01
2.684136331081390381e-01
-2.208088710904121399e-02
7.483110427856445312e-01
1.888049244880676270e-01
-3.146070986986160278e-02
7.359263300895690918e-01
1.252223104238510132e-01
-4.148053005337715149e-02
6.843497753143310547e-01
2.307207882404327393e-01
-4.025296121835708618e-02
6.283758282661437988e-01
1.341554969549179077e-01
-5.564666539430618286e-02
5.945399403572082520e-01
8.307252824306488037e-02
-6.173624470829963684e-02
5.675508975982666016e-01
4.416263103485107422e-02
-6.452138721942901611e-02
6.392474770545959473e-01
2.633522152900695801e-01
-4.273663088679313660e-02
5.769906640052795410e-01
1.593169569969177246e-01
-5.868448689579963684e-02
5.431441068649291992e-01
1.000317335128784180e-01
-6.377389281988143921e-02
5.209228992462158203e-01
5.933868885040283203e-02
-6.601175665855407715e-02
6.039611101150512695e-01
3.053858876228332520e-01
-4.354273527860641479e-02
5.445855855941772461e-01
2.168057858943939209e-01
-5.490192025899887085e-02
5.176079273223876953e-01
1.637207865715026855e-01
-5.630674213171005249e-02
5.019979476928710938e-01
1.261278688907623291e-01
-5.645727738738059998e-02
5.802999138832092285e-01
3.492539525032043457e-01
-4.406554996967315674e-02
5.370393991470336914e-01
2.760380506515502930e-01
-5.182506144046783447e-02
5.178468227386474609e-01
2.352327853441238403e-01
-4.974987357854843140e-02
5.064003467559814453e-01
2.025813460350036621e-01
-4.614758491516113281e-02
