6.975994706153869629e-01
5.621730685234069824e-01
6.151881848381890450e-07
7.410084009170532227e-01
4.671394824981689453e-01
-2.993567846715450287e-02
7.534395456314086914e-01
3.626548051834106445e-01
-5.233116075396537781e-02
7.420293688774108887e-01
2.728729546070098877e-01
-6.755004823207855225e-02
7.284799218177795410e-01
1.995224356651306152e-01
-8.313424885272979736e-02
6.751222014427185059e-01
3.393799364566802979e-01
-7.183362543582916260e-02
6.085551381111145020e-01
2.289904505014419556e-01
-9.744724631309509277e-02
5.692193508148193359e-01
1.668727248907089233e-01
-1.088267117738723755e-01
5.385301113128662109e-01
1.183773726224899292e-01
-1.141737326979637146e-01
6.242451071739196777e-01
3.821769952774047852e-01
-6.749439984560012817e-02
5.540094375610351562e-01
2.607044875621795654e-01
-9.338985383510589600e-02
5.139357447624206543e-01
1.847223043441772461e-01
-1.044458374381065369e-01
4.846460521221160889e-01
1.280592679977416992e-01
-1.101576313376426697e-01
5.846170783042907715e-01
4.257339239120483398e-01
-6.218195706605911255e-02
5.209719538688659668e-01
3.146179318428039551e-01
-8.257526904344558716e-02
4.877378344535827637e-01
2.463685721158981323e-01
-9.147334843873977661e-02
4.645993113517761230e-01
1.948471963405609131e-01
-9.561301022768020630e-02
5.585868954658508301e-01
4.633079171180725098e-01
-5.770897492766380310e-02
5.149028897285461426e-01
3.731322288513183594e-01
-7.422453165054321289e-02
4.926409125328063965e-01
3.239859938621520996e-01
-7.882092893123626709e-02
4.766193628311157227e-01
2.854584157466888428e-01
-7.913386821746826172e-02
