3.973160088062286377e-01
9.748919010162353516e-01
9.012935606733663008e-07
3.554416000843048096e-01
8.944154381752014160e-01
-8.254788815975189209e-02
3.320096135139465332e-01
8.302854895591735840e-01
-1.488981693983078003e-01
3.056821823120117188e-01
7.920974493026733398e-01
-2.005964219570159912e-01
2.684913873672485352e-01
7.622386813163757324e-01
-2.550533711910247803e-01
4.208597838878631592e-01
8.821819424629211426e-01
-1.819773018360137939e-01
4.914232790470123291e-01
8.214876651763916016e-01
-2.444592714309692383e-01
5.432844161987304688e-01
7.713434100151062012e-01
-2.784152626991271973e-01
5.878518223762512207e-01
7.250984311103820801e-01
-2.988217473030090332e-01
4.696177542209625244e-01
9.398094415664672852e-01
-1.659967601299285889e-01
5.595551133155822754e-01
8.578363060951232910e-01
-2.261485308408737183e-01
6.216042041778564453e-01
7.874425649642944336e-01
-2.522493302822113037e-01
6.696573495864868164e-01
7.275383472442626953e-01
-2.695256769657135010e-01
5.082671642303466797e-01
9.727304577827453613e-01
-1.498309820890426636e-01
5.903002619743347168e-01
8.965607285499572754e-01
-1.995805352926254272e-01
6.470302939414978027e-01
8.275581598281860352e-01
-2.227429598569869995e-01
6.898401379585266113e-01
7.695051431655883789e-01
-2.357327789068222046e-01
5.363996624946594238e-01
9.821630716323852539e-01
-1.379791945219039917e-01
6.024248600006103516e-01
9.381177425384521484e-01
-1.772654801607131958e-01
6.453322768211364746e-01
8.980709910392761230e-01
-1.953617185354232788e-01
6.797146797180175781e-01
8.585339188575744629e-01
-2.063976526260375977e-01
