6.042842268943786621e-01
4.733226299285888672e-01
2.690391340820497135e-07
6.286990046501159668e-01
4.270159602165222168e-01
-1.739515736699104309e-02
6.349718570709228516e-01
3.771669268608093262e-01
-2.773855999112129211e-02
6.312301158905029297e-01
3.367374539375305176e-01
-3.512939438223838806e-02
6.319814324378967285e-01
3.038927018642425537e-01
-4.251273721456527710e-02
5.837459564208984375e-01
3.642330169677734375e-01
-2.815806306898593903e-02
5.558986067771911621e-01
3.180025219917297363e-01
-4.038242995738983154e-02
5.394036769866943359e-01
2.883504927158355713e-01
-4.800055921077728271e-02
5.271579027175903320e-01
2.638043165206909180e-01
-5.287081748247146606e-02
5.608211159706115723e-01
3.785211145877838135e-01
-2.518576569855213165e-02
5.300109386444091797e-01
3.290569782257080078e-01
-3.642466291785240173e-02
5.105311870574951172e-01
2.945852279663085938e-01
-4.352998733520507812e-02
4.956929683685302734e-01
2.662084400653839111e-01
-4.841360077261924744e-02
5.446951985359191895e-01
3.954737782478332520e-01
-2.267782390117645264e-02
5.169899463653564453e-01
3.494178354740142822e-01
-3.216727450489997864e-02
5.005362033843994141e-01
3.197411298751831055e-01
-3.796332702040672302e-02
4.886094629764556885e-01
2.948250174522399902e-01
-4.164135456085205078e-02
5.337898731231689453e-01
4.133030772209167480e-01
-2.130465023219585419e-02
5.115131139755249023e-01
3.805558979511260986e-01
-2.996683493256568909e-02
4.982671439647674561e-01
3.599379360675811768e-01
-3.399343788623809814e-02
4.887858629226684570e-01
3.422635495662689209e-01
-3.590285032987594604e-02
