6.866819262504577637e-01
6.535066366195678711e-01
6.199429094522201922e-07
7.391011118888854980e-01
5.580663681030273438e-01
-2.775726467370986938e-02
7.619723081588745117e-01
4.556879997253417969e-01
-5.202239751815795898e-02
7.597765326499938965e-01
3.642820417881011963e-01
-7.005056738853454590e-02
7.614772915840148926e-01
2.882226705551147461e-01
-8.918199688196182251e-02
6.818436980247497559e-01
4.247707128524780273e-01
-7.413651794195175171e-02
6.278203129768371582e-01
3.030924201011657715e-01
-1.019252538681030273e-01
5.963771939277648926e-01
2.329240888357162476e-01
-1.143311858177185059e-01
5.732974410057067871e-01
1.771938204765319824e-01
-1.205832138657569885e-01
6.280150413513183594e-01
4.600138366222381592e-01
-7.297046482563018799e-02
5.719600319862365723e-01
3.268080353736877441e-01
-9.941198676824569702e-02
5.425731539726257324e-01
2.424875795841217041e-01
-1.096718013286590576e-01
5.233409404754638672e-01
1.784405410289764404e-01
-1.154785975813865662e-01
5.858616828918457031e-01
4.999512135982513428e-01
-7.069006562232971191e-02
5.360464453697204590e-01
3.792333900928497314e-01
-9.076771140098571777e-02
5.136500597000122070e-01
3.012346625328063965e-01
-9.736853837966918945e-02
5.011945366859436035e-01
2.403389662504196167e-01
-1.008422374725341797e-01
5.557866692543029785e-01
5.396079421043395996e-01
-6.930616497993469238e-02
5.140376091003417969e-01
4.468485713005065918e-01
-8.492580056190490723e-02
4.964619576930999756e-01
3.929581046104431152e-01
-8.732797205448150635e-02
4.860495328903198242e-01
3.499003946781158447e-01
-8.670895546674728394e-02
