6.987976431846618652e-01
4.636891782283782959e-01
4.027187117117136950e-07
7.390211224555969238e-01
3.694147467613220215e-01
-1.122599560767412186e-02
7.502086162567138672e-01
2.785100936889648438e-01
-2.426514029502868652e-02
7.384021282196044922e-01
1.986824870109558105e-01
-3.448571264743804932e-02
7.261110544204711914e-01
1.351180225610733032e-01
-4.553744569420814514e-02
6.791374683380126953e-01
2.450459003448486328e-01
-4.259188473224639893e-02
6.195949912071228027e-01
1.497244685888290405e-01
-5.948382988572120667e-02
5.842076539993286133e-01
9.892854094505310059e-02
-6.652211397886276245e-02
5.562359094619750977e-01
6.111367046833038330e-02
-6.984939426183700562e-02
6.355586051940917969e-01
2.781700789928436279e-01
-4.531049728393554688e-02
5.694334506988525391e-01
1.755918562412261963e-01
-6.156378239393234253e-02
5.333117246627807617e-01
1.176358759403228760e-01
-6.741837412118911743e-02
5.093089342117309570e-01
7.833459973335266113e-02
-7.054518163204193115e-02
6.008502840995788574e-01
3.197408318519592285e-01
-4.654898494482040405e-02
5.398380160331726074e-01
2.303102910518646240e-01
-5.839722231030464172e-02
5.105667114257812500e-01
1.773421764373779297e-01
-6.108271703124046326e-02
4.930960536003112793e-01
1.401560008525848389e-01
-6.245030462741851807e-02
5.759100914001464844e-01
3.628744781017303467e-01
-4.763116687536239624e-02
5.300433039665222168e-01
2.896441221237182617e-01
-5.691079422831535339e-02
5.085894465446472168e-01
2.484991699457168579e-01
-5.655130371451377869e-02
4.947806596755981445e-01
2.159892320632934570e-01
-5.429131537675857544e-02
