6.737780570983886719e-01
5.182623863220214844e-01
5.366529194361646660e-07
7.114487290382385254e-01
4.202841222286224365e-01
-2.446752414107322693e-02
7.192966341972351074e-01
3.234721422195434570e-01
-4.369904100894927979e-02
7.038891911506652832e-01
2.427847385406494141e-01
-5.750755965709686279e-02
6.871520876884460449e-01
1.788408905267715454e-01
-7.190497219562530518e-02
6.433655023574829102e-01
3.083338141441345215e-01
-6.140152737498283386e-02
5.780946016311645508e-01
2.086061984300613403e-01
-8.492289483547210693e-02
5.367438197135925293e-01
1.535352915525436401e-01
-9.633211791515350342e-02
5.031906366348266602e-01
1.114582121372222900e-01
-1.023136451840400696e-01
5.973477363586425781e-01
3.468425869941711426e-01
-5.923433601856231689e-02
5.273445248603820801e-01
2.411353290081024170e-01
-8.058258891105651855e-02
4.848556220531463623e-01
1.780471950769424438e-01
-9.028827399015426636e-02
4.529959559440612793e-01
1.306286156177520752e-01
-9.614913910627365112e-02
5.617628097534179688e-01
3.884558379650115967e-01
-5.607510730624198914e-02
4.981368482112884521e-01
2.963466942310333252e-01
-7.188638299703598022e-02
4.636712074279785156e-01
2.378461658954620361e-01
-7.884220033884048462e-02
4.394015669822692871e-01
1.928953081369400024e-01
-8.340550214052200317e-02
5.369075536727905273e-01
4.263933598995208740e-01
-5.381886661052703857e-02
4.917891919612884521e-01
3.588653206825256348e-01
-6.763410568237304688e-02
4.684836566448211670e-01
3.198577463626861572e-01
-7.110317796468734741e-02
4.513665437698364258e-01
2.874550521373748779e-01
-7.142309844493865967e-02
