6.098253726959228516e-01
5.305563211441040039e-01
2.787651851576811168e-07
6.366203427314758301e-01
4.899662137031555176e-01
-2.565359883010387421e-02
6.452887058258056641e-01
4.455983936786651611e-01
-3.995036706328392029e-02
6.425359845161437988e-01
4.077963232994079590e-01
-4.961974173784255981e-02
6.418285369873046875e-01
3.754225373268127441e-01
-5.888804048299789429e-02
5.918400287628173828e-01
4.388717114925384521e-01
-3.849884867668151855e-02
5.661929845809936523e-01
3.991923928260803223e-01
-5.361312255263328552e-02
5.496600270271301270e-01
3.710620999336242676e-01
-6.286408752202987671e-02
5.374237298965454102e-01
3.464091122150421143e-01
-6.887466460466384888e-02
5.667343735694885254e-01
4.509580433368682861e-01
-3.218340501189231873e-02
5.327258706092834473e-01
4.066988527774810791e-01
-4.625747352838516235e-02
5.129364728927612305e-01
3.730237782001495361e-01
-5.472318455576896667e-02
4.976597130298614502e-01
3.444811105728149414e-01
-6.023008376359939575e-02
5.499064922332763672e-01
4.644172191619873047e-01
-2.675340324640274048e-02
5.175724029541015625e-01
4.245176315307617188e-01
-3.963766619563102722e-02
4.991610050201416016e-01
3.939650654792785645e-01
-4.722439870238304138e-02
4.856309294700622559e-01
3.678612411022186279e-01
-5.138443410396575928e-02
5.395590662956237793e-01
4.763306975364685059e-01
-2.295298129320144653e-02
5.132142305374145508e-01
4.468930363655090332e-01
-3.460599482059478760e-02
4.971679449081420898e-01
4.249020814895629883e-01
-4.055798053741455078e-02
4.855622947216033936e-01
4.058460891246795654e-01
-4.344003275036811829e-02
