6.004900932312011719e-01
4.571562111377716064e-01
2.612186449368891772e-07
6.257522106170654297e-01
4.135958254337310791e-01
-1.918921619653701782e-02
6.318854689598083496e-01
3.647372126579284668e-01
-2.935829386115074158e-02
6.275018453598022461e-01
3.228655457496643066e-01
-3.635225445032119751e-02
6.295562386512756348e-01
2.889074385166168213e-01
-4.309139773249626160e-02
5.771221518516540527e-01
3.438613712787628174e-01
-2.523118071258068085e-02
5.525656938552856445e-01
2.998901009559631348e-01
-3.656179830431938171e-02
5.368794798851013184e-01
2.724969089031219482e-01
-4.472476989030838013e-02
5.246832370758056641e-01
2.492798268795013428e-01
-5.033881962299346924e-02
5.538353919982910156e-01
3.566714227199554443e-01
-2.128782495856285095e-02
5.262225866317749023e-01
3.084663152694702148e-01
-3.148034587502479553e-02
5.077365040779113770e-01
2.750827372074127197e-01
-3.883650898933410645e-02
4.930251836776733398e-01
2.472386062145233154e-01
-4.426022991538047791e-02
5.377338528633117676e-01
3.735272586345672607e-01
-1.827945001423358917e-02
5.130490064620971680e-01
3.281090557575225830e-01
-2.713369764387607574e-02
4.978302717208862305e-01
2.991748154163360596e-01
-3.307639434933662415e-02
4.864118397235870361e-01
2.757017016410827637e-01
-3.701009228825569153e-02
5.271451473236083984e-01
3.921514749526977539e-01
-1.671613752841949463e-02
5.063118934631347656e-01
3.576563298702239990e-01
-2.474845200777053833e-02
4.939649105072021484e-01
3.358970880508422852e-01
-2.881643548607826233e-02
4.850410223007202148e-01
3.178187310695648193e-01
-3.098590113222599030e-02
