3.817918896675109863e-01
9.651108980178833008e-01
8.084256251095212065e-07
3.429698944091796875e-01
8.842058777809143066e-01
-1.030604168772697449e-01
3.222038447856903076e-01
8.241863250732421875e-01
-1.818569302558898926e-01
3.000094294548034668e-01
7.911749482154846191e-01
-2.432712912559509277e-01
2.677593231201171875e-01
7.687299847602844238e-01
-3.069839179515838623e-01
4.236862063407897949e-01
8.946273922920227051e-01
-2.080953568220138550e-01
4.904275238513946533e-01
8.315865397453308105e-01
-2.842138409614562988e-01
5.437329411506652832e-01
7.829897999763488770e-01
-3.269003033638000488e-01
5.889253616333007812e-01
7.383900880813598633e-01
-3.525168001651763916e-01
4.723844528198242188e-01
9.509987831115722656e-01
-1.860835701227188110e-01
5.628431439399719238e-01
8.650883436203002930e-01
-2.585735023021697998e-01
6.247583627700805664e-01
7.937099933624267578e-01
-2.915100455284118652e-01
6.716233491897583008e-01
7.285510301589965820e-01
-3.131521046161651611e-01
5.098958015441894531e-01
9.836510419845581055e-01
-1.654492914676666260e-01
5.948693156242370605e-01
9.063371419906616211e-01
-2.255489081144332886e-01
6.525780558586120605e-01
8.350819945335388184e-01
-2.533586025238037109e-01
6.954760551452636719e-01
7.740018963813781738e-01
-2.689706981182098389e-01
5.343395471572875977e-01
9.886480569839477539e-01
-1.507918685674667358e-01
6.024670600891113281e-01
9.488330483436584473e-01
-1.941427886486053467e-01
6.482242345809936523e-01
9.106879234313964844e-01
-2.147761881351470947e-01
6.858708858489990234e-01
8.738975524902343750e-01
-2.282120734453201294e-01
