7.417396306991577148e-01
5.670639276504516602e-01
2.711161641855142079e-07
7.648525238037109375e-01
4.721697568893432617e-01
-1.920568943023681641e-02
7.664694190025329590e-01
3.684319853782653809e-01
-3.483135253190994263e-02
7.425032258033752441e-01
2.830159366130828857e-01
-4.497176036238670349e-02
7.115293145179748535e-01
2.234117090702056885e-01
-5.524097010493278503e-02
6.986567378044128418e-01
3.562182188034057617e-01
-5.988878756761550903e-02
6.203210353851318359e-01
2.434310168027877808e-01
-8.210711181163787842e-02
5.746332406997680664e-01
1.902334541082382202e-01
-9.066936373710632324e-02
5.385019183158874512e-01
1.556623727083206177e-01
-9.380763024091720581e-02
6.551947593688964844e-01
3.968586623668670654e-01
-5.902336537837982178e-02
5.695322751998901367e-01
2.792581319808959961e-01
-8.173385262489318848e-02
5.203781127929687500e-01
2.175535261631011963e-01
-9.186609089374542236e-02
4.853489398956298828e-01
1.783655434846878052e-01
-9.771444648504257202e-02
6.198959946632385254e-01
4.400048255920410156e-01
-5.614329129457473755e-02
5.408020615577697754e-01
3.472194075584411621e-01
-7.114706188440322876e-02
4.976458549499511719e-01
2.894903421401977539e-01
-7.715901732444763184e-02
4.681933820247650146e-01
2.510058879852294922e-01
-8.100721985101699829e-02
5.945533514022827148e-01
4.820579290390014648e-01
-5.339891836047172546e-02
5.360698699951171875e-01
4.153468012809753418e-01
-6.389643251895904541e-02
5.053371191024780273e-01
3.780608773231506348e-01
-6.518319994211196899e-02
4.835268855094909668e-01
3.518877029418945312e-01
-6.438007205724716187e-02
