4.014431238174438477e-01
9.313046336174011230e-01
4.078760085235444421e-08
3.597486615180969238e-01
8.649663329124450684e-01
-9.462972730398178101e-02
3.327733874320983887e-01
8.220109343528747559e-01
-1.696782410144805908e-01
3.069683909416198730e-01
8.055337071418762207e-01
-2.320899218320846558e-01
2.764839529991149902e-01
7.778508663177490234e-01
-2.957790791988372803e-01
4.072866439819335938e-01
9.140937924385070801e-01
-1.851938366889953613e-01
4.832769632339477539e-01
8.491433262825012207e-01
-2.595255672931671143e-01
5.311235189437866211e-01
7.973248958587646484e-01
-3.051244616508483887e-01
5.680863857269287109e-01
7.470507621765136719e-01
-3.329163789749145508e-01
4.608162939548492432e-01
9.622278809547424316e-01
-1.664033383131027222e-01
5.521634817123413086e-01
8.841076493263244629e-01
-2.288320958614349365e-01
6.151359081268310547e-01
8.221189975738525391e-01
-2.599631845951080322e-01
6.665076613426208496e-01
7.581495642662048340e-01
-2.860586643218994141e-01
4.999101459980010986e-01
9.917415380477905273e-01
-1.501868814229965210e-01
5.809470415115356445e-01
9.209994673728942871e-01
-2.020141333341598511e-01
6.422550678253173828e-01
8.594067096710205078e-01
-2.293132245540618896e-01
6.882903575897216797e-01
7.952660322189331055e-01
-2.495653778314590454e-01
5.280659794807434082e-01
1.003489494323730469e+00
-1.401833295822143555e-01
5.924147963523864746e-01
9.701272845268249512e-01
-1.743626892566680908e-01
6.416140794754028320e-01
9.374142289161682129e-01
-1.933934539556503296e-01
6.817183494567871094e-01
9.021332263946533203e-01
-2.107266336679458618e-01
