5.663553476333618164e-01
6.499221324920654297e-01
3.736314226898684865e-07
5.823135972023010254e-01
6.045827269554138184e-01
-2.352734282612800598e-02
5.812972784042358398e-01
5.617803335189819336e-01
-3.796916827559471130e-02
5.709167718887329102e-01
5.321314334869384766e-01
-4.848349094390869141e-02
5.630927681922912598e-01
5.133791565895080566e-01
-5.816512182354927063e-02
5.246609449386596680e-01
5.751104950904846191e-01
-3.814866766333580017e-02
4.842993319034576416e-01
5.418453812599182129e-01
-5.545264482498168945e-02
4.612613618373870850e-01
5.175005197525024414e-01
-6.557683646678924561e-02
4.437540471553802490e-01
4.965614676475524902e-01
-7.097124308347702026e-02
5.067709684371948242e-01
5.939146876335144043e-01
-3.292223811149597168e-02
4.615595042705535889e-01
5.547088384628295898e-01
-4.998214915394783020e-02
4.336982965469360352e-01
5.236873626708984375e-01
-5.987930297851562500e-02
4.128576815128326416e-01
4.972981214523315430e-01
-6.503480672836303711e-02
4.953725039958953857e-01
6.063113212585449219e-01
-2.823757939040660858e-02
4.546623528003692627e-01
5.682609677314758301e-01
-4.179467633366584778e-02
4.313307702541351318e-01
5.371070504188537598e-01
-4.940484464168548584e-02
4.146395027637481689e-01
5.110467076301574707e-01
-5.267876386642456055e-02
4.894911944866180420e-01
6.131221652030944824e-01
-2.510835044085979462e-02
4.621268212795257568e-01
5.824419260025024414e-01
-3.469245508313179016e-02
4.453199207782745361e-01
5.590184926986694336e-01
-3.871864080429077148e-02
4.329169988632202148e-01
5.391860604286193848e-01
-3.990389406681060791e-02
