7.059385776519775391e-01
7.026469111442565918e-01
8.121052701426378917e-07
7.488077878952026367e-01
6.253591775894165039e-01
-6.869988143444061279e-02
7.619153261184692383e-01
5.441181659698486328e-01
-1.152871251106262207e-01
7.548155784606933594e-01
4.730452597141265869e-01
-1.489285081624984741e-01
7.446485161781311035e-01
4.010025560855865479e-01
-1.830934435129165649e-01
6.606493592262268066e-01
5.486481785774230957e-01
-1.299872696399688721e-01
5.861080884933471680e-01
4.519633650779724121e-01
-1.764246076345443726e-01
5.383744239807128906e-01
3.908897042274475098e-01
-2.001480162143707275e-01
5.021846294403076172e-01
3.418074250221252441e-01
-2.131761759519577026e-01
6.176918148994445801e-01
5.951231718063354492e-01
-1.127106696367263794e-01
5.366064906120300293e-01
4.966346919536590576e-01
-1.574628502130508423e-01
4.889368414878845215e-01
4.244018197059631348e-01
-1.797112077474594116e-01
4.542872309684753418e-01
3.668686747550964355e-01
-1.932604759931564331e-01
5.890540480613708496e-01
6.310989856719970703e-01
-9.621189534664154053e-02
5.151849985122680664e-01
5.463273525238037109e-01
-1.315545439720153809e-01
4.675640761852264404e-01
4.788325726985931396e-01
-1.489996463060379028e-01
4.342303872108459473e-01
4.217210412025451660e-01
-1.586118936538696289e-01
5.706092715263366699e-01
6.557362079620361328e-01
-8.361215889453887939e-02
5.091350078582763672e-01
5.916864871978759766e-01
-1.117919757962226868e-01
4.708724021911621094e-01
5.401786565780639648e-01
-1.257563531398773193e-01
4.435411095619201660e-01
4.946658909320831299e-01
-1.333057284355163574e-01
