3.091810643672943115e-01
7.679393887519836426e-01
2.623490331643552054e-07
2.848942577838897705e-01
7.279354333877563477e-01
-7.914730347692966461e-03
2.613423466682434082e-01
6.800979375839233398e-01
-1.847612671554088593e-02
2.335325777530670166e-01
6.560807228088378906e-01
-2.850500494241714478e-02
2.032660543918609619e-01
6.506875753402709961e-01
-3.933166339993476868e-02
2.853808104991912842e-01
6.769976019859313965e-01
-2.293483354151248932e-02
2.954848408699035645e-01
6.404983401298522949e-01
-3.640621900558471680e-02
3.066007792949676514e-01
6.144359111785888672e-01
-4.668590798974037170e-02
3.185666501522064209e-01
5.903767347335815430e-01
-5.432123690843582153e-02
3.100345730781555176e-01
6.887392997741699219e-01
-2.746603824198246002e-02
3.241333067417144775e-01
6.461075544357299805e-01
-3.652579709887504578e-02
3.355405330657958984e-01
6.161842346191406250e-01
-4.192379489541053772e-02
3.460109531879425049e-01
5.886863470077514648e-01
-4.771739616990089417e-02
3.338791131973266602e-01
7.044066786766052246e-01
-3.213102743029594421e-02
3.474371731281280518e-01
6.630891561508178711e-01
-4.117166250944137573e-02
3.584755063056945801e-01
6.339555382728576660e-01
-4.190788418054580688e-02
3.679389059543609619e-01
6.071734428405761719e-01
-4.322969540953636169e-02
3.562710583209991455e-01
7.224060297012329102e-01
-3.719100356101989746e-02
3.684846162796020508e-01
6.881359815597534180e-01
-4.314628615975379944e-02
3.778352141380310059e-01
6.634700298309326172e-01
-4.153115674853324890e-02
3.865893185138702393e-01
6.390994191169738770e-01
-4.135498777031898499e-02
