7.036348581314086914e-01
6.854657530784606934e-01
8.660061325826973189e-07
7.514297962188720703e-01
6.049407124519348145e-01
-6.423190981149673462e-02
7.651808857917785645e-01
5.157990455627441406e-01
-1.122703701257705688e-01
7.554355859756469727e-01
4.364848434925079346e-01
-1.478296369314193726e-01
7.514348626136779785e-01
3.599245548248291016e-01
-1.844690591096878052e-01
6.751082539558410645e-01
5.202111601829528809e-01
-1.390109658241271973e-01
6.034637689590454102e-01
4.069767892360687256e-01
-1.898001730442047119e-01
5.609381198883056641e-01
3.383301794528961182e-01
-2.131455987691879272e-01
5.269162058830261230e-01
2.825366854667663574e-01
-2.252678126096725464e-01
6.241604089736938477e-01
5.635852813720703125e-01
-1.260300576686859131e-01
5.478653907775878906e-01
4.368054568767547607e-01
-1.763392239809036255e-01
4.991551339626312256e-01
3.522453606128692627e-01
-1.986905485391616821e-01
4.606606960296630859e-01
2.845680415630340576e-01
-2.115442454814910889e-01
5.876080989837646484e-01
5.970420837402343750e-01
-1.128788143396377563e-01
5.162001848220825195e-01
4.802673757076263428e-01
-1.535338312387466431e-01
4.683915078639984131e-01
3.990979492664337158e-01
-1.732280552387237549e-01
4.330123364925384521e-01
3.317800164222717285e-01
-1.838291138410568237e-01
5.622171163558959961e-01
6.190940141677856445e-01
-1.025439575314521790e-01
5.021567344665527344e-01
5.299157500267028809e-01
-1.353958994150161743e-01
4.657309651374816895e-01
4.663726985454559326e-01
-1.514995992183685303e-01
4.389917254447937012e-01
4.111477434635162354e-01
-1.600767523050308228e-01
