7.037121653556823730e-01
4.487677812576293945e-01
4.282362624508095905e-07
7.458480596542358398e-01
3.564629256725311279e-01
-1.177117601037025452e-02
7.572536468505859375e-01
2.662452459335327148e-01
-2.370992302894592285e-02
7.470532655715942383e-01
1.879697740077972412e-01
-3.318727388978004456e-02
7.380146384239196777e-01
1.238930970430374146e-01
-4.316066578030586243e-02
6.838870644569396973e-01
2.288083136081695557e-01
-3.580239415168762207e-02
6.307138204574584961e-01
1.316087394952774048e-01
-5.049288272857666016e-02
5.988841056823730469e-01
8.067914843559265137e-02
-5.706714093685150146e-02
5.734482407569885254e-01
4.246948659420013428e-02
-6.041217222809791565e-02
6.401794552803039551e-01
2.617243826389312744e-01
-3.798325732350349426e-02
5.802002549171447754e-01
1.574060022830963135e-01
-5.277763679623603821e-02
5.474311113357543945e-01
9.742407500743865967e-02
-5.925576016306877136e-02
5.243126153945922852e-01
5.552278459072113037e-02
-6.277522444725036621e-02
6.055908799171447754e-01
3.031380772590637207e-01
-3.910517320036888123e-02
5.488803386688232422e-01
2.138326466083526611e-01
-5.022984743118286133e-02
5.209453105926513672e-01
1.613664627075195312e-01
-5.341280624270439148e-02
5.027866363525390625e-01
1.230417639017105103e-01
-5.501087009906768799e-02
5.812101364135742188e-01
3.453592956066131592e-01
-4.026526585221290588e-02
5.400664806365966797e-01
2.738397121429443359e-01
-4.890981689095497131e-02
5.195618867874145508e-01
2.338801771402359009e-01
-4.856817051768302917e-02
5.058505535125732422e-01
2.021955996751785278e-01
-4.629000276327133179e-02
