6.756479740142822266e-01
5.287412405014038086e-01
4.978647325515339617e-07
7.138156890869140625e-01
4.659620225429534912e-01
-3.468543663620948792e-02
7.280557155609130859e-01
3.964628577232360840e-01
-5.718828365206718445e-02
7.357572317123413086e-01
3.364167213439941406e-01
-7.389607280492782593e-02
7.501977682113647461e-01
2.886057496070861816e-01
-9.082193672657012939e-02
6.529887318611145020e-01
4.037798941135406494e-01
-6.266286969184875488e-02
6.220367550849914551e-01
3.327994644641876221e-01
-8.806748688220977783e-02
6.021301150321960449e-01
2.823475301265716553e-01
-1.030959859490394592e-01
5.858401060104370117e-01
2.368237227201461792e-01
-1.129897683858871460e-01
6.132225990295410156e-01
4.233264923095703125e-01
-5.636201426386833191e-02
5.680183172225952148e-01
3.477890193462371826e-01
-7.844446599483489990e-02
5.417470932006835938e-01
2.913985848426818848e-01
-8.990546315908432007e-02
5.204675197601318359e-01
2.415536046028137207e-01
-9.845444560050964355e-02
5.859248638153076172e-01
4.410870671272277832e-01
-5.100243911147117615e-02
5.412525534629821777e-01
3.732379972934722900e-01
-7.060309499502182007e-02
5.157479047775268555e-01
3.191903233528137207e-01
-8.160829544067382812e-02
4.963450431823730469e-01
2.720317244529724121e-01
-8.839721232652664185e-02
5.689393877983093262e-01
4.550232589244842529e-01
-4.794822260737419128e-02
5.281342267990112305e-01
4.056687355041503906e-01
-6.462970376014709473e-02
5.039752721786499023e-01
3.691846132278442383e-01
-7.326660305261611938e-02
4.861517548561096191e-01
3.355159163475036621e-01
-7.854838669300079346e-02
