3.832465708255767822e-01
7.637416720390319824e-01
1.498455759474381921e-07
3.575271070003509521e-01
7.395895123481750488e-01
-1.250492595136165619e-02
3.304511308670043945e-01
7.162404060363769531e-01
-2.551106549799442291e-02
3.023836016654968262e-01
7.083951830863952637e-01
-3.737536072731018066e-02
2.763891518115997314e-01
7.109875082969665527e-01
-5.060086399316787720e-02
3.600836098194122314e-01
7.349255681037902832e-01
-3.308127820491790771e-02
3.658448755741119385e-01
7.157490253448486328e-01
-4.685106500983238220e-02
3.738065361976623535e-01
7.003206610679626465e-01
-5.682337656617164612e-02
3.841483294963836670e-01
6.835016012191772461e-01
-6.438432633876800537e-02
3.869575560092926025e-01
7.440928220748901367e-01
-3.544462099671363831e-02
3.983950614929199219e-01
7.129114270210266113e-01
-4.394571483135223389e-02
4.074093997478485107e-01
6.910787224769592285e-01
-4.850148037075996399e-02
4.166330397129058838e-01
6.709129810333251953e-01
-5.532531440258026123e-02
4.085988700389862061e-01
7.493898272514343262e-01
-3.781473636627197266e-02
4.205854237079620361e-01
7.220833301544189453e-01
-4.747105017304420471e-02
4.301609396934509277e-01
7.021822333335876465e-01
-4.933084920048713684e-02
4.380355775356292725e-01
6.835998892784118652e-01
-5.252592638134956360e-02
4.246308505535125732e-01
7.544417977333068848e-01
-4.103717580437660217e-02
4.373344779014587402e-01
7.343176007270812988e-01
-4.665371403098106384e-02
4.456031024456024170e-01
7.213695645332336426e-01
-4.525741189718246460e-02
4.526182413101196289e-01
7.077734470367431641e-01
-4.668528959155082703e-02
