6.726996302604675293e-01
5.991562008857727051e-01
5.151501341060793493e-07
7.032303810119628906e-01
5.453987121582031250e-01
-3.280082345008850098e-02
7.185029983520507812e-01
4.822342395782470703e-01
-5.661732330918312073e-02
7.300885915756225586e-01
4.238018393516540527e-01
-7.561722397804260254e-02
7.418179512023925781e-01
3.754976689815521240e-01
-9.500200301408767700e-02
6.475156545639038086e-01
4.852314293384552002e-01
-5.979038774967193604e-02
6.162719726562500000e-01
4.246875047683715820e-01
-8.497840166091918945e-02
5.967091321945190430e-01
3.814763426780700684e-01
-9.975992143154144287e-02
5.802930593490600586e-01
3.422050774097442627e-01
-1.094590649008750916e-01
6.096845865249633789e-01
5.072703957557678223e-01
-5.599113926291465759e-02
5.641089081764221191e-01
4.393895864486694336e-01
-7.934151589870452881e-02
5.349771976470947266e-01
3.853142261505126953e-01
-9.216123819351196289e-02
5.105350613594055176e-01
3.379493355751037598e-01
-1.017360314726829529e-01
5.825376510620117188e-01
5.295727849006652832e-01
-5.348031967878341675e-02
5.347023010253906250e-01
4.674088358879089355e-01
-7.495958358049392700e-02
5.061019659042358398e-01
4.147474765777587891e-01
-8.833564817905426025e-02
4.838557243347167969e-01
3.681312501430511475e-01
-9.675560146570205688e-02
5.643827915191650391e-01
5.486135482788085938e-01
-5.292361974716186523e-02
5.239824652671813965e-01
4.996814727783203125e-01
-7.135698199272155762e-02
4.974713325500488281e-01
4.603762328624725342e-01
-8.229805529117584229e-02
4.765622019767761230e-01
4.232961833477020264e-01
-8.957752585411071777e-02
