7.051137685775756836e-01
4.381147623062133789e-01
4.719176445178163704e-07
7.494388818740844727e-01
3.494463860988616943e-01
-1.542752515524625778e-02
7.643586993217468262e-01
2.614433169364929199e-01
-2.893098816275596619e-02
7.555539608001708984e-01
1.820083260536193848e-01
-3.880183771252632141e-02
7.450069189071655273e-01
1.174269020557403564e-01
-4.917088150978088379e-02
6.903071403503417969e-01
2.213140130043029785e-01
-4.250644147396087646e-02
6.396045088768005371e-01
1.229510307312011719e-01
-5.852263048291206360e-02
6.070407629013061523e-01
7.264368236064910889e-02
-6.574474275112152100e-02
5.809630155563354492e-01
3.578768670558929443e-02
-6.923381984233856201e-02
6.455063819885253906e-01
2.527514100074768066e-01
-4.248965904116630554e-02
5.885467529296875000e-01
1.482906341552734375e-01
-5.699433386325836182e-02
5.561175346374511719e-01
8.903822302818298340e-02
-6.274030357599258423e-02
5.338378548622131348e-01
4.976907372474670410e-02
-6.596434861421585083e-02
6.106503605842590332e-01
2.934307754039764404e-01
-4.155674949288368225e-02
5.565154552459716797e-01
2.073451578617095947e-01
-5.196992307901382446e-02
5.288819074630737305e-01
1.548064500093460083e-01
-5.534121394157409668e-02
5.118951797485351562e-01
1.176062822341918945e-01
-5.740008130669593811e-02
5.859277248382568359e-01
3.365459442138671875e-01
-4.096548259258270264e-02
5.462813973426818848e-01
2.661884129047393799e-01
-4.912641644477844238e-02
5.274695158004760742e-01
2.264813929796218872e-01
-4.916743561625480652e-02
5.159208774566650391e-01
1.942195296287536621e-01
-4.742425307631492615e-02
