3.756792843341827393e-01
8.106196522712707520e-01
-2.334068085474427789e-07
3.402354121208190918e-01
7.977787256240844727e-01
-2.502186223864555359e-02
3.065193295478820801e-01
8.063408732414245605e-01
-4.132447764277458191e-02
2.762041091918945312e-01
8.205060362815856934e-01
-5.502090230584144592e-02
2.486940026283264160e-01
8.390657305717468262e-01
-7.057233154773712158e-02
3.352496027946472168e-01
8.481378555297851562e-01
-4.127499833703041077e-02
3.412085473537445068e-01
8.573630452156066895e-01
-6.352905929088592529e-02
3.560674488544464111e-01
8.550235033035278320e-01
-8.215743303298950195e-02
3.746050000190734863e-01
8.555927872657775879e-01
-9.366138279438018799e-02
3.646325170993804932e-01
8.585188984870910645e-01
-3.799027577042579651e-02
3.818750977516174316e-01
8.597173094749450684e-01
-5.629560351371765137e-02
3.993783593177795410e-01
8.526888489723205566e-01
-7.030934095382690430e-02
4.152456223964691162e-01
8.476777672767639160e-01
-8.123429864645004272e-02
3.893915414810180664e-01
8.586700558662414551e-01
-3.574147075414657593e-02
4.055293500423431396e-01
8.603729009628295898e-01
-5.163944885134696960e-02
4.186050891876220703e-01
8.532885909080505371e-01
-5.825702846050262451e-02
4.295678734779357910e-01
8.476708531379699707e-01
-6.311094760894775391e-02
4.098186194896697998e-01
8.514612317085266113e-01
-3.536441922187805176e-02
4.237601757049560547e-01
8.541828989982604980e-01
-4.669892415404319763e-02
4.339022040367126465e-01
8.507875204086303711e-01
-4.828991740942001343e-02
4.421291351318359375e-01
8.490382432937622070e-01
-4.944802820682525635e-02
