5.660352706909179688e-01
6.388531923294067383e-01
3.550971996446605772e-07
5.842747688293457031e-01
5.937434434890747070e-01
-2.981636300683021545e-02
5.851592421531677246e-01
5.529768466949462891e-01
-4.680199921131134033e-02
5.755711197853088379e-01
5.258393883705139160e-01
-5.881587788462638855e-02
5.710869431495666504e-01
5.052572488784790039e-01
-6.982411444187164307e-02
5.240619182586669922e-01
5.627063512802124023e-01
-4.108838364481925964e-02
4.895268976688385010e-01
5.342136025428771973e-01
-5.880373716354370117e-02
4.684680402278900146e-01
5.109499692916870117e-01
-7.059612870216369629e-02
4.513983428478240967e-01
4.894442856311798096e-01
-7.770862430334091187e-02
5.046465396881103516e-01
5.796027779579162598e-01
-3.302237018942832947e-02
4.637566208839416504e-01
5.450337529182434082e-01
-5.077631026506423950e-02
4.379007816314697266e-01
5.135886073112487793e-01
-6.181875616312026978e-02
4.179444015026092529e-01
4.856699705123901367e-01
-6.798164546489715576e-02
4.932318329811096191e-01
5.901576280593872070e-01
-2.603386156260967255e-02
4.549334645271301270e-01
5.567951798439025879e-01
-4.062306135892868042e-02
4.332823157310485840e-01
5.256247520446777344e-01
-4.885166510939598083e-02
4.176626205444335938e-01
4.980687499046325684e-01
-5.238666757941246033e-02
4.873869717121124268e-01
5.956543087959289551e-01
-2.120833098888397217e-02
4.585800766944885254e-01
5.672384500503540039e-01
-3.136852756142616272e-02
4.415311813354492188e-01
5.441206693649291992e-01
-3.567599132657051086e-02
4.294195473194122314e-01
5.235518217086791992e-01
-3.714457526803016663e-02
