6.972560286521911621e-01
5.027121901512145996e-01
5.447156468108005356e-07
7.407268881797790527e-01
4.081885516643524170e-01
-2.367101609706878662e-02
7.527131438255310059e-01
3.074869513511657715e-01
-4.127439111471176147e-02
7.399922609329223633e-01
2.227766811847686768e-01
-5.239407718181610107e-02
7.269325852394104004e-01
1.566473245620727539e-01
-6.380498409271240234e-02
6.804165244102478027e-01
2.895102798938751221e-01
-6.486067920923233032e-02
6.176586151123046875e-01
1.793263405561447144e-01
-8.630409091711044312e-02
5.802646279335021973e-01
1.198733448982238770e-01
-9.459176659584045410e-02
5.511636734008789062e-01
7.460847496986389160e-02
-9.783219546079635620e-02
6.316090822219848633e-01
3.277459442615509033e-01
-6.103544309735298157e-02
5.653414726257324219e-01
2.085511088371276855e-01
-8.196744322776794434e-02
5.264267921447753906e-01
1.377300471067428589e-01
-8.964502811431884766e-02
4.985827505588531494e-01
8.833387494087219238e-02
-9.361709654331207275e-02
5.947204828262329102e-01
3.671608567237854004e-01
-5.569444969296455383e-02
5.346395969390869141e-01
2.631266117095947266e-01
-7.124523818492889404e-02
5.006870031356811523e-01
1.998314261436462402e-01
-7.830031961202621460e-02
4.767947494983673096e-01
1.548294126987457275e-01
-8.202734589576721191e-02
5.698608160018920898e-01
4.009506106376647949e-01
-5.083925649523735046e-02
5.290734767913818359e-01
3.136481046676635742e-01
-6.363634020090103149e-02
5.065575838088989258e-01
2.661352753639221191e-01
-6.771864742040634155e-02
4.894345104694366455e-01
2.295151203870773315e-01
-6.835412979125976562e-02
