6.795005202293395996e-01
5.874562263488769531e-01
5.224429742156644352e-07
7.304486632347106934e-01
4.934520423412322998e-01
-1.509986165910959244e-02
7.506294846534729004e-01
3.985990881919860840e-01
-3.131142258644104004e-02
7.443506121635437012e-01
3.107998073101043701e-01
-4.423468559980392456e-02
7.436756491661071777e-01
2.394343316555023193e-01
-5.783112719655036926e-02
6.751036047935485840e-01
3.556683063507080078e-01
-4.612332582473754883e-02
6.213247179985046387e-01
2.429106831550598145e-01
-6.503264605998992920e-02
5.905169248580932617e-01
1.822868138551712036e-01
-7.324147224426269531e-02
5.664650797843933105e-01
1.362070292234420776e-01
-7.711044698953628540e-02
6.248599886894226074e-01
3.849810659885406494e-01
-4.817303270101547241e-02
5.688225626945495605e-01
2.602005004882812500e-01
-6.597776710987091064e-02
5.395631790161132812e-01
1.886729598045349121e-01
-7.227310538291931152e-02
5.215048789978027344e-01
1.390996724367141724e-01
-7.548246532678604126e-02
5.840214490890502930e-01
4.221863746643066406e-01
-4.924910515546798706e-02
5.348046422004699707e-01
3.090275526046752930e-01
-6.220094487071037292e-02
5.118744373321533203e-01
2.436847090721130371e-01
-6.499639898538589478e-02
4.995098710060119629e-01
1.968566626310348511e-01
-6.625048071146011353e-02
5.526219010353088379e-01
4.618033170700073242e-01
-5.054054036736488342e-02
5.142750740051269531e-01
3.691059947013854980e-01
-6.023439764976501465e-02
4.988079369068145752e-01
3.191970288753509521e-01
-5.928169190883636475e-02
4.898992776870727539e-01
2.793399691581726074e-01
-5.649375542998313904e-02
