3.970041871070861816e-01
9.244478344917297363e-01
6.161341303823064663e-08
3.513480126857757568e-01
8.615644574165344238e-01
-1.041214242577552795e-01
3.237348198890686035e-01
8.204359412193298340e-01
-1.862615495920181274e-01
3.023459315299987793e-01
8.074590563774108887e-01
-2.535240054130554199e-01
2.808600962162017822e-01
7.767328619956970215e-01
-3.214062452316284180e-01
3.966345489025115967e-01
9.202627539634704590e-01
-2.053884267807006836e-01
4.751474857330322266e-01
8.640568256378173828e-01
-2.872453331947326660e-01
5.235977172851562500e-01
8.078340888023376465e-01
-3.360897600650787354e-01
5.583226680755615234e-01
7.509599924087524414e-01
-3.653359711170196533e-01
4.502402842044830322e-01
9.662376642227172852e-01
-1.843153983354568481e-01
5.431094765663146973e-01
9.021973013877868652e-01
-2.571630179882049561e-01
6.085848808288574219e-01
8.371859788894653320e-01
-2.932488918304443359e-01
6.590224504470825195e-01
7.697224617004394531e-01
-3.219619691371917725e-01
4.915592968463897705e-01
9.926484823226928711e-01
-1.657914370298385620e-01
5.734218358993530273e-01
9.348012208938598633e-01
-2.240941524505615234e-01
6.363744735717773438e-01
8.726680874824523926e-01
-2.533841729164123535e-01
6.812883019447326660e-01
8.080839514732360840e-01
-2.746241986751556396e-01
5.230987668037414551e-01
1.001920342445373535e+00
-1.540675312280654907e-01
5.887062549591064453e-01
9.717926979064941406e-01
-1.935192048549652100e-01
6.374472975730895996e-01
9.380680322647094727e-01
-2.154172956943511963e-01
6.763480901718139648e-01
9.012178778648376465e-01
-2.345926463603973389e-01
