5.953368544578552246e-01
3.844094276428222656e-01
1.787693548749302863e-07
6.247226595878601074e-01
3.411770164966583252e-01
-1.241264212876558304e-02
6.341699361801147461e-01
2.882857024669647217e-01
-1.802672445774078369e-02
6.339343190193176270e-01
2.454822957515716553e-01
-2.134261652827262878e-02
6.358388662338256836e-01
2.146723568439483643e-01
-2.435646764934062958e-02
5.875697135925292969e-01
2.595793008804321289e-01
-1.430424023419618607e-02
5.648301243782043457e-01
2.153547257184982300e-01
-2.114122919738292694e-02
5.485552549362182617e-01
1.888063251972198486e-01
-2.707215957343578339e-02
5.347478985786437988e-01
1.683134138584136963e-01
-3.159939497709274292e-02
5.658091306686401367e-01
2.726357877254486084e-01
-1.192849967628717422e-02
5.455205440521240234e-01
2.263914942741394043e-01
-1.816373690962791443e-02
5.314611196517944336e-01
1.962455809116363525e-01
-2.384412102401256561e-02
5.192476511001586914e-01
1.714070737361907959e-01
-2.843446284532546997e-02
5.494833588600158691e-01
2.888019084930419922e-01
-1.021992228925228119e-02
5.328540802001953125e-01
2.449340522289276123e-01
-1.570928655564785004e-02
5.223299860954284668e-01
2.182619273662567139e-01
-1.928202249109745026e-02
5.132480859756469727e-01
1.965636312961578369e-01
-2.204495295882225037e-02
5.379733443260192871e-01
3.061165511608123779e-01
-9.528982453048229218e-03
5.257870554924011230e-01
2.704189717769622803e-01
-1.456620730459690094e-02
5.182923078536987305e-01
2.498240470886230469e-01
-1.631599105894565582e-02
5.119825601577758789e-01
2.320279479026794434e-01
-1.705456152558326721e-02
