7.049558162689208984e-01
4.514032006263732910e-01
4.492291907354228897e-07
7.465394735336303711e-01
3.561241328716278076e-01
-9.628096595406532288e-03
7.590732574462890625e-01
2.674892246723175049e-01
-2.151596918702125549e-02
7.487000823020935059e-01
1.877877712249755859e-01
-3.070724941790103912e-02
7.359458208084106445e-01
1.241943538188934326e-01
-4.047027975320816040e-02
6.840192079544067383e-01
2.298466861248016357e-01
-3.829832747578620911e-02
6.284087300300598145e-01
1.340857744216918945e-01
-5.300773307681083679e-02
5.941965579986572266e-01
8.359840512275695801e-02
-5.891752243041992188e-02
5.669679045677185059e-01
4.528497159481048584e-02
-6.164189428091049194e-02
6.387699842453002930e-01
2.621800899505615234e-01
-4.080156981945037842e-02
5.766927003860473633e-01
1.580515056848526001e-01
-5.514771491289138794e-02
5.427677035331726074e-01
9.958100318908691406e-02
-5.961964279413223267e-02
5.208290815353393555e-01
5.977348983287811279e-02
-6.170235201716423035e-02
6.035205721855163574e-01
3.041624724864959717e-01
-4.177794232964515686e-02
5.448126792907714844e-01
2.162768691778182983e-01
-5.184600129723548889e-02
5.174849033355712891e-01
1.644940525293350220e-01
-5.303352326154708862e-02
5.019803047180175781e-01
1.284241378307342529e-01
-5.335439741611480713e-02
5.795163512229919434e-01
3.478533625602722168e-01
-4.256939888000488281e-02
5.365071892738342285e-01
2.755753099918365479e-01
-4.947354272007942200e-02
5.172987580299377441e-01
2.358518838882446289e-01
-4.717975854873657227e-02
5.062710642814636230e-01
2.041656672954559326e-01
-4.362754896283149719e-02
