6.772680282592773438e-01
5.114513039588928223e-01
5.490309717970376369e-07
7.132363319396972656e-01
4.165197312831878662e-01
-2.514103986322879791e-02
7.205731868743896484e-01
3.201917409896850586e-01
-4.412234202027320862e-02
7.021952867507934570e-01
2.391992211341857910e-01
-5.718097090721130371e-02
6.838631033897399902e-01
1.765367686748504639e-01
-7.058388739824295044e-02
6.455069780349731445e-01
3.035261929035186768e-01
-6.222200021147727966e-02
5.766142010688781738e-01
2.023034244775772095e-01
-8.395221829414367676e-02
5.351417660713195801e-01
1.502286046743392944e-01
-9.326642006635665894e-02
5.031996965408325195e-01
1.119875609874725342e-01
-9.726188331842422485e-02
6.004648804664611816e-01
3.427301347255706787e-01
-5.807890370488166809e-02
5.266540050506591797e-01
2.360762655735015869e-01
-7.690636813640594482e-02
4.829716682434082031e-01
1.765353977680206299e-01
-8.451035618782043457e-02
4.517856836318969727e-01
1.349213868379592896e-01
-8.888854831457138062e-02
5.671287178993225098e-01
3.850330114364624023e-01
-5.287854373455047607e-02
5.013846158981323242e-01
2.944706380367279053e-01
-6.644761562347412109e-02
4.618251025676727295e-01
2.393591105937957764e-01
-7.339233160018920898e-02
4.344446063041687012e-01
1.994652152061462402e-01
-7.810257375240325928e-02
5.442968606948852539e-01
4.241737425327301025e-01
-4.851156100630760193e-02
4.970108866691589355e-01
3.588638007640838623e-01
-6.061984226107597351e-02
4.690563976764678955e-01
3.216099143028259277e-01
-6.459964066743850708e-02
4.480179846286773682e-01
2.915958166122436523e-01
-6.539592891931533813e-02
