7.116267681121826172e-01
7.550525665283203125e-01
9.647967544879065827e-07
7.508544921875000000e-01
6.691737174987792969e-01
-6.842528283596038818e-02
7.597416639328002930e-01
5.801528692245483398e-01
-1.154459267854690552e-01
7.516063451766967773e-01
5.008660554885864258e-01
-1.503548771142959595e-01
7.356437444686889648e-01
4.256186485290527344e-01
-1.865401268005371094e-01
6.522030830383300781e-01
5.740705728530883789e-01
-1.245372369885444641e-01
5.773650407791137695e-01
4.830189347267150879e-01
-1.732681393623352051e-01
5.290874242782592773e-01
4.193144440650939941e-01
-2.010734975337982178e-01
4.925389289855957031e-01
3.653995990753173828e-01
-2.164872288703918457e-01
6.114034652709960938e-01
6.258680820465087891e-01
-1.077294796705245972e-01
5.322694182395935059e-01
5.333086252212524414e-01
-1.543678492307662964e-01
4.807707965373992920e-01
4.554494619369506836e-01
-1.795503199100494385e-01
4.415697455406188965e-01
3.903577327728271484e-01
-1.947755664587020874e-01
5.840629935264587402e-01
6.685852408409118652e-01
-9.211996197700500488e-02
5.099172592163085938e-01
5.859141349792480469e-01
-1.284602433443069458e-01
4.603297710418701172e-01
5.143309831619262695e-01
-1.471492201089859009e-01
4.256424903869628906e-01
4.528093636035919189e-01
-1.570153981447219849e-01
5.666304826736450195e-01
7.006282210350036621e-01
-8.055729418992996216e-02
5.045382976531982422e-01
6.323752999305725098e-01
-1.085635796189308167e-01
4.653683602809906006e-01
5.743954777717590332e-01
-1.225439682602882385e-01
4.370891451835632324e-01
5.225937366485595703e-01
-1.296605914831161499e-01
