3.653805255889892578e-01
8.007078766822814941e-01
-1.703815399878294556e-07
3.314521312713623047e-01
7.952147126197814941e-01
-2.335829287767410278e-02
3.016729950904846191e-01
8.060311675071716309e-01
-3.810634091496467590e-02
2.738645374774932861e-01
8.205956220626831055e-01
-5.109493434429168701e-02
2.482048571109771729e-01
8.370243906974792480e-01
-6.544570624828338623e-02
3.393921256065368652e-01
8.500462770462036133e-01
-3.149269521236419678e-02
3.447061777114868164e-01
8.569957613945007324e-01
-5.118767544627189636e-02
3.571111261844635010e-01
8.546364307403564453e-01
-6.809163838624954224e-02
3.732519745826721191e-01
8.534107804298400879e-01
-7.839519530534744263e-02
3.672021925449371338e-01
8.588422536849975586e-01
-2.788506262004375458e-02
3.836836218833923340e-01
8.589661121368408203e-01
-4.307536780834197998e-02
3.986569643020629883e-01
8.496689796447753906e-01
-5.449413508176803589e-02
4.129265248775482178e-01
8.420617580413818359e-01
-6.320027261972427368e-02
3.894550800323486328e-01
8.581733107566833496e-01
-2.591141313314437866e-02
4.070441126823425293e-01
8.591883778572082520e-01
-3.917983174324035645e-02
4.188815951347351074e-01
8.499217629432678223e-01
-4.426392540335655212e-02
4.291376769542694092e-01
8.423653244972229004e-01
-4.777296259999275208e-02
4.073215425014495850e-01
8.508778214454650879e-01
-2.597423270344734192e-02
4.220449626445770264e-01
8.528264164924621582e-01
-3.457801416516304016e-02
4.321314990520477295e-01
8.478987216949462891e-01
-3.480204567313194275e-02
4.406712651252746582e-01
8.446134328842163086e-01
-3.488134220242500305e-02
