3.925015926361083984e-01
7.732783555984497070e-01
-2.573446522546873894e-07
3.605206608772277832e-01
7.585445642471313477e-01
-2.409076504409313202e-02
3.265626430511474609e-01
7.371716499328613281e-01
-4.134867340326309204e-02
2.958157658576965332e-01
7.213538885116577148e-01
-5.517058447003364563e-02
2.634757161140441895e-01
7.164366841316223145e-01
-6.824702769517898560e-02
3.530244231224060059e-01
7.495721578598022461e-01
-5.040136352181434631e-02
3.620474934577941895e-01
7.625433802604675293e-01
-7.838112860918045044e-02
3.663550019264221191e-01
7.776393890380859375e-01
-9.562427550554275513e-02
3.692242205142974854e-01
7.903527617454528809e-01
-1.048496440052986145e-01
3.850152194499969482e-01
7.502871751785278320e-01
-4.837627336382865906e-02
3.935910463333129883e-01
7.595080733299255371e-01
-7.380904257297515869e-02
3.995190262794494629e-01
7.809360027313232422e-01
-8.296888321638107300e-02
4.048702716827392578e-01
7.997146844863891602e-01
-8.906656503677368164e-02
4.111442863941192627e-01
7.475575208663940430e-01
-4.714591056108474731e-02
4.195245802402496338e-01
7.546959519386291504e-01
-7.380377501249313354e-02
4.239172935485839844e-01
7.762799859046936035e-01
-7.488590478897094727e-02
4.274726510047912598e-01
7.967643737792968750e-01
-7.250092178583145142e-02
4.287563860416412354e-01
7.438624501228332520e-01
-4.712041467428207397e-02
4.395796656608581543e-01
7.492949962615966797e-01
-6.726145744323730469e-02
4.432590901851654053e-01
7.715182900428771973e-01
-6.699267029762268066e-02
4.467138051986694336e-01
7.912589311599731445e-01
-6.456967443227767944e-02
