6.974548101425170898e-01
3.726934492588043213e-01
5.540920255953096785e-07
7.360333204269409180e-01
3.010049760341644287e-01
-2.358207479119300842e-02
7.533769607543945312e-01
2.228672504425048828e-01
-4.243347793817520142e-02
7.590582966804504395e-01
1.539132148027420044e-01
-5.747487768530845642e-02
7.721468806266784668e-01
1.020131185650825500e-01
-7.406201958656311035e-02
6.873019337654113770e-01
2.010502666234970093e-01
-5.523588880896568298e-02
6.593530774116516113e-01
1.101344302296638489e-01
-7.911033928394317627e-02
6.380972266197204590e-01
5.218778550624847412e-02
-9.284661710262298584e-02
6.203599572181701660e-01
4.691272974014282227e-03
-1.016944125294685364e-01
6.457152962684631348e-01
2.224495708942413330e-01
-5.511761456727981567e-02
6.047141551971435547e-01
1.289694905281066895e-01
-7.672070711851119995e-02
5.795366168022155762e-01
6.599040329456329346e-02
-8.941094577312469482e-02
5.594518184661865234e-01
1.386061310768127441e-02
-9.854567050933837891e-02
6.133915185928344727e-01
2.517599761486053467e-01
-5.452056974172592163e-02
5.737732648849487305e-01
1.722597181797027588e-01
-7.294885069131851196e-02
5.510677695274353027e-01
1.169577986001968384e-01
-8.356212079524993896e-02
5.345732569694519043e-01
7.089625298976898193e-02
-9.084356576204299927e-02
5.903511047363281250e-01
2.837682962417602539e-01
-5.489986017346382141e-02
5.571589469909667969e-01
2.264851927757263184e-01
-7.159085571765899658e-02
5.385750532150268555e-01
1.890209019184112549e-01
-7.870265841484069824e-02
5.250464081764221191e-01
1.549742817878723145e-01
-8.258222788572311401e-02
