7.155634760856628418e-01
7.121484279632568359e-01
7.382341777883993927e-07
7.600136995315551758e-01
6.061747670173645020e-01
-3.293175622820854187e-02
7.722813487052917480e-01
4.992683827877044678e-01
-6.292074173688888550e-02
7.617030739784240723e-01
4.058596789836883545e-01
-8.430270850658416748e-02
7.530496716499328613e-01
3.302530348300933838e-01
-1.071665138006210327e-01
7.008504271507263184e-01
5.028204321861267090e-01
-1.010320633649826050e-01
6.250819563865661621e-01
3.786407113075256348e-01
-1.345029771327972412e-01
5.823698639869689941e-01
3.098284602165222168e-01
-1.462924927473068237e-01
5.504713058471679688e-01
2.580826282501220703e-01
-1.505988836288452148e-01
6.444386243820190430e-01
5.510917305946350098e-01
-9.737519919872283936e-02
5.639075040817260742e-01
4.089038968086242676e-01
-1.291702687740325928e-01
5.217160582542419434e-01
3.233813047409057617e-01
-1.380008757114410400e-01
4.934596717357635498e-01
2.610981464385986328e-01
-1.417698115110397339e-01
5.982186794281005859e-01
5.959402322769165039e-01
-9.142375737428665161e-02
5.267289280891418457e-01
4.651206731796264648e-01
-1.151444017887115479e-01
4.927224218845367432e-01
3.831863105297088623e-01
-1.224499791860580444e-01
4.723126590251922607e-01
3.226115107536315918e-01
-1.258525252342224121e-01
5.648688673973083496e-01
6.322696208953857422e-01
-8.592525869607925415e-02
5.103580951690673828e-01
5.340076088905334473e-01
-1.054992303252220154e-01
4.848095774650573730e-01
4.747669696807861328e-01
-1.104612350463867188e-01
4.677909910678863525e-01
4.275135099887847900e-01
-1.110805198550224304e-01
