7.024118304252624512e-01
4.804304242134094238e-01
4.930899422106449492e-07
7.465028762817382812e-01
3.865220546722412109e-01
-1.493054442107677460e-02
7.580171227455139160e-01
2.885620892047882080e-01
-2.823729813098907471e-02
7.461919188499450684e-01
2.059989124536514282e-01
-3.702779859304428101e-02
7.344948649406433105e-01
1.402493715286254883e-01
-4.615922644734382629e-02
6.855115294456481934e-01
2.589105665683746338e-01
-4.971457645297050476e-02
6.245957612991333008e-01
1.545805037021636963e-01
-6.720590591430664062e-02
5.891423821449279785e-01
9.814380109310150146e-02
-7.293278723955154419e-02
5.622478723526000977e-01
5.596682429313659668e-02
-7.471084594726562500e-02
6.383324861526489258e-01
2.944160401821136475e-01
-4.967329651117324829e-02
5.721206665039062500e-01
1.807042956352233887e-01
-6.893099844455718994e-02
5.359869003295898438e-01
1.151801943778991699e-01
-7.451348006725311279e-02
5.113850831985473633e-01
6.974060833454132080e-02
-7.607351988554000854e-02
6.001772880554199219e-01
3.360692262649536133e-01
-4.789710417389869690e-02
5.401887893676757812e-01
2.378496527671813965e-01
-6.212753430008888245e-02
5.096750259399414062e-01
1.783655583858489990e-01
-6.512746214866638184e-02
4.894015192985534668e-01
1.349099725484848022e-01
-6.536560505628585815e-02
5.731738805770874023e-01
3.774634301662445068e-01
-4.598292708396911621e-02
5.347058176994323730e-01
2.956286072731018066e-01
-5.556593835353851318e-02
5.158428549766540527e-01
2.500403523445129395e-01
-5.473430454730987549e-02
5.039424896240234375e-01
2.145147025585174561e-01
-5.148501321673393250e-02
