7.461476922035217285e-01
6.197822093963623047e-01
3.481996770915429806e-07
6.903175711631774902e-01
5.797478556632995605e-01
-2.104444988071918488e-02
6.459631323814392090e-01
5.213744044303894043e-01
-3.259333223104476929e-02
6.184184551239013672e-01
4.674454629421234131e-01
-4.257422685623168945e-02
5.976608991622924805e-01
4.219967424869537354e-01
-5.241438001394271851e-02
6.838509440422058105e-01
4.392376542091369629e-01
-2.317369356751441956e-02
6.635122299194335938e-01
3.614363372325897217e-01
-4.254237189888954163e-02
6.515324711799621582e-01
3.138083815574645996e-01
-5.694097280502319336e-02
6.427503228187561035e-01
2.738640308380126953e-01
-6.668022274971008301e-02
7.230321764945983887e-01
4.283384084701538086e-01
-2.673160843551158905e-02
7.174096703529357910e-01
3.345750868320465088e-01
-4.178247228264808655e-02
7.113893032073974609e-01
2.782484889030456543e-01
-5.406867340207099915e-02
7.057095170021057129e-01
2.327228188514709473e-01
-6.302535533905029297e-02
7.601752281188964844e-01
4.364771544933319092e-01
-3.330606967210769653e-02
7.687841653823852539e-01
3.511983156204223633e-01
-5.143741145730018616e-02
7.710247635841369629e-01
2.994123101234436035e-01
-6.336776912212371826e-02
7.712138295173645020e-01
2.568289041519165039e-01
-7.120637595653533936e-02
7.957096099853515625e-01
4.607413113117218018e-01
-4.139676690101623535e-02
8.224385380744934082e-01
4.017698466777801514e-01
-5.930277705192565918e-02
8.394900560379028320e-01
3.636451065540313721e-01
-6.687536090612411499e-02
8.524441719055175781e-01
3.304772078990936279e-01
-7.099451869726181030e-02
