8.114348649978637695e-01
5.714031457901000977e-01
2.138983035138153355e-07
7.482864856719970703e-01
5.738762021064758301e-01
-1.500162016600370407e-02
6.876752376556396484e-01
5.473669171333312988e-01
-2.216077968478202820e-02
6.463317871093750000e-01
5.195565819740295410e-01
-2.903621830046176910e-02
6.145186424255371094e-01
4.992082417011260986e-01
-3.555285558104515076e-02
6.896885633468627930e-01
4.543475806713104248e-01
-8.712848648428916931e-03
6.464124917984008789e-01
4.026638269424438477e-01
-2.260321192443370819e-02
6.213404536247253418e-01
3.723495602607727051e-01
-3.444610908627510071e-02
6.008297204971313477e-01
3.485826849937438965e-01
-4.298128187656402588e-02
7.179290652275085449e-01
4.211586713790893555e-01
-1.353621762245893478e-02
6.821910142898559570e-01
3.530216515064239502e-01
-2.433660626411437988e-02
6.596696376800537109e-01
3.136008977890014648e-01
-3.544907644391059875e-02
6.409867405891418457e-01
2.820451855659484863e-01
-4.380876570940017700e-02
7.524066567420959473e-01
4.053834080696105957e-01
-2.141612581908702850e-02
7.270830869674682617e-01
3.343723416328430176e-01
-3.554612025618553162e-02
7.110764384269714355e-01
2.943763732910156250e-01
-4.681752994656562805e-02
6.965849995613098145e-01
2.626167833805084229e-01
-5.462202057242393494e-02
7.914934754371643066e-01
4.037947952747344971e-01
-3.058033809065818787e-02
7.907860875129699707e-01
3.443950414657592773e-01
-4.438269510865211487e-02
7.902615070343017578e-01
3.065367341041564941e-01
-5.097502842545509338e-02
7.887238860130310059e-01
2.743909358978271484e-01
-5.505064502358436584e-02
