6.839893460273742676e-01
6.186233758926391602e-01
2.768656202079000650e-07
6.221328973770141602e-01
6.184576749801635742e-01
-1.745818741619586945e-02
5.658968687057495117e-01
5.819513797760009766e-01
-2.449381537735462189e-02
5.295099616050720215e-01
5.416853427886962891e-01
-3.084924444556236267e-02
5.002515316009521484e-01
5.085135102272033691e-01
-3.744191676378250122e-02
5.756842494010925293e-01
4.824783802032470703e-01
-1.195551827549934387e-02
5.354390144348144531e-01
4.285999834537506104e-01
-2.744125761091709137e-02
5.104826688766479492e-01
3.934381306171417236e-01
-4.067474603652954102e-02
4.904756546020507812e-01
3.623324334621429443e-01
-5.063450708985328674e-02
6.064573526382446289e-01
4.519312083721160889e-01
-1.679121330380439758e-02
5.758172869682312012e-01
3.754179477691650391e-01
-2.937173657119274139e-02
5.535508990287780762e-01
3.290460109710693359e-01
-4.249655455350875854e-02
5.338602662086486816e-01
2.908951342105865479e-01
-5.235446617007255554e-02
6.423522233963012695e-01
4.412425458431243896e-01
-2.484504505991935730e-02
6.239954233169555664e-01
3.633419573307037354e-01
-4.180859774351119995e-02
6.091372370719909668e-01
3.148077130317687988e-01
-5.594396591186523438e-02
5.947302579879760742e-01
2.742454707622528076e-01
-6.576696783304214478e-02
6.811462640762329102e-01
4.464412927627563477e-01
-3.422452509403228760e-02
6.889969706535339355e-01
3.821919262409210205e-01
-5.133530497550964355e-02
6.944613456726074219e-01
3.394730091094970703e-01
-5.996963754296302795e-02
6.977577805519104004e-01
3.023787736892700195e-01
-6.552644073963165283e-02
