8.210600614547729492e-01
5.838481187820434570e-01
2.050137482001446187e-07
7.529113888740539551e-01
5.767681598663330078e-01
-3.047219850122928619e-02
6.963877677917480469e-01
5.399612188339233398e-01
-5.075374245643615723e-02
6.574959754943847656e-01
5.006766319274902344e-01
-6.937251985073089600e-02
6.258201599121093750e-01
4.758208990097045898e-01
-8.819999545812606812e-02
7.113547325134277344e-01
4.353911280632019043e-01
-3.282001987099647522e-02
6.816990971565246582e-01
3.682203888893127441e-01
-6.255032867193222046e-02
6.609531641006469727e-01
3.289766311645507812e-01
-8.600042760372161865e-02
6.430020928382873535e-01
3.019493818283081055e-01
-1.007608175277709961e-01
7.447367310523986816e-01
4.093443751335144043e-01
-3.450968861579895020e-02
7.213166952133178711e-01
3.295152783393859863e-01
-5.974451452493667603e-02
7.015335559844970703e-01
2.809466123580932617e-01
-7.767391204833984375e-02
6.850800514221191406e-01
2.510954737663269043e-01
-8.969007432460784912e-02
7.804411053657531738e-01
3.987483680248260498e-01
-4.104288294911384583e-02
7.635840773582458496e-01
3.219775557518005371e-01
-6.449149549007415771e-02
7.481246590614318848e-01
2.730636596679687500e-01
-7.828611880540847778e-02
7.359435558319091797e-01
2.408364713191986084e-01
-8.668273687362670898e-02
8.187147974967956543e-01
4.020177721977233887e-01
-5.068947747349739075e-02
8.212692141532897949e-01
3.400178551673889160e-01
-7.004852592945098877e-02
8.200858831405639648e-01
2.957482635974884033e-01
-7.955788075923919678e-02
8.177894353866577148e-01
2.622265815734863281e-01
-8.542750775814056396e-02
