6.847618818283081055e-01
6.014312505722045898e-01
2.639036722484888742e-07
6.266666054725646973e-01
5.839203596115112305e-01
-1.502787135541439056e-02
5.793415307998657227e-01
5.397230982780456543e-01
-2.188657596707344055e-02
5.500861406326293945e-01
4.980153143405914307e-01
-2.810444869101047516e-02
5.280590057373046875e-01
4.643899798393249512e-01
-3.454578295350074768e-02
6.015136241912841797e-01
4.542902410030364990e-01
-1.371106877923011780e-02
5.727860331535339355e-01
3.919217884540557861e-01
-2.824534848332405090e-02
5.553858280181884766e-01
3.545207977294921875e-01
-3.980692103505134583e-02
5.415230989456176758e-01
3.232190012931823730e-01
-4.810826107859611511e-02
6.344774961471557617e-01
4.342217147350311279e-01
-1.842713728547096252e-02
6.154733896255493164e-01
3.555586338043212891e-01
-3.043487854301929474e-02
6.015490293502807617e-01
3.088115453720092773e-01
-4.172143340110778809e-02
5.890942811965942383e-01
2.709563970565795898e-01
-5.016181245446205139e-02
6.687389612197875977e-01
4.310549199581146240e-01
-2.573098428547382355e-02
6.607656478881835938e-01
3.527162075042724609e-01
-4.130532965064048767e-02
6.524677276611328125e-01
3.069454729557037354e-01
-5.287181586027145386e-02
6.433771848678588867e-01
2.694699466228485107e-01
-6.077796965837478638e-02
7.041454911231994629e-01
4.422151148319244385e-01
-3.405717015266418457e-02
7.170538902282714844e-01
3.804604113101959229e-01
-4.952826350927352905e-02
7.240547537803649902e-01
3.407963216304779053e-01
-5.678849294781684875e-02
7.280960679054260254e-01
3.063220679759979248e-01
-6.124576553702354431e-02
