6.969602704048156738e-01
8.417959809303283691e-01
7.256396656885044649e-07
5.627179145812988281e-01
7.835379838943481445e-01
-5.191609263420104980e-02
4.586189687252044678e-01
6.546566486358642578e-01
-7.919646054506301880e-02
3.959847092628479004e-01
5.258898735046386719e-01
-1.025579199194908142e-01
3.588661253452301025e-01
4.149202704429626465e-01
-1.259213387966156006e-01
5.361654162406921387e-01
4.235711991786956787e-01
-4.994994401931762695e-02
4.799580574035644531e-01
2.512535452842712402e-01
-9.354484081268310547e-02
4.430478811264038086e-01
1.418296694755554199e-01
-1.292958259582519531e-01
4.147052168846130371e-01
4.946234822273254395e-02
-1.562997251749038696e-01
6.232490539550781250e-01
3.933481872081756592e-01
-5.860732868313789368e-02
5.906339883804321289e-01
1.936433315277099609e-01
-9.779690951108932495e-02
5.621901750564575195e-01
6.908991932868957520e-02
-1.346517652273178101e-01
5.354757308959960938e-01
-3.619503974914550781e-02
-1.618731915950775146e-01
7.119954824447631836e-01
4.086125493049621582e-01
-7.456459105014801025e-02
7.056514620780944824e-01
2.076811939477920532e-01
-1.234028264880180359e-01
6.951549053192138672e-01
8.002665638923645020e-02
-1.612971872091293335e-01
6.814466118812561035e-01
-3.353473544120788574e-02
-1.875034719705581665e-01
7.995786666870117188e-01
4.629979133605957031e-01
-9.371637552976608276e-02
8.521858453750610352e-01
3.174341022968292236e-01
-1.449445039033889771e-01
8.872315287590026855e-01
2.205002307891845703e-01
-1.717020124197006226e-01
9.136496782302856445e-01
1.301748454570770264e-01
-1.881472766399383545e-01
