7.550343275070190430e-01
6.424216032028198242e-01
3.014824301317275967e-07
6.983578205108642578e-01
5.971377491950988770e-01
-2.067313715815544128e-02
6.588001251220703125e-01
5.283542871475219727e-01
-3.059073165059089661e-02
6.414222121238708496e-01
4.660888910293579102e-01
-3.904373571276664734e-02
6.285415887832641602e-01
4.163538813591003418e-01
-4.741135984659194946e-02
7.090379595756530762e-01
4.519973397254943848e-01
-2.105943299829959869e-02
6.960242986679077148e-01
3.706238865852355957e-01
-3.897013515233993530e-02
6.883995532989501953e-01
3.205538988113403320e-01
-5.249093472957611084e-02
6.833251714706420898e-01
2.787542641162872314e-01
-6.232399493455886841e-02
7.506389021873474121e-01
4.466285407543182373e-01
-2.556062303483486176e-02
7.525532245635986328e-01
3.538042306900024414e-01
-4.011822864413261414e-02
7.520102858543395996e-01
2.954827249050140381e-01
-5.334579572081565857e-02
7.520461082458496094e-01
2.490474730730056763e-01
-6.330280750989913940e-02
7.884860038757324219e-01
4.606232643127441406e-01
-3.305568173527717590e-02
8.047624826431274414e-01
3.746489286422729492e-01
-5.256135761737823486e-02
8.113601803779602051e-01
3.219576478004455566e-01
-6.649359315633773804e-02
8.163130879402160645e-01
2.785036563873291016e-01
-7.592397183179855347e-02
8.233623504638671875e-01
4.918814897537231445e-01
-4.188382625579833984e-02
8.562077283859252930e-01
4.404514133930206299e-01
-6.278179585933685303e-02
8.770635128021240234e-01
4.051098525524139404e-01
-7.249402999877929688e-02
8.947902321815490723e-01
3.744330704212188721e-01
-7.813210785388946533e-02
