7.415272593498229980e-01
5.396141409873962402e-01
2.557184757279173937e-07
6.952903866767883301e-01
5.187008380889892578e-01
-1.680786162614822388e-02
6.531865000724792480e-01
4.859624803066253662e-01
-2.845779992640018463e-02
6.204789280891418457e-01
4.607930779457092285e-01
-3.927965834736824036e-02
5.930212140083312988e-01
4.430829882621765137e-01
-5.017950758337974548e-02
6.603115200996398926e-01
4.153980910778045654e-01
-1.928544789552688599e-02
6.304927468299865723e-01
3.670602738857269287e-01
-3.821017593145370483e-02
6.110644936561584473e-01
3.369181752204895020e-01
-5.314386263489723206e-02
5.952706933021545410e-01
3.098720312118530273e-01
-6.349875032901763916e-02
6.879765391349792480e-01
3.978349268436431885e-01
-2.389958687126636505e-02
6.655973196029663086e-01
3.368951678276062012e-01
-4.008615016937255859e-02
6.530903577804565430e-01
2.974056601524353027e-01
-5.328732728958129883e-02
6.441983580589294434e-01
2.614961862564086914e-01
-6.277480721473693848e-02
7.182906866073608398e-01
3.957007825374603271e-01
-3.093669563531875610e-02
7.081105113029479980e-01
3.342784047126770020e-01
-4.872174188494682312e-02
7.040451765060424805e-01
2.943676114082336426e-01
-5.873635038733482361e-02
7.003569006919860840e-01
2.583409547805786133e-01
-6.511256098747253418e-02
7.515829205513000488e-01
4.058728218078613281e-01
-3.919617086648941040e-02
7.564941644668579102e-01
3.551856875419616699e-01
-5.485771223902702332e-02
7.590815424919128418e-01
3.224351108074188232e-01
-6.012115254998207092e-02
7.595841884613037109e-01
2.927291989326477051e-01
-6.297954916954040527e-02
