7.273136377334594727e-01
6.059113144874572754e-01
3.037202986888587475e-07
6.691507697105407715e-01
5.758270621299743652e-01
-1.557373348623514175e-02
6.238352656364440918e-01
5.251693725585937500e-01
-2.216003835201263428e-02
5.970551967620849609e-01
4.763442277908325195e-01
-2.815012261271476746e-02
5.767415165901184082e-01
4.363754987716674805e-01
-3.395753726363182068e-02
6.528928279876708984e-01
4.471329450607299805e-01
-1.181309949606657028e-02
6.295511722564697266e-01
3.793151974678039551e-01
-2.638871408998966217e-02
6.169856190681457520e-01
3.370838165283203125e-01
-3.786446526646614075e-02
6.071614027023315430e-01
3.013491630554199219e-01
-4.611612111330032349e-02
6.879253983497619629e-01
4.323308765888214111e-01
-1.633001863956451416e-02
6.755232214927673340e-01
3.518297076225280762e-01
-2.830059453845024109e-02
6.672899723052978516e-01
3.020263314247131348e-01
-3.981201723217964172e-02
6.599637866020202637e-01
2.604874372482299805e-01
-4.819082468748092651e-02
7.225357890129089355e-01
4.347727298736572266e-01
-2.366569451987743378e-02
7.204664945602416992e-01
3.551957607269287109e-01
-3.997713699936866760e-02
7.181626558303833008e-01
3.074787855148315430e-01
-5.184962227940559387e-02
7.149236798286437988e-01
2.679938673973083496e-01
-5.947166308760643005e-02
7.564494013786315918e-01
4.523466229438781738e-01
-3.200456872582435608e-02
7.723907232284545898e-01
3.954569399356842041e-01
-4.891832172870635986e-02
7.825794816017150879e-01
3.574317693710327148e-01
-5.648322030901908875e-02
7.899999022483825684e-01
3.243371844291687012e-01
-6.059969961643218994e-02
