6.694077253341674805e-01
6.041509509086608887e-01
2.496506681382015813e-07
6.088075637817382812e-01
6.059893965721130371e-01
-1.472435798496007919e-02
5.534134507179260254e-01
5.772112607955932617e-01
-2.105329558253288269e-02
5.175030827522277832e-01
5.437170267105102539e-01
-2.700819633901119232e-02
4.893078804016113281e-01
5.159087777137756348e-01
-3.290230780839920044e-02
5.593384504318237305e-01
4.786421060562133789e-01
-7.992622442543506622e-03
5.208294391632080078e-01
4.286473989486694336e-01
-2.130010351538658142e-02
4.972956776618957520e-01
3.978221416473388672e-01
-3.331672027707099915e-02
4.781794548034667969e-01
3.712514638900756836e-01
-4.228282719850540161e-02
5.881129503250122070e-01
4.482913911342620850e-01
-1.308209449052810669e-02
5.565644502639770508e-01
3.788938522338867188e-01
-2.364458143711090088e-02
5.344911813735961914e-01
3.373579978942871094e-01
-3.546356037259101868e-02
5.149250626564025879e-01
3.023118674755096436e-01
-4.447395354509353638e-02
6.219314932823181152e-01
4.357255697250366211e-01
-2.117306180298328400e-02
6.000555753707885742e-01
3.631445169448852539e-01
-3.593139722943305969e-02
5.838936567306518555e-01
3.198087811470031738e-01
-4.805971309542655945e-02
5.683873891830444336e-01
2.836883366107940674e-01
-5.645523592829704285e-02
6.594249010086059570e-01
4.378875195980072021e-01
-3.042488545179367065e-02
6.613036990165710449e-01
3.749685287475585938e-01
-4.536878317594528198e-02
6.615841984748840332e-01
3.332168757915496826e-01
-5.240245908498764038e-02
6.599200367927551270e-01
2.964842319488525391e-01
-5.679279938340187073e-02
