7.138605713844299316e-01
5.947598218917846680e-01
2.925916646745463368e-07
6.631079912185668945e-01
5.652561783790588379e-01
-2.413133159279823303e-02
6.182138919830322266e-01
5.165476202964782715e-01
-3.916630893945693970e-02
5.860108733177185059e-01
4.712298512458801270e-01
-5.238997563719749451e-02
5.632103085517883301e-01
4.286361634731292725e-01
-6.539096683263778687e-02
6.477254033088684082e-01
4.234519600868225098e-01
-2.538422122597694397e-02
6.211836338043212891e-01
3.585969805717468262e-01
-4.865332320332527161e-02
6.029326915740966797e-01
3.176434934139251709e-01
-6.710122525691986084e-02
5.892326831817626953e-01
2.816302776336669922e-01
-7.976234704256057739e-02
6.820403933525085449e-01
4.083200693130493164e-01
-2.838233672082424164e-02
6.683450341224670410e-01
3.277615904808044434e-01
-4.750611633062362671e-02
6.565596461296081543e-01
2.787888050079345703e-01
-6.300143897533416748e-02
6.469346880912780762e-01
2.387664765119552612e-01
-7.411605864763259888e-02
7.166340351104736328e-01
4.123820364475250244e-01
-3.477198258042335510e-02
7.150978446006774902e-01
3.362899422645568848e-01
-5.540620908141136169e-02
7.090393900871276855e-01
2.894327640533447266e-01
-6.785006076097488403e-02
7.023479342460632324e-01
2.510088086128234863e-01
-7.608658820390701294e-02
7.511744499206542969e-01
4.327701628208160400e-01
-4.307802766561508179e-02
7.710722684860229492e-01
3.759274482727050781e-01
-6.183240935206413269e-02
7.816808819770812988e-01
3.364963233470916748e-01
-6.986843794584274292e-02
7.886109352111816406e-01
3.016871213912963867e-01
-7.463207840919494629e-02
