7.261429429054260254e-01
6.028645634651184082e-01
3.019942766968597425e-07
6.710733771324157715e-01
5.717725753784179688e-01
-1.441184524446725845e-02
6.298680901527404785e-01
5.191469192504882812e-01
-2.092099189758300781e-02
6.061515808105468750e-01
4.700838625431060791e-01
-2.708436734974384308e-02
5.874078273773193359e-01
4.302910566329956055e-01
-3.332847729325294495e-02
6.612259149551391602e-01
4.442528784275054932e-01
-1.111261174082756042e-02
6.417000293731689453e-01
3.776157498359680176e-01
-2.495382353663444519e-02
6.304851770401000977e-01
3.357379138469696045e-01
-3.599369525909423828e-02
6.221937537193298340e-01
3.001837730407714844e-01
-4.403713345527648926e-02
6.962874531745910645e-01
4.323624968528747559e-01
-1.628609001636505127e-02
6.881716251373291016e-01
3.517559766769409180e-01
-2.781414613127708435e-02
6.811411380767822266e-01
3.012818694114685059e-01
-3.912156447768211365e-02
6.744064688682556152e-01
2.588818669319152832e-01
-4.733485355973243713e-02
7.306159734725952148e-01
4.374933242797851562e-01
-2.407010644674301147e-02
7.320808172225952148e-01
3.598142862319946289e-01
-3.951937705278396606e-02
7.305710911750793457e-01
3.109915852546691895e-01
-5.075204744935035706e-02
7.277156114578247070e-01
2.685959935188293457e-01
-5.819151923060417175e-02
7.641111612319946289e-01
4.563830196857452393e-01
-3.280097991228103638e-02
7.831889986991882324e-01
4.022528529167175293e-01
-4.789372533559799194e-02
7.941440343856811523e-01
3.650439381599426270e-01
-5.420337617397308350e-02
8.020765185356140137e-01
3.312514722347259521e-01
-5.781541764736175537e-02
