7.193109989166259766e-01
5.981383323669433594e-01
3.179962959620752372e-07
6.624816656112670898e-01
5.622279644012451172e-01
-1.675760932266712189e-02
6.185987591743469238e-01
5.086811780929565430e-01
-2.471117302775382996e-02
5.940324664115905762e-01
4.569244980812072754e-01
-3.191817924380302429e-02
5.756842494010925293e-01
4.139308631420135498e-01
-3.892485424876213074e-02
6.532118320465087891e-01
4.295741021633148193e-01
-1.487988606095314026e-02
6.315975785255432129e-01
3.588576912879943848e-01
-3.058231994509696960e-02
6.191730499267578125e-01
3.151884377002716064e-01
-4.272022470831871033e-02
6.096422076225280762e-01
2.778474688529968262e-01
-5.138789117336273193e-02
6.898446083068847656e-01
4.173102378845214844e-01
-1.961514540016651154e-02
6.805843710899353027e-01
3.337081074714660645e-01
-3.225412964820861816e-02
6.737173199653625488e-01
2.820284664630889893e-01
-4.399709776043891907e-02
6.676830649375915527e-01
2.395219355821609497e-01
-5.265163630247116089e-02
7.253021001815795898e-01
4.227802455425262451e-01
-2.716401405632495880e-02
7.286458015441894531e-01
3.406786024570465088e-01
-4.445482045412063599e-02
7.288608551025390625e-01
2.923169136047363281e-01
-5.659265071153640747e-02
7.278150320053100586e-01
2.529473304748535156e-01
-6.439433991909027100e-02
7.593706250190734863e-01
4.441758394241333008e-01
-3.578807413578033447e-02
7.813480496406555176e-01
3.875316977500915527e-01
-5.387754738330841064e-02
7.953963875770568848e-01
3.501788973808288574e-01
-6.175665929913520813e-02
8.063306808471679688e-01
3.185123205184936523e-01
-6.596159189939498901e-02
