6.409153938293457031e-01
8.050482273101806641e-01
2.111165713358786888e-07
6.000236868858337402e-01
7.736712694168090820e-01
-1.049551740288734436e-02
5.744978785514831543e-01
7.313714623451232910e-01
-1.445660460740327835e-02
5.631163716316223145e-01
6.929597854614257812e-01
-1.852398738265037537e-02
5.541834235191345215e-01
6.618940830230712891e-01
-2.260535210371017456e-02
6.074221134185791016e-01
6.831225156784057617e-01
-4.949993919581174850e-03
6.005620360374450684e-01
6.326676607131958008e-01
-1.484379824250936508e-02
5.985004305839538574e-01
6.001970767974853516e-01
-2.330352552235126495e-02
5.973494648933410645e-01
5.725835561752319336e-01
-2.948362007737159729e-02
6.341821551322937012e-01
6.796686053276062012e-01
-8.738171309232711792e-03
6.348930597305297852e-01
6.211960911750793457e-01
-1.674941740930080414e-02
6.341899037361145020e-01
5.849741697311401367e-01
-2.570379711687564850e-02
6.331622004508972168e-01
5.548366308212280273e-01
-3.226628154516220093e-02
6.589814424514770508e-01
6.874710917472839355e-01
-1.458839233964681625e-02
6.666261553764343262e-01
6.340376138687133789e-01
-2.549636363983154297e-02
6.691539883613586426e-01
5.992344021797180176e-01
-3.410907834768295288e-02
6.701563596725463867e-01
5.706310868263244629e-01
-3.981629014015197754e-02
6.822151541709899902e-01
7.055788040161132812e-01
-2.129010483622550964e-02
7.010357379913330078e-01
6.717693805694580078e-01
-3.176943585276603699e-02
7.121410369873046875e-01
6.476666927337646484e-01
-3.612532094120979309e-02
7.204686999320983887e-01
6.270733475685119629e-01
-3.862069919705390930e-02
