7.417475581169128418e-01
6.398006677627563477e-01
3.037715714526711963e-07
6.746928691864013672e-01
5.997375249862670898e-01
-2.202170901000499725e-02
6.219714879989624023e-01
5.313631892204284668e-01
-3.506220877170562744e-02
5.919102430343627930e-01
4.674347043037414551e-01
-4.718113318085670471e-02
5.816608667373657227e-01
4.074597656726837158e-01
-5.898535624146461487e-02
6.682096123695373535e-01
4.271328747272491455e-01
-2.079896070063114166e-02
6.419814825057983398e-01
3.381051123142242432e-01
-4.422218352556228638e-02
6.244630217552185059e-01
2.857153713703155518e-01
-6.295030564069747925e-02
6.104362010955810547e-01
2.426733076572418213e-01
-7.592030614614486694e-02
7.112976312637329102e-01
4.105613827705383301e-01
-2.686213701963424683e-02
6.983805298805236816e-01
3.057422637939453125e-01
-4.608649760484695435e-02
6.848597526550292969e-01
2.419884204864501953e-01
-6.305031478404998779e-02
6.714527606964111328e-01
1.900225132703781128e-01
-7.536608725786209106e-02
7.546996474266052246e-01
4.158545732498168945e-01
-3.655928373336791992e-02
7.558483481407165527e-01
3.157210350036621094e-01
-5.877561867237091064e-02
7.510292530059814453e-01
2.544457316398620605e-01
-7.365723699331283569e-02
7.446148395538330078e-01
2.040591239929199219e-01
-8.369519561529159546e-02
7.968580722808837891e-01
4.410054981708526611e-01
-4.790415987372398376e-02
8.237840533256530762e-01
3.672915399074554443e-01
-6.877534836530685425e-02
8.406572341918945312e-01
3.194110393524169922e-01
-7.758207619190216064e-02
8.532623052597045898e-01
2.785096764564514160e-01
-8.271917700767517090e-02
