7.387337684631347656e-01
6.276094913482666016e-01
2.491518387159885606e-07
6.810267567634582520e-01
5.944135189056396484e-01
-1.870756410062313080e-02
6.366012096405029297e-01
5.352821350097656250e-01
-2.988696843385696411e-02
6.127690076828002930e-01
4.770406186580657959e-01
-4.014548659324645996e-02
6.058046817779541016e-01
4.251261651515960693e-01
-4.968445375561714172e-02
6.755856275558471680e-01
4.539597928524017334e-01
-1.799949631094932556e-02
6.541653871536254883e-01
3.842880725860595703e-01
-3.880504891276359558e-02
6.373501420021057129e-01
3.421011269092559814e-01
-5.498419329524040222e-02
6.233732700347900391e-01
3.072036504745483398e-01
-6.586595624685287476e-02
7.121903896331787109e-01
4.392131865024566650e-01
-2.267676405608654022e-02
7.001345157623291016e-01
3.560693562030792236e-01
-3.965128585696220398e-02
6.910249590873718262e-01
3.030810356140136719e-01
-5.340590700507164001e-02
6.839319467544555664e-01
2.593955993652343750e-01
-6.297314912080764771e-02
7.498698830604553223e-01
4.415188133716583252e-01
-3.047207556664943695e-02
7.491318583488464355e-01
3.608385324478149414e-01
-4.964672774076461792e-02
7.447884082794189453e-01
3.092256486415863037e-01
-6.123195588588714600e-02
7.399270534515380859e-01
2.666772007942199707e-01
-6.844408810138702393e-02
7.880984544754028320e-01
4.592109024524688721e-01
-3.965703397989273071e-02
8.087350726127624512e-01
3.945286571979522705e-01
-5.685146152973175049e-02
8.205674886703491211e-01
3.511671423912048340e-01
-6.362298130989074707e-02
8.289002180099487305e-01
3.139994740486145020e-01
-6.715577095746994019e-02
