6.146560311317443848e-01
8.190004825592041016e-01
2.134431724698515609e-07
5.758103728294372559e-01
7.965153455734252930e-01
-1.180743239820003510e-02
5.467404723167419434e-01
7.581508159637451172e-01
-1.820058561861515045e-02
5.306988358497619629e-01
7.247349023818969727e-01
-2.439407445490360260e-02
5.189570188522338867e-01
6.972275972366333008e-01
-3.070119395852088928e-02
5.721997618675231934e-01
7.016079425811767578e-01
-9.813351556658744812e-03
5.613070726394653320e-01
6.533624529838562012e-01
-2.172926440834999084e-02
5.550754070281982422e-01
6.226047873497009277e-01
-3.155542537569999695e-02
5.514481663703918457e-01
5.971307158470153809e-01
-3.839641809463500977e-02
5.977727174758911133e-01
6.954320073127746582e-01
-1.326768100261688232e-02
5.943133831024169922e-01
6.394389867782592773e-01
-2.269915118813514709e-02
5.915611982345581055e-01
6.051820516586303711e-01
-3.143190219998359680e-02
5.899943709373474121e-01
5.768588185310363770e-01
-3.788445144891738892e-02
6.232264637947082520e-01
7.004021406173706055e-01
-1.881246455013751984e-02
6.262212395668029785e-01
6.469921469688415527e-01
-2.955883555114269257e-02
6.262943744659423828e-01
6.150714159011840820e-01
-3.684280067682266235e-02
6.250913739204406738e-01
5.893971920013427734e-01
-4.184141382575035095e-02
6.488682031631469727e-01
7.157199382781982422e-01
-2.549386210739612579e-02
6.642754077911376953e-01
6.772246956825256348e-01
-3.538043797016143799e-02
6.728016138076782227e-01
6.525858640670776367e-01
-3.937525674700737000e-02
6.781072616577148438e-01
6.322363615036010742e-01
-4.177112877368927002e-02
