6.976041197776794434e-01
5.984603762626647949e-01
2.728983474753476912e-07
6.375309228897094727e-01
5.916174650192260742e-01
-1.368322502821683884e-02
5.841375589370727539e-01
5.554995536804199219e-01
-1.949591375887393951e-02
5.506747961044311523e-01
5.169810056686401367e-01
-2.506935968995094299e-02
5.238314867019653320e-01
4.871616363525390625e-01
-3.093156963586807251e-02
5.975723862648010254e-01
4.625924825668334961e-01
-1.066208817064762115e-02
5.613235831260681152e-01
4.056322574615478516e-01
-2.404347807168960571e-02
5.398269891738891602e-01
3.710865974426269531e-01
-3.508853912353515625e-02
5.226325988769531250e-01
3.417658209800720215e-01
-4.321049153804779053e-02
6.294103264808654785e-01
4.366703033447265625e-01
-1.652147248387336731e-02
6.019499897956848145e-01
3.593644797801971436e-01
-2.708650752902030945e-02
5.825758576393127441e-01
3.137574195861816406e-01
-3.807105496525764465e-02
5.657068490982055664e-01
2.775321006774902344e-01
-4.639790579676628113e-02
6.645386815071105957e-01
4.282481074333190918e-01
-2.501666545867919922e-02
6.489961743354797363e-01
3.497528135776519775e-01
-3.973472118377685547e-02
6.362460851669311523e-01
3.032566308975219727e-01
-5.118592083454132080e-02
6.239027976989746094e-01
2.649621367454528809e-01
-5.921765789389610291e-02
7.017398476600646973e-01
4.345771968364715576e-01
-3.447246924042701721e-02
7.088024616241455078e-01
3.720276057720184326e-01
-4.950509220361709595e-02
7.122600078582763672e-01
3.311542272567749023e-01
-5.603026598691940308e-02
7.135686278343200684e-01
2.958815395832061768e-01
-6.002659723162651062e-02
