6.934064626693725586e-01
6.400374174118041992e-01
2.910459784288832452e-07
6.288310885429382324e-01
6.346970200538635254e-01
-1.669525355100631714e-02
5.716248750686645508e-01
5.942041277885437012e-01
-2.393569611012935638e-02
5.348230004310607910e-01
5.524817705154418945e-01
-3.080751374363899231e-02
5.067927837371826172e-01
5.177544951438903809e-01
-3.795056790113449097e-02
5.817753076553344727e-01
4.901441335678100586e-01
-1.117027923464775085e-02
5.437050461769104004e-01
4.283433258533477783e-01
-2.738030999898910522e-02
5.199350118637084961e-01
3.906042575836181641e-01
-4.140634834766387939e-02
5.003640055656433105e-01
3.589341640472412109e-01
-5.174146220088005066e-02
6.148922443389892578e-01
4.617065787315368652e-01
-1.704481616616249084e-02
5.856432318687438965e-01
3.802327215671539307e-01
-3.083066456019878387e-02
5.637972354888916016e-01
3.310183882713317871e-01
-4.544602707028388977e-02
5.441396236419677734e-01
2.905492186546325684e-01
-5.617856606841087341e-02
6.529924273490905762e-01
4.535213112831115723e-01
-2.613686583936214447e-02
6.362456083297729492e-01
3.694939613342285156e-01
-4.506365209817886353e-02
6.230801939964294434e-01
3.179703950881958008e-01
-6.096572801470756531e-02
6.097143888473510742e-01
2.752640247344970703e-01
-7.181114703416824341e-02
6.936876177787780762e-01
4.626399576663970947e-01
-3.627118095755577087e-02
7.046147584915161133e-01
3.942189812660217285e-01
-5.576935783028602600e-02
7.126743793487548828e-01
3.499079942703247070e-01
-6.552124023437500000e-02
7.179682850837707520e-01
3.112659454345703125e-01
-7.155911624431610107e-02
