6.927295923233032227e-01
6.358141303062438965e-01
2.774350491563382093e-07
6.306352019309997559e-01
6.213909983634948730e-01
-1.463916618376970291e-02
5.768799781799316406e-01
5.752239227294921875e-01
-2.140395715832710266e-02
5.440642833709716797e-01
5.320556163787841797e-01
-2.772415801882743835e-02
5.199933052062988281e-01
4.985133111476898193e-01
-3.404080495238304138e-02
5.934274196624755859e-01
4.859867095947265625e-01
-1.236370950937271118e-02
5.613882541656494141e-01
4.213314354419708252e-01
-2.693750709295272827e-02
5.413998365402221680e-01
3.832593560218811035e-01
-3.898767009377479553e-02
5.251836776733398438e-01
3.516311049461364746e-01
-4.752933606505393982e-02
6.264788508415222168e-01
4.626041054725646973e-01
-1.731245219707489014e-02
6.046874523162841797e-01
3.815712034702301025e-01
-2.824353240430355072e-02
5.885776877403259277e-01
3.336835503578186035e-01
-3.954809159040451050e-02
5.748899579048156738e-01
2.947244048118591309e-01
-4.825759679079055786e-02
6.621782183647155762e-01
4.575257897377014160e-01
-2.487248368561267853e-02
6.509220600128173828e-01
3.773033022880554199e-01
-3.811469674110412598e-02
6.420606374740600586e-01
3.309017419815063477e-01
-4.889732226729393005e-02
6.330859065055847168e-01
2.932313084602355957e-01
-5.678850412368774414e-02
6.992284655570983887e-01
4.675121009349822998e-01
-3.364130109548568726e-02
7.080937027931213379e-01
4.043700695037841797e-01
-4.692913219332695007e-02
7.129513025283813477e-01
3.640658259391784668e-01
-5.318753048777580261e-02
7.155037522315979004e-01
3.290134668350219727e-01
-5.717883259057998657e-02
