8.052600622177124023e-01
5.815077424049377441e-01
2.897289164138783235e-07
7.503361701965332031e-01
5.647345781326293945e-01
-1.059571001678705215e-02
7.029357552528381348e-01
5.237818360328674316e-01
-1.821969635784626007e-02
6.755781769752502441e-01
4.839661121368408203e-01
-2.625705488026142120e-02
6.678126454353332520e-01
4.528383016586303711e-01
-3.600633144378662109e-02
7.110460996627807617e-01
4.371812641620635986e-01
-1.967809349298477173e-02
6.744470000267028809e-01
3.824768960475921631e-01
-3.820001706480979919e-02
6.494060158729553223e-01
3.541422784328460693e-01
-5.151217803359031677e-02
6.303464174270629883e-01
3.331865966320037842e-01
-6.094701215624809265e-02
7.406064867973327637e-01
4.172808825969696045e-01
-2.888173237442970276e-02
7.115923762321472168e-01
3.452278375625610352e-01
-4.548400640487670898e-02
6.911349296569824219e-01
3.055032491683959961e-01
-5.914920195937156677e-02
6.754835247993469238e-01
2.763929069042205811e-01
-6.856049597263336182e-02
7.745883464813232422e-01
4.131639599800109863e-01
-3.964883089065551758e-02
7.582610845565795898e-01
3.401099443435668945e-01
-6.030928716063499451e-02
7.416759133338928223e-01
2.943536043167114258e-01
-7.424350082874298096e-02
7.257903218269348145e-01
2.570165097713470459e-01
-8.361940830945968628e-02
8.122633695602416992e-01
4.236847162246704102e-01
-5.054971575736999512e-02
8.210324048995971680e-01
3.646275401115417480e-01
-7.232676446437835693e-02
8.215087652206420898e-01
3.223338425159454346e-01
-8.125267922878265381e-02
8.191779851913452148e-01
2.876889109611511230e-01
-8.646091818809509277e-02
