6.369771957397460938e-01
8.742626309394836426e-01
2.529184826016717125e-07
5.949213504791259766e-01
8.563445210456848145e-01
-1.398558262735605240e-02
5.603668093681335449e-01
8.180109858512878418e-01
-1.966378651559352875e-02
5.426507592201232910e-01
7.776116728782653809e-01
-2.412340417504310608e-02
5.297135710716247559e-01
7.455012202262878418e-01
-2.772573940455913544e-02
5.790541768074035645e-01
7.585088610649108887e-01
-9.839943610131740570e-03
5.633966326713562012e-01
7.063481211662292480e-01
-1.939470879733562469e-02
5.543803572654724121e-01
6.733042597770690918e-01
-2.707821875810623169e-02
5.481408834457397461e-01
6.463999748229980469e-01
-3.266990557312965393e-02
6.034013032913208008e-01
7.471855878829956055e-01
-1.100925169885158539e-02
5.913954973220825195e-01
6.896176338195800781e-01
-1.846021972596645355e-02
5.826159715652465820e-01
6.543689370155334473e-01
-2.593326941132545471e-02
5.759742259979248047e-01
6.252931356430053711e-01
-3.141511976718902588e-02
6.292917132377624512e-01
7.477889657020568848e-01
-1.439365092664957047e-02
6.242194771766662598e-01
6.920511126518249512e-01
-2.424518018960952759e-02
6.188800930976867676e-01
6.581959128379821777e-01
-3.184970095753669739e-02
6.146257519721984863e-01
6.293388009071350098e-01
-3.699836879968643188e-02
6.563625931739807129e-01
7.587514519691467285e-01
-1.896329596638679504e-02
6.667049527168273926e-01
7.195681929588317871e-01
-2.927723526954650879e-02
6.724662184715270996e-01
6.943007707595825195e-01
-3.435931727290153503e-02
6.772245764732360840e-01
6.717886924743652344e-01
-3.720122575759887695e-02
