6.303377747535705566e-01
9.447550177574157715e-01
6.472859581663215067e-07
5.201624631881713867e-01
8.447787761688232422e-01
-4.787564277648925781e-02
4.526287913322448730e-01
6.698380112648010254e-01
-7.296133041381835938e-02
4.277256727218627930e-01
5.254107117652893066e-01
-9.512055665254592896e-02
4.086640477180480957e-01
4.015163481235504150e-01
-1.180104166269302368e-01
5.546438694000244141e-01
4.682271182537078857e-01
-4.919125512242317200e-02
5.323988199234008789e-01
2.789820432662963867e-01
-9.769836068153381348e-02
5.112329125404357910e-01
1.579632759094238281e-01
-1.364273279905319214e-01
4.940981268882751465e-01
5.557575821876525879e-02
-1.652315407991409302e-01
6.414040923118591309e-01
4.606440663337707520e-01
-6.426954269409179688e-02
6.412957906723022461e-01
2.347506582736968994e-01
-1.084221079945564270e-01
6.350680589675903320e-01
8.840689063072204590e-02
-1.486523896455764771e-01
6.292089819908142090e-01
-3.578978776931762695e-02
-1.779404580593109131e-01
7.233244180679321289e-01
5.044327974319458008e-01
-8.651841431856155396e-02
7.505959272384643555e-01
2.835352420806884766e-01
-1.387039572000503540e-01
7.640599608421325684e-01
1.416690051555633545e-01
-1.777640432119369507e-01
7.740936279296875000e-01
1.278376579284667969e-02
-2.051326930522918701e-01
8.009749054908752441e-01
5.897716283798217773e-01
-1.118315085768699646e-01
8.723992705345153809e-01
4.502837955951690674e-01
-1.626924425363540649e-01
9.202837944030761719e-01
3.528371453285217285e-01
-1.879590302705764771e-01
9.617537260055541992e-01
2.598086297512054443e-01
-2.045486867427825928e-01
