6.766384840011596680e-01
5.924493670463562012e-01
2.364855902214912931e-07
6.252544522285461426e-01
5.651040673255920410e-01
-1.425880286842584610e-02
5.870878100395202637e-01
5.158477425575256348e-01
-2.004853449761867523e-02
5.676760077476501465e-01
4.683054387569427490e-01
-2.558549679815769196e-02
5.582332015037536621e-01
4.263519048690795898e-01
-3.068135492503643036e-02
6.170516610145568848e-01
4.455266594886779785e-01
-7.297277450561523438e-03
5.998042821884155273e-01
3.841552734375000000e-01
-2.013250440359115601e-02
5.892149209976196289e-01
3.451850414276123047e-01
-3.081580437719821930e-02
5.813432335853576660e-01
3.128976821899414062e-01
-3.850442543625831604e-02
6.471716761589050293e-01
4.328055977821350098e-01
-1.093438733369112015e-02
6.379589438438415527e-01
3.622218668460845947e-01
-2.129917964339256287e-02
6.299352049827575684e-01
3.189421296119689941e-01
-3.177529945969581604e-02
6.230077147483825684e-01
2.835702896118164062e-01
-3.947462886571884155e-02
6.778544783592224121e-01
4.344775974750518799e-01
-1.742552407085895538e-02
6.768649816513061523e-01
3.662343919277191162e-01
-3.085153736174106598e-02
6.737225055694580078e-01
3.245398402214050293e-01
-4.129644483327865601e-02
6.696398854255676270e-01
2.907864153385162354e-01
-4.829556122422218323e-02
7.094769477844238281e-01
4.492443501949310303e-01
-2.519753389060497284e-02
7.266692519187927246e-01
3.992563188076019287e-01
-3.853202611207962036e-02
7.370820045471191406e-01
3.662888407707214355e-01
-4.524674266576766968e-02
7.450355887413024902e-01
3.384473919868469238e-01
-4.926115274429321289e-02
