7.301068902015686035e-01
6.296334266662597656e-01
2.809303794037987245e-07
6.748679280281066895e-01
6.009137630462646484e-01
-2.341454103589057922e-02
6.309117674827575684e-01
5.433902740478515625e-01
-3.611297905445098877e-02
6.030167341232299805e-01
4.948582351207733154e-01
-4.728674888610839844e-02
5.843034982681274414e-01
4.555727839469909668e-01
-5.840631201863288879e-02
6.620167493820190430e-01
4.544235765933990479e-01
-1.862751506268978119e-02
6.419438123703002930e-01
3.861902952194213867e-01
-4.051965847611427307e-02
6.259167194366455078e-01
3.458776175975799561e-01
-5.918120592832565308e-02
6.123095750808715820e-01
3.155232071876525879e-01
-7.118701934814453125e-02
6.966019868850708008e-01
4.406601190567016602e-01
-2.085924521088600159e-02
6.887390017509460449e-01
3.613271415233612061e-01
-3.733258694410324097e-02
6.801151037216186523e-01
3.111072778701782227e-01
-5.258688330650329590e-02
6.742305755615234375e-01
2.741479873657226562e-01
-6.344955414533615112e-02
7.312526106834411621e-01
4.459753334522247314e-01
-2.703289873898029327e-02
7.331768274307250977e-01
3.678748011589050293e-01
-4.480484127998352051e-02
7.333497405052185059e-01
3.184872865676879883e-01
-5.790299922227859497e-02
7.343848943710327148e-01
2.803826928138732910e-01
-6.680716574192047119e-02
7.649527192115783691e-01
4.679065942764282227e-01
-3.528408333659172058e-02
7.843435406684875488e-01
4.146154522895812988e-01
-5.180325731635093689e-02
7.987406253814697266e-01
3.787410855293273926e-01
-5.908273905515670776e-02
8.108483552932739258e-01
3.504447042942047119e-01
-6.331703811883926392e-02
