6.689808368682861328e-01
6.179826259613037109e-01
2.542485049161768984e-07
6.078360080718994141e-01
6.262286305427551270e-01
-1.655198633670806885e-02
5.489901900291442871e-01
6.071201562881469727e-01
-2.418748475611209869e-02
5.087143778800964355e-01
5.794121026992797852e-01
-3.143024444580078125e-02
4.766319394111633301e-01
5.556108951568603516e-01
-3.850915655493736267e-02
5.454913377761840820e-01
5.084820985794067383e-01
-1.000664848834276199e-02
4.993793964385986328e-01
4.627044796943664551e-01
-2.552676573395729065e-02
4.703270792961120605e-01
4.358789324760437012e-01
-3.901564702391624451e-02
4.463573098182678223e-01
4.129743576049804688e-01
-4.883263632655143738e-02
5.709391236305236816e-01
4.726952910423278809e-01
-1.510001905262470245e-02
5.306552052497863770e-01
4.069668352603912354e-01
-2.781332284212112427e-02
5.033387541770935059e-01
3.678235709667205811e-01
-4.100632295012474060e-02
4.790412783622741699e-01
3.350257575511932373e-01
-5.080100148916244507e-02
6.036351323127746582e-01
4.541177749633789062e-01
-2.343741431832313538e-02
5.747182965278625488e-01
3.842284679412841797e-01
-4.006394371390342712e-02
5.548316836357116699e-01
3.420338034629821777e-01
-5.310153588652610779e-02
5.357201695442199707e-01
3.071585297584533691e-01
-6.195756793022155762e-02
6.411154270172119141e-01
4.500437378883361816e-01
-3.310718387365341187e-02
6.371420621871948242e-01
3.868715763092041016e-01
-4.908119887113571167e-02
6.353954672813415527e-01
3.454414606094360352e-01
-5.623623356223106384e-02
6.323336958885192871e-01
3.095317184925079346e-01
-6.065390631556510925e-02
