6.735025644302368164e-01
6.239374876022338867e-01
2.697899788017821265e-07
6.142301559448242188e-01
6.413059234619140625e-01
-1.577875204384326935e-02
5.538696050643920898e-01
6.294030547142028809e-01
-2.309763431549072266e-02
5.110580325126647949e-01
6.052843928337097168e-01
-3.024302236735820770e-02
4.750209450721740723e-01
5.900605320930480957e-01
-3.777776286005973816e-02
5.435377955436706543e-01
5.293428301811218262e-01
-1.075283437967300415e-02
4.955717623233795166e-01
4.920617341995239258e-01
-2.671493589878082275e-02
4.651931822299957275e-01
4.712126851081848145e-01
-4.062386974692344666e-02
4.393370747566223145e-01
4.517882168292999268e-01
-5.120544135570526123e-02
5.668444633483886719e-01
4.903247058391571045e-01
-1.697647944092750549e-02
5.212292075157165527e-01
4.301227927207946777e-01
-3.076944686472415924e-02
4.913125634193420410e-01
3.935854434967041016e-01
-4.493225365877151489e-02
4.647135734558105469e-01
3.621439933776855469e-01
-5.569577962160110474e-02
5.986795425415039062e-01
4.680722057819366455e-01
-2.627310529351234436e-02
5.640457272529602051e-01
4.033346772193908691e-01
-4.479199275374412537e-02
5.396495461463928223e-01
3.640529513359069824e-01
-5.901206284761428833e-02
5.167051553726196289e-01
3.305184245109558105e-01
-6.878646463155746460e-02
6.363651156425476074e-01
4.598651528358459473e-01
-3.666868805885314941e-02
6.274755001068115234e-01
3.970643877983093262e-01
-5.430093780159950256e-02
6.217993497848510742e-01
3.554798364639282227e-01
-6.235239654779434204e-02
6.144196987152099609e-01
3.189050853252410889e-01
-6.765343248844146729e-02
