7.572855353355407715e-01
6.401696801185607910e-01
3.281108718056202633e-07
7.067179679870605469e-01
5.959410071372985840e-01
-2.251754887402057648e-02
6.688722968101501465e-01
5.356284976005554199e-01
-3.578509017825126648e-02
6.413088440895080566e-01
4.876308739185333252e-01
-4.727974161505699158e-02
6.217821836471557617e-01
4.467515945434570312e-01
-5.989762023091316223e-02
7.010194063186645508e-01
4.558435082435607910e-01
-3.018779493868350983e-02
6.834849715232849121e-01
3.830294609069824219e-01
-5.159421637654304504e-02
6.732454299926757812e-01
3.384901285171508789e-01
-6.778033077716827393e-02
6.655020713806152344e-01
3.013028800487518311e-01
-7.968719303607940674e-02
7.359478473663330078e-01
4.516941606998443604e-01
-3.552249819040298462e-02
7.306820750236511230e-01
3.686100244522094727e-01
-5.401153489947319031e-02
7.260034084320068359e-01
3.168462812900543213e-01
-6.924210488796234131e-02
7.220516800880432129e-01
2.746112346649169922e-01
-8.047635108232498169e-02
7.690777778625488281e-01
4.694424867630004883e-01
-4.368753731250762939e-02
7.724907398223876953e-01
3.959866464138031006e-01
-6.802759319543838501e-02
7.728651762008666992e-01
3.429913520812988281e-01
-8.556571602821350098e-02
7.738401293754577637e-01
2.986674904823303223e-01
-9.774053841829299927e-02
7.994366884231567383e-01
5.032612681388854980e-01
-5.264092981815338135e-02
8.021575808525085449e-01
4.811424314975738525e-01
-7.883318513631820679e-02
7.977663874626159668e-01
4.759010374546051025e-01
-8.986262232065200806e-02
7.923099994659423828e-01
4.719465076923370361e-01
-9.681671112775802612e-02
