8.154277205467224121e-01
5.681522488594055176e-01
3.054823878301249351e-07
7.520609498023986816e-01
5.678420066833496094e-01
-1.484826486557722092e-02
6.945651173591613770e-01
5.313203930854797363e-01
-2.106275595724582672e-02
6.577573418617248535e-01
4.905327558517456055e-01
-2.683481946587562561e-02
6.257729530334472656e-01
4.665421545505523682e-01
-3.301333263516426086e-02
7.076154351234436035e-01
4.320331513881683350e-01
-1.349026430398225784e-02
6.670613288879394531e-01
3.753593266010284424e-01
-2.735938690602779388e-02
6.430805325508117676e-01
3.397795557975769043e-01
-3.866044804453849792e-02
6.247102022171020508e-01
3.096830844879150391e-01
-4.708398133516311646e-02
7.410327792167663574e-01
4.025315642356872559e-01
-1.933367550373077393e-02
7.108243107795715332e-01
3.235172629356384277e-01
-3.034420497715473175e-02
6.909652352333068848e-01
2.751175761222839355e-01
-4.197376966476440430e-02
6.751605272293090820e-01
2.361336350440979004e-01
-5.077923461794853210e-02
7.781330943107604980e-01
3.922762870788574219e-01
-2.771283872425556183e-02
7.618545293807983398e-01
3.126433193683624268e-01
-4.457017034292221069e-02
7.485283613204956055e-01
2.634760141372680664e-01
-5.877489969134330750e-02
7.363619208335876465e-01
2.227218300104141235e-01
-6.854860484600067139e-02
8.175159692764282227e-01
3.983058631420135498e-01
-3.683333098888397217e-02
8.288115859031677246e-01
3.336100876331329346e-01
-5.489332973957061768e-02
8.361948728561401367e-01
2.918713688850402832e-01
-6.365600973367691040e-02
8.410218358039855957e-01
2.556846737861633301e-01
-6.894145160913467407e-02
