6.630839109420776367e-01
6.991539597511291504e-01
1.517380212590069277e-07
5.966492891311645508e-01
6.786193847656250000e-01
-1.346351485699415207e-02
5.402101874351501465e-01
6.252335309982299805e-01
-1.704988442361354828e-02
5.087090134620666504e-01
5.755612850189208984e-01
-2.118913270533084869e-02
4.855724275112152100e-01
5.368089079856872559e-01
-2.545017376542091370e-02
5.722770094871520996e-01
5.335136651992797852e-01
-2.907592337578535080e-03
5.387145876884460449e-01
4.690437316894531250e-01
-1.591756939888000488e-02
5.191037654876708984e-01
4.303991794586181641e-01
-2.798480540513992310e-02
5.023525953292846680e-01
3.982647657394409180e-01
-3.710719197988510132e-02
6.079367995262145996e-01
5.109473466873168945e-01
-8.509353734552860260e-03
5.860885381698608398e-01
4.295176565647125244e-01
-1.848153397440910339e-02
5.708938241004943848e-01
3.818793296813964844e-01
-3.001152165234088898e-02
5.583101511001586914e-01
3.421643972396850586e-01
-3.917832672595977783e-02
6.460374593734741211e-01
5.067364573478698730e-01
-1.751947402954101562e-02
6.339644789695739746e-01
4.273772239685058594e-01
-3.185479342937469482e-02
6.236696243286132812e-01
3.794889450073242188e-01
-4.392443969845771790e-02
6.139109730720520020e-01
3.392168581485748291e-01
-5.269982665777206421e-02
6.858937740325927734e-01
5.176285505294799805e-01
-2.796225249767303467e-02
6.977599859237670898e-01
4.576949775218963623e-01
-4.200337082147598267e-02
7.051835060119628906e-01
4.189876317977905273e-01
-4.915483295917510986e-02
7.106135487556457520e-01
3.846550583839416504e-01
-5.414173752069473267e-02
