7.362157702445983887e-01
9.363522529602050781e-01
5.530304179046652280e-07
6.317498683929443359e-01
8.794246912002563477e-01
-4.923230782151222229e-02
5.585441589355468750e-01
7.704784870147705078e-01
-7.740058004856109619e-02
5.255823135375976562e-01
6.673001050949096680e-01
-1.015345230698585510e-01
5.267405509948730469e-01
5.697004795074462891e-01
-1.248540505766868591e-01
6.237298846244812012e-01
5.945195555686950684e-01
-4.511564970016479492e-02
5.959172248840332031e-01
4.580289721488952637e-01
-8.742830902338027954e-02
5.717016458511352539e-01
3.764021694660186768e-01
-1.231023147702217102e-01
5.521376729011535645e-01
3.089982867240905762e-01
-1.486512124538421631e-01
6.868440508842468262e-01
5.775441527366638184e-01
-4.905211925506591797e-02
6.664564609527587891e-01
4.208062887191772461e-01
-8.570411056280136108e-02
6.490812301635742188e-01
3.270826339721679688e-01
-1.199001669883728027e-01
6.333937644958496094e-01
2.472042441368103027e-01
-1.449798792600631714e-01
7.502899169921875000e-01
5.909348726272583008e-01
-5.973262339830398560e-02
7.452118396759033203e-01
4.414204955101013184e-01
-9.778701514005661011e-02
7.384752035140991211e-01
3.514178693294525146e-01
-1.250025779008865356e-01
7.301145792007446289e-01
2.745566070079803467e-01
-1.443003565073013306e-01
8.143901228904724121e-01
6.312440633773803711e-01
-7.449779659509658813e-02
8.439729213714599609e-01
5.195835828781127930e-01
-1.077471598982810974e-01
8.617137670516967773e-01
4.452474415302276611e-01
-1.238473802804946899e-01
8.757423758506774902e-01
3.785089850425720215e-01
-1.348829567432403564e-01
