7.285183072090148926e-01
6.052992939949035645e-01
3.114062963049946120e-07
6.720864176750183105e-01
5.721060037612915039e-01
-1.561892684549093246e-02
6.299793720245361328e-01
5.199303030967712402e-01
-2.216316945850849152e-02
6.061898469924926758e-01
4.702620804309844971e-01
-2.832572907209396362e-02
5.887635946273803711e-01
4.297568500041961670e-01
-3.440538421273231506e-02
6.625850200653076172e-01
4.436988830566406250e-01
-1.103348936885595322e-02
6.421814560890197754e-01
3.769095242023468018e-01
-2.553511969745159149e-02
6.301722526550292969e-01
3.348158597946166992e-01
-3.725762665271759033e-02
6.214459538459777832e-01
2.984315752983093262e-01
-4.576671868562698364e-02
6.973871588706970215e-01
4.320503771305084229e-01
-1.554877497255802155e-02
6.887300610542297363e-01
3.522425591945648193e-01
-2.747054770588874817e-02
6.818253993988037109e-01
3.013167381286621094e-01
-3.903577849268913269e-02
6.763022541999816895e-01
2.586970329284667969e-01
-4.753693938255310059e-02
7.311651110649108887e-01
4.365105628967285156e-01
-2.298434451222419739e-02
7.327858805656433105e-01
3.573138415813446045e-01
-3.929062187671661377e-02
7.313451766967773438e-01
3.104430139064788818e-01
-5.104342103004455566e-02
7.290967702865600586e-01
2.712897062301635742e-01
-5.861633270978927612e-02
7.638670802116394043e-01
4.553626775741577148e-01
-3.154757991433143616e-02
7.832453250885009766e-01
4.012005329132080078e-01
-4.844620078802108765e-02
7.941817641258239746e-01
3.646722435951232910e-01
-5.611822754144668579e-02
8.023560047149658203e-01
3.322671651840209961e-01
-6.035364419221878052e-02
