6.896933913230895996e-01
6.208572387695312500e-01
2.333188717784651089e-07
6.300264596939086914e-01
6.110379695892333984e-01
-1.392684318125247955e-02
5.757778882980346680e-01
5.757908225059509277e-01
-2.089637517929077148e-02
5.384025573730468750e-01
5.431329011917114258e-01
-2.771167270839214325e-02
5.098399519920349121e-01
5.161917209625244141e-01
-3.485517948865890503e-02
5.858775973320007324e-01
4.869008660316467285e-01
-1.176837738603353500e-02
5.463008284568786621e-01
4.316962659358978271e-01
-2.791251428425312042e-02
5.216012597084045410e-01
3.999266624450683594e-01
-4.126456752419471741e-02
5.010874867439270020e-01
3.729500770568847656e-01
-5.061640217900276184e-02
6.155526638031005859e-01
4.587946534156799316e-01
-1.757160387933254242e-02
5.845080614089965820e-01
3.849156796932220459e-01
-3.041544370353221893e-02
5.616182684898376465e-01
3.432990014553070068e-01
-4.242527484893798828e-02
5.405841469764709473e-01
3.096682429313659668e-01
-5.121799558401107788e-02
6.491542458534240723e-01
4.471688568592071533e-01
-2.602486312389373779e-02
6.289622187614440918e-01
3.711624741554260254e-01
-4.087514802813529968e-02
6.131645441055297852e-01
3.285356462001800537e-01
-5.077232792973518372e-02
5.978397130966186523e-01
2.940728068351745605e-01
-5.757195129990577698e-02
6.850990653038024902e-01
4.504917562007904053e-01
-3.568179160356521606e-02
6.859394311904907227e-01
3.871102929115295410e-01
-4.912155866622924805e-02
6.852002143859863281e-01
3.470678925514221191e-01
-5.380399525165557861e-02
6.826021671295166016e-01
3.128035366535186768e-01
-5.653185024857521057e-02
