8.547297716140747070e-01
6.184047460556030273e-01
1.763405492738456815e-07
7.895280718803405762e-01
6.078059077262878418e-01
-1.292898599058389664e-02
7.332605123519897461e-01
5.646855831146240234e-01
-1.857543177902698517e-02
6.982506513595581055e-01
5.173213481903076172e-01
-2.476008050143718719e-02
6.813865900039672852e-01
4.737952947616577148e-01
-3.073538467288017273e-02
7.463890910148620605e-01
4.753441214561462402e-01
-4.204607103019952774e-03
7.083827853202819824e-01
4.214099645614624023e-01
-2.082771435379981995e-02
6.822712421417236328e-01
3.946924507617950439e-01
-3.543188422918319702e-02
6.587313413619995117e-01
3.728403747081756592e-01
-4.576285183429718018e-02
7.761527299880981445e-01
4.475429356098175049e-01
-1.061800587922334671e-02
7.403643727302551270e-01
3.811223506927490234e-01
-2.504308521747589111e-02
7.150429487228393555e-01
3.438592553138732910e-01
-3.880881145596504211e-02
6.920114159584045410e-01
3.142921030521392822e-01
-4.814757779240608215e-02
8.109173774719238281e-01
4.340479969978332520e-01
-2.003841288387775421e-02
7.837396860122680664e-01
3.632393181324005127e-01
-3.629494830965995789e-02
7.639986276626586914e-01
3.223379254341125488e-01
-4.543599113821983337e-02
7.433168888092041016e-01
2.904992103576660156e-01
-5.079437419772148132e-02
8.504603505134582520e-01
4.332401752471923828e-01
-3.075320832431316376e-02
8.393323421478271484e-01
3.697084188461303711e-01
-4.466817155480384827e-02
8.280583620071411133e-01
3.299827873706817627e-01
-4.857173562049865723e-02
8.142586946487426758e-01
2.979156076908111572e-01
-5.027024075388908386e-02
