7.294799089431762695e-01
6.060681343078613281e-01
3.059625157675327500e-07
6.753254532814025879e-01
5.708516240119934082e-01
-1.403624843806028366e-02
6.355123519897460938e-01
5.156967043876647949e-01
-2.030720375478267670e-02
6.128300428390502930e-01
4.661803245544433594e-01
-2.635473571717739105e-02
5.958172082901000977e-01
4.253132939338684082e-01
-3.250015154480934143e-02
6.685650944709777832e-01
4.439631700515747070e-01
-1.064040698111057281e-02
6.500795483589172363e-01
3.762928545475006104e-01
-2.466999366879463196e-02
6.399046182632446289e-01
3.339648544788360596e-01
-3.584289178252220154e-02
6.327148079872131348e-01
2.980638742446899414e-01
-4.382452368736267090e-02
7.038424611091613770e-01
4.335952699184417725e-01
-1.575223542749881744e-02
6.975067257881164551e-01
3.523233830928802490e-01
-2.717872895300388336e-02
6.918100714683532715e-01
3.016579747200012207e-01
-3.834280744194984436e-02
6.864891648292541504e-01
2.594158351421356201e-01
-4.635578393936157227e-02
7.381682991981506348e-01
4.399368166923522949e-01
-2.345846220850944519e-02
7.416632175445556641e-01
3.627975583076477051e-01
-3.854052349925041199e-02
7.416298389434814453e-01
3.141775131225585938e-01
-4.948635771870613098e-02
7.404406070709228516e-01
2.724945247173309326e-01
-5.667103826999664307e-02
7.711258530616760254e-01
4.603219032287597656e-01
-3.211680799722671509e-02
7.912369966506958008e-01
4.073794186115264893e-01
-4.678793251514434814e-02
8.035730719566345215e-01
3.714076578617095947e-01
-5.270756781101226807e-02
8.130266070365905762e-01
3.391851782798767090e-01
-5.594951659440994263e-02
