6.674015522003173828e-01
6.131443977355957031e-01
2.693074350190727273e-07
6.076880693435668945e-01
6.165808439254760742e-01
-1.481026783585548401e-02
5.510235428810119629e-01
5.927306413650512695e-01
-2.259869128465652466e-02
5.125944018363952637e-01
5.638747811317443848e-01
-3.020083718001842499e-02
4.823622703552246094e-01
5.382023453712463379e-01
-3.801738470792770386e-02
5.510821938514709473e-01
4.911804199218750000e-01
-1.201664004474878311e-02
5.062236785888671875e-01
4.410055577754974365e-01
-2.764279767870903015e-02
4.783481359481811523e-01
4.109538197517395020e-01
-4.087110236287117004e-02
4.551284015178680420e-01
3.855066299438476562e-01
-5.059994384646415710e-02
5.792062878608703613e-01
4.597609341144561768e-01
-1.827563531696796417e-02
5.426564216613769531e-01
3.911777436733245850e-01
-3.157553449273109436e-02
5.167331695556640625e-01
3.514070510864257812e-01
-4.478282481431961060e-02
4.931666553020477295e-01
3.196311891078948975e-01
-5.450836569070816040e-02
6.128447055816650391e-01
4.450011849403381348e-01
-2.729255892336368561e-02
5.878208279609680176e-01
3.721799552440643311e-01
-4.418249428272247314e-02
5.683567523956298828e-01
3.301624059677124023e-01
-5.644558742642402649e-02
5.493994951248168945e-01
2.960075736045837402e-01
-6.474765390157699585e-02
6.501358747482299805e-01
4.452624917030334473e-01
-3.737720102071762085e-02
6.490958929061889648e-01
3.808558285236358643e-01
-5.366623774170875549e-02
6.471967697143554688e-01
3.394061326980590820e-01
-6.040268018841743469e-02
6.435545086860656738e-01
3.036937117576599121e-01
-6.435939669609069824e-02
