7.191843986511230469e-01
5.971379280090332031e-01
3.070582010877842549e-07
6.639853119850158691e-01
5.637127757072448730e-01
-1.609397493302822113e-02
6.209520101547241211e-01
5.086328983306884766e-01
-2.373697236180305481e-02
5.949338674545288086e-01
4.587058424949645996e-01
-3.075051866471767426e-02
5.756556391716003418e-01
4.167236983776092529e-01
-3.781210258603096008e-02
6.538726091384887695e-01
4.297651946544647217e-01
-1.396751776337623596e-02
6.325486302375793457e-01
3.592572212219238281e-01
-2.884475141763687134e-02
6.201580166816711426e-01
3.157830834388732910e-01
-4.045341163873672485e-02
6.110575795173645020e-01
2.793392539024353027e-01
-4.882283881306648254e-02
6.899296045303344727e-01
4.175499081611633301e-01
-1.873335987329483032e-02
6.807486414909362793e-01
3.328417539596557617e-01
-3.093847073614597321e-02
6.728365421295166016e-01
2.808922231197357178e-01
-4.249467700719833374e-02
6.652997732162475586e-01
2.386036813259124756e-01
-5.100445821881294250e-02
7.252404093742370605e-01
4.230097234249114990e-01
-2.623710222542285919e-02
7.284932732582092285e-01
3.415224850177764893e-01
-4.255876317620277405e-02
7.273869514465332031e-01
2.914264798164367676e-01
-5.469245463609695435e-02
7.247474193572998047e-01
2.491667121648788452e-01
-6.280433386564254761e-02
7.594392299652099609e-01
4.434309601783752441e-01
-3.477193042635917664e-02
7.815085649490356445e-01
3.865057826042175293e-01
-5.128663778305053711e-02
7.953128218650817871e-01
3.486240804195404053e-01
-5.876661837100982666e-02
8.057597279548645020e-01
3.154038190841674805e-01
-6.310592591762542725e-02
