7.185893058776855469e-01
6.044418215751647949e-01
2.908687974922941066e-07
6.606835722923278809e-01
5.799557566642761230e-01
-1.556942146271467209e-02
6.143527030944824219e-01
5.323539376258850098e-01
-2.271918952465057373e-02
5.852032899856567383e-01
4.888695180416107178e-01
-2.931216359138488770e-02
5.637803077697753906e-01
4.506654441356658936e-01
-3.598500415682792664e-02
6.391627788543701172e-01
4.521765410900115967e-01
-1.295396964997053146e-02
6.132863163948059082e-01
3.883187770843505859e-01
-2.795672789216041565e-02
5.978027582168579102e-01
3.482132554054260254e-01
-3.985787928104400635e-02
5.856456756591796875e-01
3.137137889862060547e-01
-4.844353720545768738e-02
6.734022498130798340e-01
4.351571202278137207e-01
-1.773942075669765472e-02
6.585800647735595703e-01
3.555527925491333008e-01
-2.981809712946414948e-02
6.468504667282104492e-01
3.071502149105072021e-01
-4.104245454072952271e-02
6.356918811798095703e-01
2.664486765861511230e-01
-4.925878718495368958e-02
7.082326412200927734e-01
4.355170428752899170e-01
-2.530272677540779114e-02
7.028951048851013184e-01
3.570840358734130859e-01
-4.087838903069496155e-02
6.968993544578552246e-01
3.092164993286132812e-01
-5.159485340118408203e-02
6.898144483566284180e-01
2.678109407424926758e-01
-5.871741101145744324e-02
7.430548667907714844e-01
4.502541422843933105e-01
-3.398433327674865723e-02
7.566487193107604980e-01
3.913306295871734619e-01
-4.911403357982635498e-02
7.644677162170410156e-01
3.522828519344329834e-01
-5.518477782607078552e-02
7.692488431930541992e-01
3.173605203628540039e-01
-5.863131210207939148e-02
