6.917383670806884766e-01
6.313183903694152832e-01
3.230316849567316240e-07
6.285387277603149414e-01
6.320825815200805664e-01
-1.885536499321460724e-02
5.695573091506958008e-01
6.001929044723510742e-01
-2.834755554795265198e-02
5.306818485260009766e-01
5.602666139602661133e-01
-3.717469796538352966e-02
4.973627626895904541e-01
5.277791619300842285e-01
-4.629736766219139099e-02
5.786989927291870117e-01
4.908511638641357422e-01
-1.620743982493877411e-02
5.357985496520996094e-01
4.337410628795623779e-01
-3.318036720156669617e-02
5.088628530502319336e-01
3.983746767044067383e-01
-4.713671281933784485e-02
4.870032668113708496e-01
3.676198720932006836e-01
-5.761026963591575623e-02
6.113190054893493652e-01
4.592009186744689941e-01
-2.204270660877227783e-02
5.769372582435607910e-01
3.795191347599029541e-01
-3.710342198610305786e-02
5.527110695838928223e-01
3.313895463943481445e-01
-5.227930843830108643e-02
5.316116809844970703e-01
2.911790907382965088e-01
-6.353200227022171021e-02
6.487769484519958496e-01
4.481458365917205811e-01
-3.095117583870887756e-02
6.267541050910949707e-01
3.662439584732055664e-01
-5.165888741612434387e-02
6.100060343742370605e-01
3.161225318908691406e-01
-6.807765364646911621e-02
5.938810110092163086e-01
2.734507918357849121e-01
-7.917989045381546021e-02
6.891050338745117188e-01
4.541878104209899902e-01
-4.091245308518409729e-02
6.967339515686035156e-01
3.851161301136016846e-01
-6.212009862065315247e-02
7.023851871490478516e-01
3.391920924186706543e-01
-7.267052680253982544e-02
7.051639556884765625e-01
2.989116907119750977e-01
-7.916498184204101562e-02
