7.069119811058044434e-01
6.218460798263549805e-01
2.197433275341609260e-07
6.552508473396301270e-01
6.009941101074218750e-01
-1.623097434639930725e-02
6.120897531509399414e-01
5.580777525901794434e-01
-2.573418430984020233e-02
5.813798904418945312e-01
5.218518376350402832e-01
-3.475762531161308289e-02
5.569373369216918945e-01
4.928172528743743896e-01
-4.395268112421035767e-02
6.324678659439086914e-01
4.808396399021148682e-01
-1.593228429555892944e-02
6.043235659599304199e-01
4.223064482212066650e-01
-3.489837795495986938e-02
5.839897394180297852e-01
3.889982104301452637e-01
-4.971197247505187988e-02
5.664936304092407227e-01
3.613877892494201660e-01
-5.963172763586044312e-02
6.612489223480224609e-01
4.629319012165069580e-01
-2.033934369683265686e-02
6.425108909606933594e-01
3.886745870113372803e-01
-3.574170172214508057e-02
6.270417571067810059e-01
3.454338014125823975e-01
-4.814100265502929688e-02
6.123818159103393555e-01
3.102661371231079102e-01
-5.683201923966407776e-02
6.918019652366638184e-01
4.601041674613952637e-01
-2.751293033361434937e-02
6.828777790069580078e-01
3.888337314128875732e-01
-4.349054396152496338e-02
6.744309663772583008e-01
3.468653559684753418e-01
-5.250952765345573425e-02
6.649413704872131348e-01
3.121341466903686523e-01
-5.836381018161773682e-02
7.235998511314392090e-01
4.700533151626586914e-01
-3.615798428654670715e-02
7.328852415084838867e-01
4.144730269908905029e-01
-4.964678362011909485e-02
7.359412908554077148e-01
3.772181272506713867e-01
-5.441498756408691406e-02
7.358865737915039062e-01
3.441466093063354492e-01
-5.719563364982604980e-02
