6.815631389617919922e-01
6.277260184288024902e-01
2.581339231255697086e-07
6.219868063926696777e-01
6.272461414337158203e-01
-1.342603657394647598e-02
5.661906599998474121e-01
6.008700132369995117e-01
-2.002600394189357758e-02
5.287524461746215820e-01
5.703817009925842285e-01
-2.677755244076251984e-02
4.975585341453552246e-01
5.454147458076477051e-01
-3.387520462274551392e-02
5.677582025527954102e-01
5.039177536964416504e-01
-7.967678830027580261e-03
5.276163816452026367e-01
4.556447565555572510e-01
-2.189126610755920410e-02
5.027709007263183594e-01
4.259200096130371094e-01
-3.416523337364196777e-02
4.824959337711334229e-01
3.992016017436981201e-01
-4.353155568242073059e-02
5.958459973335266113e-01
4.727131724357604980e-01
-1.465871278196573257e-02
5.609834790229797363e-01
4.042225182056427002e-01
-2.666651271283626556e-02
5.363187789916992188e-01
3.639949560165405273e-01
-3.938828408718109131e-02
5.144202113151550293e-01
3.306162953376770020e-01
-4.898007214069366455e-02
6.293878555297851562e-01
4.585654139518737793e-01
-2.416191250085830688e-02
6.045421957969665527e-01
3.854372501373291016e-01
-4.002030566334724426e-02
5.854448676109313965e-01
3.436304330825805664e-01
-5.193223431706428528e-02
5.677149891853332520e-01
3.088606595993041992e-01
-6.021515280008316040e-02
6.665186285972595215e-01
4.596253931522369385e-01
-3.468788415193557739e-02
6.644951701164245605e-01
3.971719741821289062e-01
-5.005474016070365906e-02
6.626167297363281250e-01
3.566285967826843262e-01
-5.638530477881431580e-02
6.594241857528686523e-01
3.216313719749450684e-01
-6.031109392642974854e-02
