8.053214550018310547e-01
5.710212588310241699e-01
3.463909763468109304e-07
7.458672523498535156e-01
5.629820823669433594e-01
-2.068526484072208405e-02
6.911691427230834961e-01
5.255433320999145508e-01
-3.272008895874023438e-02
6.534369587898254395e-01
4.874561727046966553e-01
-4.301612451672554016e-02
6.230821013450622559e-01
4.588438272476196289e-01
-5.321028456091880798e-02
7.054021358489990234e-01
4.257754981517791748e-01
-2.586409077048301697e-02
6.687601208686828613e-01
3.597969412803649902e-01
-4.542374238371849060e-02
6.477903723716735840e-01
3.231052458286285400e-01
-5.984110757708549500e-02
6.326963901519775391e-01
2.924376428127288818e-01
-6.945554167032241821e-02
7.401956319808959961e-01
3.998016417026519775e-01
-3.006729297339916229e-02
7.151424288749694824e-01
3.159530162811279297e-01
-4.625971615314483643e-02
7.013155817985534668e-01
2.638160288333892822e-01
-5.965197458863258362e-02
6.915708184242248535e-01
2.207839041948318481e-01
-6.939570605754852295e-02
7.771288156509399414e-01
3.927510976791381836e-01
-3.701450675725936890e-02
7.719623446464538574e-01
3.100455999374389648e-01
-5.675344541668891907e-02
7.686901092529296875e-01
2.575280666351318359e-01
-7.094643265008926392e-02
7.652660608291625977e-01
2.137438654899597168e-01
-8.051922917366027832e-02
8.153049945831298828e-01
4.023362100124359131e-01
-4.511156305670738220e-02
8.298534750938415527e-01
3.369981646537780762e-01
-6.482991576194763184e-02
8.403080105781555176e-01
2.956481873989105225e-01
-7.369510829448699951e-02
8.479139208793640137e-01
2.599124312400817871e-01
-7.886727154254913330e-02
