7.663571238517761230e-01
6.279924511909484863e-01
3.208131431620131480e-07
7.175161242485046387e-01
5.801054239273071289e-01
-1.531539577990770340e-02
6.865995526313781738e-01
5.188928246498107910e-01
-2.207905426621437073e-02
6.733657121658325195e-01
4.644229710102081299e-01
-2.802164666354656219e-02
6.667125225067138672e-01
4.194979071617126465e-01
-3.379266709089279175e-02
7.329924106597900391e-01
4.589200615882873535e-01
-1.296221930533647537e-02
7.280967831611633301e-01
3.865351676940917969e-01
-2.659699879586696625e-02
7.285504341125488281e-01
3.423752784729003906e-01
-3.724905475974082947e-02
7.307724952697753906e-01
3.071790635585784912e-01
-4.464833810925483704e-02
7.688560485839843750e-01
4.598816931247711182e-01
-1.690118573606014252e-02
7.762479782104492188e-01
3.814625144004821777e-01
-2.796714194118976593e-02
7.806012630462646484e-01
3.325211405754089355e-01
-3.874133154749870300e-02
7.853342294692993164e-01
2.944440245628356934e-01
-4.641067236661911011e-02
8.004508614540100098e-01
4.771241843700408936e-01
-2.329925261437892914e-02
8.183718323707580566e-01
4.047468900680541992e-01
-3.819889202713966370e-02
8.275830149650573730e-01
3.603169023990631104e-01
-4.921090975403785706e-02
8.352326154708862305e-01
3.246389329433441162e-01
-5.633986368775367737e-02
8.282232284545898438e-01
5.082068443298339844e-01
-3.060442954301834106e-02
8.565630316734313965e-01
4.658440053462982178e-01
-4.664969816803932190e-02
8.738721609115600586e-01
4.359539449214935303e-01
-5.347649380564689636e-02
8.884156346321105957e-01
4.099093079566955566e-01
-5.686548352241516113e-02
