7.095588445663452148e-01
5.985043644905090332e-01
3.041526497327140532e-07
6.492050290107727051e-01
5.813679695129394531e-01
-1.775606721639633179e-02
5.974718332290649414e-01
5.384253263473510742e-01
-2.570042200386524200e-02
5.654256343841552734e-01
4.925504624843597412e-01
-3.271537646651268005e-02
5.422145128250122070e-01
4.537305235862731934e-01
-3.946584463119506836e-02
6.187120676040649414e-01
4.477064311504364014e-01
-1.448046788573265076e-02
5.880100727081298828e-01
3.840599358081817627e-01
-2.996924519538879395e-02
5.699951052665710449e-01
3.447737693786621094e-01
-4.237731918692588806e-02
5.558597445487976074e-01
3.104180097579956055e-01
-5.146581307053565979e-02
6.527457237243652344e-01
4.270989298820495605e-01
-1.865128800272941589e-02
6.321362257003784180e-01
3.477803468704223633e-01
-3.118620626628398895e-02
6.180427074432373047e-01
2.986901402473449707e-01
-4.301803186535835266e-02
6.061195731163024902e-01
2.582481205463409424e-01
-5.181815475225448608e-02
6.887284517288208008e-01
4.238631427288055420e-01
-2.582973055541515350e-02
6.793416142463684082e-01
3.428560793399810791e-01
-4.287822172045707703e-02
6.719850301742553711e-01
2.952162921428680420e-01
-5.506361648440361023e-02
6.646584868431091309e-01
2.560372948646545410e-01
-6.306394934654235840e-02
7.257563471794128418e-01
4.360846579074859619e-01
-3.424808382987976074e-02
7.374747395515441895e-01
3.758253455162048340e-01
-5.238423869013786316e-02
7.446003556251525879e-01
3.361115455627441406e-01
-6.064884737133979797e-02
7.496706843376159668e-01
3.017600774765014648e-01
-6.522984057664871216e-02
