7.267308235168457031e-01
5.695291757583618164e-01
3.603639129323710222e-07
6.790140271186828613e-01
5.489142537117004395e-01
-1.989527605473995209e-02
6.393190622329711914e-01
5.048369169235229492e-01
-3.002032265067100525e-02
6.109571456909179688e-01
4.653260707855224609e-01
-3.869795426726341248e-02
5.843061804771423340e-01
4.407022595405578613e-01
-4.708191752433776855e-02
6.605331301689147949e-01
4.247993826866149902e-01
-1.680119521915912628e-02
6.462964415550231934e-01
3.597798347473144531e-01
-3.215551376342773438e-02
6.384468674659729004e-01
3.182200193405151367e-01
-4.445132240653038025e-02
6.341261267662048340e-01
2.823883295059204102e-01
-5.318820104002952576e-02
6.894867420196533203e-01
4.094300270080566406e-01
-1.897154562175273895e-02
6.835677623748779297e-01
3.342372179031372070e-01
-3.135600313544273376e-02
6.814791560173034668e-01
2.853643298149108887e-01
-4.218684136867523193e-02
6.821190118789672852e-01
2.435201704502105713e-01
-5.031135678291320801e-02
7.184559106826782227e-01
4.101411700248718262e-01
-2.413425594568252563e-02
7.214676737785339355e-01
3.395175039768218994e-01
-3.918712958693504333e-02
7.253289818763732910e-01
2.950676083564758301e-01
-4.889469593763351440e-02
7.293405532836914062e-01
2.573801875114440918e-01
-5.529949441552162170e-02
7.471672296524047852e-01
4.244516491889953613e-01
-3.101720660924911499e-02
7.607977390289306641e-01
3.717460930347442627e-01
-4.571809247136116028e-02
7.719285488128662109e-01
3.387548923492431641e-01
-5.131559818983078003e-02
7.816115617752075195e-01
3.109967410564422607e-01
-5.436700955033302307e-02
