6.725195050239562988e-01
6.020681858062744141e-01
2.388984512435854413e-07
6.113197207450866699e-01
5.982888936996459961e-01
-1.646616123616695404e-02
5.566962361335754395e-01
5.630235671997070312e-01
-2.342164330184459686e-02
5.207990407943725586e-01
5.244942903518676758e-01
-2.968299761414527893e-02
4.927194714546203613e-01
4.939996600151062012e-01
-3.596588969230651855e-02
5.712416768074035645e-01
4.717707335948944092e-01
-1.045852433890104294e-02
5.325385332107543945e-01
4.196303784847259521e-01
-2.431936934590339661e-02
5.090519189834594727e-01
3.866896927356719971e-01
-3.621467947959899902e-02
4.900652468204498291e-01
3.580940067768096924e-01
-4.505374282598495483e-02
6.009599566459655762e-01
4.426449537277221680e-01
-1.464138459414243698e-02
5.717022418975830078e-01
3.701798915863037109e-01
-2.589002437889575958e-02
5.501872897148132324e-01
3.270942866802215576e-01
-3.744510933756828308e-02
5.312993526458740234e-01
2.919427752494812012e-01
-4.621469229459762573e-02
6.350288987159729004e-01
4.320196211338043213e-01
-2.194168232381343842e-02
6.167805194854736328e-01
3.576216399669647217e-01
-3.696382418274879456e-02
6.020631790161132812e-01
3.139527738094329834e-01
-4.900392144918441772e-02
5.882894396781921387e-01
2.777882814407348633e-01
-5.727732926607131958e-02
6.719336509704589844e-01
4.356385767459869385e-01
-3.056422062218189240e-02
6.763566136360168457e-01
3.737547397613525391e-01
-4.548132792115211487e-02
6.785420179367065430e-01
3.329036235809326172e-01
-5.281751602888107300e-02
6.788743734359741211e-01
2.972490787506103516e-01
-5.749629065394401550e-02
