6.859276890754699707e-01
6.183021664619445801e-01
2.943580739156459458e-07
6.255464553833007812e-01
6.283454298973083496e-01
-1.766978763043880463e-02
5.660697817802429199e-01
6.104395985603332520e-01
-2.654596418142318726e-02
5.229841470718383789e-01
5.868452787399291992e-01
-3.481854870915412903e-02
4.872518777847290039e-01
5.699043869972229004e-01
-4.294632747769355774e-02
5.566206574440002441e-01
5.126873850822448730e-01
-1.359105203300714493e-02
5.086479783058166504e-01
4.706016778945922852e-01
-2.988543175160884857e-02
4.803433418273925781e-01
4.439905285835266113e-01
-4.340434819459915161e-02
4.576595425605773926e-01
4.196650981903076172e-01
-5.329271405935287476e-02
5.819578170776367188e-01
4.767283499240875244e-01
-1.872221566736698151e-02
5.384085178375244141e-01
4.147116541862487793e-01
-3.274947404861450195e-02
5.100251436233520508e-01
3.766098618507385254e-01
-4.637324064970016479e-02
4.859182536602020264e-01
3.448671102523803711e-01
-5.632237344980239868e-02
6.152523159980773926e-01
4.567095041275024414e-01
-2.689780294895172119e-02
5.830257534980773926e-01
3.860378265380859375e-01
-4.477138817310333252e-02
5.615895390510559082e-01
3.457003235816955566e-01
-5.775143578648567200e-02
5.417010784149169922e-01
3.128120899200439453e-01
-6.634293496608734131e-02
6.541134119033813477e-01
4.516309201717376709e-01
-3.635028004646301270e-02
6.471318006515502930e-01
3.886700272560119629e-01
-5.428204312920570374e-02
6.416369080543518066e-01
3.473258912563323975e-01
-6.224559620022773743e-02
6.350709795951843262e-01
3.115614056587219238e-01
-6.679155677556991577e-02
