7.290515899658203125e-01
8.549296259880065918e-01
5.813438406221393961e-07
6.322568655014038086e-01
7.858040332794189453e-01
-3.446379303932189941e-02
5.674006342887878418e-01
6.679525971412658691e-01
-5.229915678501129150e-02
5.475574731826782227e-01
5.606947541236877441e-01
-6.788232177495956421e-02
5.388090610504150391e-01
4.707970917224884033e-01
-8.394844084978103638e-02
6.408421397209167480e-01
5.091113448143005371e-01
-3.566123917698860168e-02
6.139432191848754883e-01
3.727818727493286133e-01
-6.875032931566238403e-02
5.968146324157714844e-01
2.904131412506103516e-01
-9.483623504638671875e-02
5.835444331169128418e-01
2.207431793212890625e-01
-1.137226969003677368e-01
7.111381888389587402e-01
5.013812184333801270e-01
-4.524570703506469727e-02
7.128345370292663574e-01
3.400830030441284180e-01
-7.331016659736633301e-02
7.058064341545104980e-01
2.418643236160278320e-01
-9.952806681394577026e-02
6.964319348335266113e-01
1.603251993656158447e-01
-1.189602911472320557e-01
7.760444879531860352e-01
5.290729403495788574e-01
-6.009636446833610535e-02
7.980247735977172852e-01
3.796822428703308105e-01
-9.353166818618774414e-02
8.019798994064331055e-01
2.862173914909362793e-01
-1.188120320439338684e-01
8.008311390876770020e-01
2.047502696514129639e-01
-1.369144469499588013e-01
8.353075981140136719e-01
5.844458937644958496e-01
-7.737137377262115479e-02
8.868390321731567383e-01
4.840269982814788818e-01
-1.104864180088043213e-01
9.203734397888183594e-01
4.154397845268249512e-01
-1.262045949697494507e-01
9.462480545043945312e-01
3.523458242416381836e-01
-1.363722383975982666e-01
