7.589595317840576172e-01
9.741693735122680664e-01
6.448634053413115907e-07
6.579688787460327148e-01
9.082204103469848633e-01
-4.691583663225173950e-02
5.893750190734863281e-01
7.904832363128662109e-01
-7.221317291259765625e-02
5.612264275550842285e-01
6.846367716789245605e-01
-9.349758923053741455e-02
5.586674809455871582e-01
5.885141491889953613e-01
-1.146838366985321045e-01
6.625319719314575195e-01
6.266869902610778809e-01
-5.021816119551658630e-02
6.413271427154541016e-01
4.848107695579528809e-01
-9.157419949769973755e-02
6.287071704864501953e-01
3.947383761405944824e-01
-1.237087696790695190e-01
6.215059161186218262e-01
3.153342008590698242e-01
-1.475089043378829956e-01
7.358089089393615723e-01
6.195910573005676270e-01
-5.717616155743598938e-02
7.332335710525512695e-01
4.581973552703857422e-01
-9.493239969015121460e-02
7.306455969810485840e-01
3.553059697151184082e-01
-1.281254142522811890e-01
7.290672063827514648e-01
2.634191811084747314e-01
-1.523419767618179321e-01
8.034287095069885254e-01
6.499056816101074219e-01
-7.039561867713928223e-02
8.194487690925598145e-01
5.035990476608276367e-01
-1.135887950658798218e-01
8.274426460266113281e-01
4.080152511596679688e-01
-1.442227363586425781e-01
8.311932682991027832e-01
3.204691112041473389e-01
-1.649734973907470703e-01
8.665198087692260742e-01
7.081323266029357910e-01
-8.669663220643997192e-02
9.165790677070617676e-01
6.063519120216369629e-01
-1.268149763345718384e-01
9.484677910804748535e-01
5.324916243553161621e-01
-1.469401121139526367e-01
9.727828502655029297e-01
4.601075649261474609e-01
-1.602613478899002075e-01
