6.786275506019592285e-01
6.325170397758483887e-01
2.617898928747308673e-07
6.190749406814575195e-01
6.354819536209106445e-01
-1.702645048499107361e-02
5.633688569068908691e-01
6.077313423156738281e-01
-2.493268065154552460e-02
5.262622237205505371e-01
5.733780264854431152e-01
-3.221600130200386047e-02
4.954459667205810547e-01
5.460004806518554688e-01
-3.944364935159683228e-02
5.653074383735656738e-01
5.091921687126159668e-01
-1.060853246599435806e-02
5.243524312973022461e-01
4.597271382808685303e-01
-2.549253031611442566e-02
4.992432594299316406e-01
4.290339350700378418e-01
-3.837530314922332764e-02
4.790155589580535889e-01
4.015144705772399902e-01
-4.794794321060180664e-02
5.932531356811523438e-01
4.773756265640258789e-01
-1.514127291738986969e-02
5.596781969070434570e-01
4.066622853279113770e-01
-2.752252668142318726e-02
5.359900593757629395e-01
3.641391098499298096e-01
-4.015835002064704895e-02
5.154531002044677734e-01
3.283761143684387207e-01
-4.965963214635848999e-02
6.265587806701660156e-01
4.639149606227874756e-01
-2.287449873983860016e-02
6.024621725082397461e-01
3.910931050777435303e-01
-3.881592303514480591e-02
5.849848389625549316e-01
3.479303121566772461e-01
-5.111326649785041809e-02
5.687204599380493164e-01
3.115488588809967041e-01
-5.960985273122787476e-02
6.638451218605041504e-01
4.647279977798461914e-01
-3.203829377889633179e-02
6.626692414283752441e-01
4.024045467376708984e-01
-4.747604206204414368e-02
6.614691615104675293e-01
3.606719970703125000e-01
-5.466912314295768738e-02
6.589110493659973145e-01
3.235303163528442383e-01
-5.925995856523513794e-02
