7.061228156089782715e-01
7.278710603713989258e-01
3.927734155695361551e-07
6.479460597038269043e-01
6.701756119728088379e-01
-1.845165528357028961e-02
6.100816130638122559e-01
5.843945741653442383e-01
-2.623598650097846985e-02
5.913951992988586426e-01
5.203070640563964844e-01
-3.318216651678085327e-02
5.776073932647705078e-01
4.744368493556976318e-01
-3.997391462326049805e-02
6.665306091308593750e-01
5.047810673713684082e-01
-1.683353260159492493e-02
6.634075641632080078e-01
4.129221439361572266e-01
-3.390742465853691101e-02
6.637020707130432129e-01
3.568228185176849365e-01
-4.731263220310211182e-02
6.665149331092834473e-01
3.117653727531433105e-01
-5.687332525849342346e-02
7.125711441040039062e-01
5.034285187721252441e-01
-2.171050570905208588e-02
7.232146263122558594e-01
4.063507318496704102e-01
-3.487377613782882690e-02
7.295091152191162109e-01
3.447859883308410645e-01
-4.755644872784614563e-02
7.366468310356140137e-01
2.937262654304504395e-01
-5.721079930663108826e-02
7.538863420486450195e-01
5.199664235115051270e-01
-2.964122034609317780e-02
7.719850540161132812e-01
4.306876361370086670e-01
-4.663310199975967407e-02
7.819579839706420898e-01
3.745924532413482666e-01
-5.976655706763267517e-02
7.906923294067382812e-01
3.272708058357238770e-01
-6.916797906160354614e-02
7.898235917091369629e-01
5.526845455169677734e-01
-3.905072063207626343e-02
8.234343528747558594e-01
4.987562298774719238e-01
-5.734092742204666138e-02
8.476951718330383301e-01
4.632177948951721191e-01
-6.599145382642745972e-02
8.693596720695495605e-01
4.319266080856323242e-01
-7.112844288349151611e-02
