5.996844172477722168e-01
9.371806979179382324e-01
1.161868681265332270e-07
4.704918861389160156e-01
8.844857215881347656e-01
-7.335545867681503296e-02
3.681504726409912109e-01
7.607319951057434082e-01
-1.184960678219795227e-01
3.161036074161529541e-01
6.396116018295288086e-01
-1.595237255096435547e-01
2.906601428985595703e-01
5.280748009681701660e-01
-2.011755406856536865e-01
4.426192343235015869e-01
5.265994668006896973e-01
-7.208752632141113281e-02
3.836297988891601562e-01
3.622301816940307617e-01
-1.287473291158676147e-01
3.454933762550354004e-01
2.556611299514770508e-01
-1.751694083213806152e-01
3.139226436614990234e-01
1.705481708049774170e-01
-2.072582542896270752e-01
5.276268124580383301e-01
4.931056201457977295e-01
-7.269837707281112671e-02
4.930424094200134277e-01
2.958127558231353760e-01
-1.246263608336448669e-01
4.551088809967041016e-01
1.744175255298614502e-01
-1.698432117700576782e-01
4.170865416526794434e-01
8.341470360755920410e-02
-2.013220191001892090e-01
6.125691533088684082e-01
5.025349855422973633e-01
-8.263078331947326660e-02
5.997357368469238281e-01
3.070428073406219482e-01
-1.323865801095962524e-01
5.749464035034179688e-01
1.811697781085968018e-01
-1.753130555152893066e-01
5.498603582382202148e-01
8.255264163017272949e-02
-2.024276554584503174e-01
6.993640661239624023e-01
5.462437272071838379e-01
-9.843832999467849731e-02
7.273547053337097168e-01
3.900484144687652588e-01
-1.394829601049423218e-01
7.383733987808227539e-01
2.855220735073089600e-01
-1.663615703582763672e-01
7.392706274986267090e-01
1.928989887237548828e-01
-1.841190010309219360e-01
