6.693232655525207520e-01
6.051286458969116211e-01
2.762603230621607509e-07
6.091741323471069336e-01
6.055653095245361328e-01
-1.542138308286666870e-02
5.543670654296875000e-01
5.785604119300842285e-01
-2.273315563797950745e-02
5.173013806343078613e-01
5.443435907363891602e-01
-2.977968752384185791e-02
4.886432290077209473e-01
5.131052732467651367e-01
-3.684718161821365356e-02
5.587031245231628418e-01
4.799475371837615967e-01
-9.355785325169563293e-03
5.211654305458068848e-01
4.292487502098083496e-01
-2.349479496479034424e-02
4.968007206916809082e-01
3.988378643989562988e-01
-3.580660000443458557e-02
4.765795767307281494e-01
3.721073269844055176e-01
-4.503832012414932251e-02
5.882388949394226074e-01
4.491136968135833740e-01
-1.480334065854549408e-02
5.565689802169799805e-01
3.787789046764373779e-01
-2.645409479737281799e-02
5.336355566978454590e-01
3.367227911949157715e-01
-3.883790969848632812e-02
5.129316449165344238e-01
3.020094037055969238e-01
-4.820913076400756836e-02
6.225585341453552246e-01
4.357304275035858154e-01
-2.329930849373340607e-02
6.012316942214965820e-01
3.620881438255310059e-01
-3.968608006834983826e-02
5.839318037033081055e-01
3.184233307838439941e-01
-5.250738933682441711e-02
5.670484900474548340e-01
2.825937867164611816e-01
-6.118985265493392944e-02
6.598964333534240723e-01
4.376837313175201416e-01
-3.286626189947128296e-02
6.627176403999328613e-01
3.736040592193603516e-01
-4.936430975794792175e-02
6.631985306739807129e-01
3.316279649734497070e-01
-5.695762485265731812e-02
6.615910530090332031e-01
2.954320907592773438e-01
-6.152166053652763367e-02
