6.745899319648742676e-01
6.022646427154541016e-01
2.438457045172981452e-07
6.170923113822937012e-01
5.922390818595886230e-01
-1.466672495007514954e-02
5.669248700141906738e-01
5.529869794845581055e-01
-2.113997749984264374e-02
5.352978110313415527e-01
5.130724310874938965e-01
-2.722300030291080475e-02
5.115547776222229004e-01
4.798702299594879150e-01
-3.348087891936302185e-02
5.831575393676757812e-01
4.622650146484375000e-01
-1.039856392890214920e-02
5.493591427803039551e-01
4.049307405948638916e-01
-2.419512905180454254e-02
5.280197858810424805e-01
3.697943091392517090e-01
-3.583340346813201904e-02
5.109455585479736328e-01
3.404787480831146240e-01
-4.425178095698356628e-02
6.139324903488159180e-01
4.377861320972442627e-01
-1.499983761459589005e-02
5.901365280151367188e-01
3.622923493385314941e-01
-2.586968429386615753e-02
5.724096894264221191e-01
3.172893524169921875e-01
-3.723057359457015991e-02
5.571254491806030273e-01
2.811779975891113281e-01
-4.594307765364646912e-02
6.479747891426086426e-01
4.307625293731689453e-01
-2.240437455475330353e-02
6.339210271835327148e-01
3.545216321945190430e-01
-3.677919507026672363e-02
6.221275925636291504e-01
3.085050582885742188e-01
-4.877870529890060425e-02
6.109934449195861816e-01
2.715251445770263672e-01
-5.720030516386032104e-02
6.840263605117797852e-01
4.374733269214630127e-01
-3.093180991709232330e-02
6.918900012969970703e-01
3.756951689720153809e-01
-4.534990340471267700e-02
6.955777406692504883e-01
3.351434767246246338e-01
-5.277347937226295471e-02
6.970710754394531250e-01
3.007348775863647461e-01
-5.758601799607276917e-02
