7.059097290039062500e-01
6.444888114929199219e-01
2.235276355122550740e-07
6.473648548126220703e-01
6.428790092468261719e-01
-1.543788146227598190e-02
5.889816880226135254e-01
6.134221553802490234e-01
-2.207602001726627350e-02
5.498060584068298340e-01
5.829446911811828613e-01
-2.818046510219573975e-02
5.175700187683105469e-01
5.605439543724060059e-01
-3.443269804120063782e-02
5.936511158943176270e-01
5.235612988471984863e-01
-1.098335441201925278e-02
5.510675311088562012e-01
4.750239253044128418e-01
-2.535606175661087036e-02
5.250284075736999512e-01
4.456929564476013184e-01
-3.735682740807533264e-02
5.039238929748535156e-01
4.211907088756561279e-01
-4.612585529685020447e-02
6.207673549652099609e-01
4.937178492546081543e-01
-1.590409316122531891e-02
5.843590497970581055e-01
4.258442521095275879e-01
-2.800956927239894867e-02
5.601881742477416992e-01
3.855374455451965332e-01
-3.991083055734634399e-02
5.399051904678344727e-01
3.531621992588043213e-01
-4.860420897603034973e-02
6.528936028480529785e-01
4.801657795906066895e-01
-2.366731874644756317e-02
6.256455779075622559e-01
4.080966114997863770e-01
-3.940223157405853271e-02
6.062484979629516602e-01
3.664085865020751953e-01
-5.146108940243721008e-02
5.887202024459838867e-01
3.323943018913269043e-01
-5.962692573666572571e-02
6.891788840293884277e-01
4.799773395061492920e-01
-3.251148015260696411e-02
6.856592893600463867e-01
4.190958738327026367e-01
-4.789419844746589661e-02
6.832675337791442871e-01
3.793694674968719482e-01
-5.488239973783493042e-02
6.799315214157104492e-01
3.451350629329681396e-01
-5.915893614292144775e-02
