6.966048479080200195e-01
6.043022274971008301e-01
2.843501363258837955e-07
6.404018402099609375e-01
5.798354148864746094e-01
-1.780255697667598724e-02
5.959209799766540527e-01
5.303336381912231445e-01
-2.682203613221645355e-02
5.681160688400268555e-01
4.841688275337219238e-01
-3.489030152559280396e-02
5.472834110260009766e-01
4.461895823478698730e-01
-4.282854497432708740e-02
6.229726076126098633e-01
4.477558434009552002e-01
-1.538359932601451874e-02
5.986400246620178223e-01
3.826164305210113525e-01
-3.101309575140476227e-02
5.834368467330932617e-01
3.425411880016326904e-01
-4.344935342669487000e-02
5.716067552566528320e-01
3.082827329635620117e-01
-5.228761956095695496e-02
6.567429304122924805e-01
4.312897324562072754e-01
-1.897835358977317810e-02
6.443958282470703125e-01
3.528153598308563232e-01
-3.189767524600028992e-02
6.338903903961181641e-01
3.049308657646179199e-01
-4.376683756709098816e-02
6.247664690017700195e-01
2.649852037429809570e-01
-5.261908099055290222e-02
6.912811398506164551e-01
4.324474036693572998e-01
-2.546349354088306427e-02
6.888303756713867188e-01
3.552254140377044678e-01
-4.128093272447586060e-02
6.846229434013366699e-01
3.085332512855529785e-01
-5.286335945129394531e-02
6.796855330467224121e-01
2.699192166328430176e-01
-6.063174083828926086e-02
7.261015176773071289e-01
4.475887417793273926e-01
-3.329862281680107117e-02
7.420807480812072754e-01
3.881336152553558350e-01
-4.858990758657455444e-02
7.516943812370300293e-01
3.496135473251342773e-01
-5.586792156100273132e-02
7.582039833068847656e-01
3.163210153579711914e-01
-6.023979559540748596e-02
