7.659262418746948242e-01
6.292895078659057617e-01
3.626104501108784461e-07
7.121645808219909668e-01
5.822758674621582031e-01
-1.721288263797760010e-02
6.788923740386962891e-01
5.185757875442504883e-01
-2.534168027341365814e-02
6.631215214729309082e-01
4.598633348941802979e-01
-3.249925747513771057e-02
6.514670848846435547e-01
4.108287096023559570e-01
-3.944816812872886658e-02
7.233448028564453125e-01
4.457806944847106934e-01
-1.456088200211524963e-02
7.163230776786804199e-01
3.707367181777954102e-01
-2.945085801184177399e-02
7.144743204116821289e-01
3.258066475391387939e-01
-4.113152995705604553e-02
7.136384248733520508e-01
2.873879671096801758e-01
-4.969317838549613953e-02
7.612231969833374023e-01
4.435777068138122559e-01
-1.891737803816795349e-02
7.676278948783874512e-01
3.580731749534606934e-01
-3.188874199986457825e-02
7.716360688209533691e-01
3.058448433876037598e-01
-4.466435685753822327e-02
7.746601700782775879e-01
2.619086503982543945e-01
-5.388601869344711304e-02
7.945345640182495117e-01
4.603150188922882080e-01
-2.594808861613273621e-02
8.116887211799621582e-01
3.808711171150207520e-01
-4.398097842931747437e-02
8.221927881240844727e-01
3.328488469123840332e-01
-5.754673480987548828e-02
8.298585414886474609e-01
2.912832498550415039e-01
-6.626996397972106934e-02
8.237788081169128418e-01
4.919647276401519775e-01
-3.383528441190719604e-02
8.534344434738159180e-01
4.423669874668121338e-01
-5.282357335090637207e-02
8.724869489669799805e-01
4.081807136535644531e-01
-6.173018738627433777e-02
8.880578279495239258e-01
3.765576481819152832e-01
-6.662915647029876709e-02
