7.311292290687561035e-01
6.074730753898620605e-01
3.059348614442569669e-07
6.765096187591552734e-01
5.720988512039184570e-01
-1.544389594346284866e-02
6.362469196319580078e-01
5.171601772308349609e-01
-2.241847105324268341e-02
6.134889125823974609e-01
4.667629003524780273e-01
-2.904044836759567261e-02
5.970485210418701172e-01
4.251864850521087646e-01
-3.549540042877197266e-02
6.692084074020385742e-01
4.437163770198822021e-01
-1.131965685635805130e-02
6.509069204330444336e-01
3.755623698234558105e-01
-2.611543796956539154e-02
6.405140757560729980e-01
3.328111469745635986e-01
-3.796125203371047974e-02
6.331617832183837891e-01
2.963574528694152832e-01
-4.643351212143898010e-02
7.042363286018371582e-01
4.333022534847259521e-01
-1.611407287418842316e-02
6.976372599601745605e-01
3.531200289726257324e-01
-2.828166261315345764e-02
6.917004585266113281e-01
3.015723526477813721e-01
-4.008373990654945374e-02
6.866858601570129395e-01
2.587313652038574219e-01
-4.858116060495376587e-02
7.384412288665771484e-01
4.393600821495056152e-01
-2.372750826179981232e-02
7.420756816864013672e-01
3.612167239189147949e-01
-3.984748572111129761e-02
7.421017885208129883e-01
3.135077953338623047e-01
-5.163086950778961182e-02
7.410087585449218750e-01
2.737130820751190186e-01
-5.922610312700271606e-02
7.713422179222106934e-01
4.601681232452392578e-01
-3.242799639701843262e-02
7.920313477516174316e-01
4.072540998458862305e-01
-4.886037111282348633e-02
8.043476939201354980e-01
3.713184297084808350e-01
-5.615793541073799133e-02
8.138992190361022949e-01
3.397190868854522705e-01
-6.009224802255630493e-02
