8.305392265319824219e-01
5.809864997863769531e-01
2.092719313395718927e-07
7.660068869590759277e-01
5.967823863029479980e-01
-1.227401942014694214e-02
7.037002444267272949e-01
5.877819061279296875e-01
-1.756117492914199829e-02
6.619339585304260254e-01
5.617417693138122559e-01
-2.332871034741401672e-02
6.365710496902465820e-01
5.269731283187866211e-01
-2.814653515815734863e-02
6.967821121215820312e-01
5.176537632942199707e-01
-3.019769908860325813e-03
6.494821906089782715e-01
4.825605154037475586e-01
-1.602306775748729706e-02
6.235898733139038086e-01
4.596408307552337646e-01
-2.639756724238395691e-02
6.029052138328552246e-01
4.400642812252044678e-01
-3.339048102498054504e-02
7.190433740615844727e-01
4.782980084419250488e-01
-7.493474986404180527e-03
6.738364100456237793e-01
4.283652305603027344e-01
-1.695496588945388794e-02
6.459596157073974609e-01
3.990012705326080322e-01
-2.675401046872138977e-02
6.222542524337768555e-01
3.751774430274963379e-01
-3.382482752203941345e-02
7.482950687408447266e-01
4.499062597751617432e-01
-1.495645940303802490e-02
7.107800245285034180e-01
3.981675207614898682e-01
-2.644031308591365814e-02
6.867138743400573730e-01
3.687029480934143066e-01
-3.479975461959838867e-02
6.647530794143676758e-01
3.468182086944580078e-01
-4.025189951062202454e-02
7.834112644195556641e-01
4.321862757205963135e-01
-2.371693402528762817e-02
7.674590945243835449e-01
3.820486068725585938e-01
-3.378138318657875061e-02
7.548704743385314941e-01
3.518134355545043945e-01
-3.785707056522369385e-02
7.422359585762023926e-01
3.277248144149780273e-01
-4.004655778408050537e-02
