6.729483604431152344e-01
7.994892597198486328e-01
3.080428143675817410e-07
6.141149997711181641e-01
7.491083145141601562e-01
-2.661353163421154022e-02
5.707116723060607910e-01
6.711699366569519043e-01
-4.416790977120399475e-02
5.384827256202697754e-01
6.113831996917724609e-01
-6.111899763345718384e-02
5.107024908065795898e-01
5.807829499244689941e-01
-7.913090288639068604e-02
6.117780804634094238e-01
5.567401051521301270e-01
-2.757686562836170197e-02
5.889637470245361328e-01
4.709414243698120117e-01
-5.840801820158958435e-02
5.667651891708374023e-01
4.213286638259887695e-01
-8.403800427913665771e-02
5.435587763786315918e-01
3.823249340057373047e-01
-1.020343303680419922e-01
6.543381214141845703e-01
5.468817949295043945e-01
-3.598235175013542175e-02
6.469317674636840820e-01
4.436589777469635010e-01
-6.254357099533081055e-02
6.330145001411437988e-01
3.821386694908142090e-01
-8.485449850559234619e-02
6.177605986595153809e-01
3.357020616531372070e-01
-1.000929549336433411e-01
6.962293386459350586e-01
5.615873336791992188e-01
-4.855837300419807434e-02
6.987368464469909668e-01
4.628251791000366211e-01
-7.576474547386169434e-02
6.958639621734619141e-01
3.996187746524810791e-01
-9.288378804922103882e-02
6.905516386032104492e-01
3.466742038726806641e-01
-1.041724011301994324e-01
7.368012666702270508e-01
5.953381657600402832e-01
-6.354608386754989624e-02
7.624788880348205566e-01
5.311889648437500000e-01
-8.782997727394104004e-02
7.739887833595275879e-01
4.813118875026702881e-01
-9.787110984325408936e-02
7.809703350067138672e-01
4.374797940254211426e-01
-1.039289534091949463e-01
