7.003965377807617188e-01
6.044272184371948242e-01
2.802275389512942638e-07
6.386265754699707031e-01
6.007052063941955566e-01
-1.740860939025878906e-02
5.812045335769653320e-01
5.690367221832275391e-01
-2.446289360523223877e-02
5.424841642379760742e-01
5.317599773406982422e-01
-3.077857941389083862e-02
5.131661295890808105e-01
4.990062713623046875e-01
-3.686412796378135681e-02
5.881237983703613281e-01
4.755901992321014404e-01
-1.323843654245138168e-02
5.473668575286865234e-01
4.225072264671325684e-01
-2.847566269338130951e-02
5.230080485343933105e-01
3.896275758743286133e-01
-4.085634648799896240e-02
5.035676956176757812e-01
3.607157170772552490e-01
-4.983549937605857849e-02
6.181805133819580078e-01
4.452241659164428711e-01
-1.737441867589950562e-02
5.854582190513610840e-01
3.716874718666076660e-01
-2.929429151117801666e-02
5.643103718757629395e-01
3.274363279342651367e-01
-4.070072621107101440e-02
5.467513203620910645e-01
2.910582423210144043e-01
-4.918057844042778015e-02
6.526618599891662598e-01
4.319446086883544922e-01
-2.457957342267036438e-02
6.306290626525878906e-01
3.535948395729064941e-01
-4.066178202629089355e-02
6.161137819290161133e-01
3.099808692932128906e-01
-5.228990688920021057e-02
6.023952364921569824e-01
2.738233804702758789e-01
-6.015243381261825562e-02
6.906472444534301758e-01
4.341533482074737549e-01
-3.315563499927520752e-02
6.943230628967285156e-01
3.715884089469909668e-01
-5.043105408549308777e-02
6.960024833679199219e-01
3.308801949024200439e-01
-5.829460173845291138e-02
6.962234973907470703e-01
2.954825162887573242e-01
-6.271464377641677856e-02
