7.484655380249023438e-01
5.327318310737609863e-01
2.884027594518556725e-07
6.994921565055847168e-01
5.254455208778381348e-01
-1.822604611515998840e-02
6.528614759445190430e-01
5.040246844291687012e-01
-2.923295088112354279e-02
6.156281232833862305e-01
4.887674748897552490e-01
-3.930510953068733215e-02
5.854016542434692383e-01
4.749075770378112793e-01
-4.928533732891082764e-02
6.536303162574768066e-01
4.233546555042266846e-01
-1.796180196106433868e-02
6.192093491554260254e-01
3.797938823699951172e-01
-3.569406643509864807e-02
5.990242958068847656e-01
3.527601659297943115e-01
-4.999675229191780090e-02
5.834644436836242676e-01
3.267802596092224121e-01
-6.002895161509513855e-02
6.781234145164489746e-01
3.995882570743560791e-01
-2.143142372369766235e-02
6.479719877243041992e-01
3.441714644432067871e-01
-3.669825196266174316e-02
6.294845342636108398e-01
3.100809454917907715e-01
-4.917433485388755798e-02
6.143893003463745117e-01
2.789782583713531494e-01
-5.788094550371170044e-02
7.071176767349243164e-01
3.877050280570983887e-01
-2.761813066899776459e-02
6.864678859710693359e-01
3.279282450675964355e-01
-4.462585970759391785e-02
6.729023456573486328e-01
2.901418805122375488e-01
-5.358351394534111023e-02
6.599836349487304688e-01
2.573171854019165039e-01
-5.913040786981582642e-02
7.405646443367004395e-01
3.864119350910186768e-01
-3.525125980377197266e-02
7.373065352439880371e-01
3.352527320384979248e-01
-5.044320598244667053e-02
7.333490848541259766e-01
3.025362193584442139e-01
-5.490496382117271423e-02
7.272180318832397461e-01
2.747543454170227051e-01
-5.706695094704627991e-02
