6.692920327186584473e-01
6.209184527397155762e-01
2.717712561661755899e-07
6.101781129837036133e-01
6.325324177742004395e-01
-1.776654645800590515e-02
5.519961714744567871e-01
6.166107058525085449e-01
-2.608416043221950531e-02
5.112270712852478027e-01
5.908663868904113770e-01
-3.389695286750793457e-02
4.771759510040283203e-01
5.695020556449890137e-01
-4.161684960126876831e-02
5.441805124282836914e-01
5.173919200897216797e-01
-1.099209301173686981e-02
4.968961179256439209e-01
4.753972589969635010e-01
-2.764532156288623810e-02
4.663820266723632812e-01
4.515358805656433105e-01
-4.209822788834571838e-02
4.408239126205444336e-01
4.304456710815429688e-01
-5.252521112561225891e-02
5.679458379745483398e-01
4.797559678554534912e-01
-1.578471250832080841e-02
5.245278477668762207e-01
4.152773916721343994e-01
-2.901076152920722961e-02
4.953002929687500000e-01
3.760388791561126709e-01
-4.272235557436943054e-02
4.699166417121887207e-01
3.429558873176574707e-01
-5.296329036355018616e-02
5.998737215995788574e-01
4.591269493103027344e-01
-2.396454475820064545e-02
5.682632923126220703e-01
3.919700086116790771e-01
-4.074966907501220703e-02
5.460199713706970215e-01
3.519451618194580078e-01
-5.388577654957771301e-02
5.253379344940185547e-01
3.185409307479858398e-01
-6.291947513818740845e-02
6.370708346366882324e-01
4.525765478610992432e-01
-3.367777541279792786e-02
6.309978961944580078e-01
3.912587463855743408e-01
-4.962369799613952637e-02
6.278094053268432617e-01
3.503938019275665283e-01
-5.674218758940696716e-02
6.237092018127441406e-01
3.144220709800720215e-01
-6.123157218098640442e-02
