6.982864141464233398e-01
6.051486730575561523e-01
2.886075662900111638e-07
6.369559764862060547e-01
6.023982167243957520e-01
-1.595486328005790710e-02
5.809761881828308105e-01
5.702770948410034180e-01
-2.269122563302516937e-02
5.430691838264465332e-01
5.346469879150390625e-01
-2.881654351949691772e-02
5.128097534179687500e-01
5.038173198699951172e-01
-3.489533439278602600e-02
5.871526002883911133e-01
4.762848913669586182e-01
-1.093907188624143600e-02
5.464508533477783203e-01
4.228237867355346680e-01
-2.499561570584774017e-02
5.227623581886291504e-01
3.895138502120971680e-01
-3.666704520583152771e-02
5.041001439094543457e-01
3.603605628013610840e-01
-4.516080394387245178e-02
6.177923679351806641e-01
4.459747672080993652e-01
-1.570166647434234619e-02
5.855827331542968750e-01
3.712552487850189209e-01
-2.646224014461040497e-02
5.638536810874938965e-01
3.274893164634704590e-01
-3.754420205950737000e-02
5.449463129043579102e-01
2.924382388591766357e-01
-4.585219174623489380e-02
6.527983546257019043e-01
4.334314465522766113e-01
-2.343194186687469482e-02
6.320611238479614258e-01
3.564066886901855469e-01
-3.820890560746192932e-02
6.167932748794555664e-01
3.113022744655609131e-01
-4.934179410338401794e-02
6.021736264228820801e-01
2.739424705505371094e-01
-5.706083774566650391e-02
6.907063722610473633e-01
4.359757304191589355e-01
-3.238718956708908081e-02
6.937715411186218262e-01
3.725165128707885742e-01
-4.734204337000846863e-02
6.952120661735534668e-01
3.312004804611206055e-01
-5.364442989230155945e-02
6.946704983711242676e-01
2.955720424652099609e-01
-5.736501887440681458e-02
