7.457508444786071777e-01
6.462311148643493652e-01
2.973358732560882345e-07
6.854104995727539062e-01
6.087188124656677246e-01
-1.745547354221343994e-02
6.416422128677368164e-01
5.443168878555297852e-01
-2.534241043031215668e-02
6.207792758941650391e-01
4.838316440582275391e-01
-3.231913596391677856e-02
6.135203242301940918e-01
4.318333566188812256e-01
-3.900596126914024353e-02
6.842837333679199219e-01
4.651723802089691162e-01
-1.402523182332515717e-02
6.703646183013916016e-01
3.864528834819793701e-01
-3.073612600564956665e-02
6.633564233779907227e-01
3.376392126083374023e-01
-4.397775232791900635e-02
6.590336561203002930e-01
2.984637916088104248e-01
-5.332191661000251770e-02
7.234039306640625000e-01
4.542199969291687012e-01
-1.851510815322399139e-02
7.188791632652282715e-01
3.643821179866790771e-01
-3.210337087512016296e-02
7.150128483772277832e-01
3.102778196334838867e-01
-4.493456706404685974e-02
7.117805480957031250e-01
2.663583159446716309e-01
-5.436689779162406921e-02
7.613420486450195312e-01
4.608623385429382324e-01
-2.608048357069492340e-02
7.661393880844116211e-01
3.754960894584655762e-01
-4.331067204475402832e-02
7.668803930282592773e-01
3.229127824306488037e-01
-5.595725402235984802e-02
7.661829590797424316e-01
2.793981134891510010e-01
-6.454770267009735107e-02
7.981301546096801758e-01
4.835730493068695068e-01
-3.485328704118728638e-02
8.218373656272888184e-01
4.216245412826538086e-01
-5.144633725285530090e-02
8.372554779052734375e-01
3.816951513290405273e-01
-5.893348902463912964e-02
8.497501015663146973e-01
3.471036851406097412e-01
-6.347201764583587646e-02
