7.464204430580139160e-01
5.458227992057800293e-01
2.599825279503420461e-07
6.963031291961669922e-01
5.432508587837219238e-01
-1.349868439137935638e-02
6.496845483779907227e-01
5.240135788917541504e-01
-2.190799079835414886e-02
6.141419410705566406e-01
5.050492882728576660e-01
-3.020907379686832428e-02
5.861995220184326172e-01
4.869653284549713135e-01
-3.830511868000030518e-02
6.474381685256958008e-01
4.526531398296356201e-01
-1.246395707130432129e-02
6.082997322082519531e-01
4.124042987823486328e-01
-2.789186313748359680e-02
5.859701037406921387e-01
3.875563144683837891e-01
-3.990319371223449707e-02
5.690444707870483398e-01
3.643863499164581299e-01
-4.800988733768463135e-02
6.688161492347717285e-01
4.277286827564239502e-01
-1.711173728108406067e-02
6.320909857749938965e-01
3.758416771888732910e-01
-3.073635511100292206e-02
6.110748648643493652e-01
3.428740799427032471e-01
-4.120295122265815735e-02
5.946314930915832520e-01
3.139088451862335205e-01
-4.815845191478729248e-02
6.954033970832824707e-01
4.122136533260345459e-01
-2.423475868999958038e-02
6.655131578445434570e-01
3.547393083572387695e-01
-3.937310725450515747e-02
6.479210257530212402e-01
3.195822834968566895e-01
-4.644317179918289185e-02
6.330818533897399902e-01
2.901544570922851562e-01
-5.029039457440376282e-02
7.267581820487976074e-01
4.047822356224060059e-01
-3.252190724015235901e-02
7.134469747543334961e-01
3.505711555480957031e-01
-4.584945365786552429e-02
7.036010026931762695e-01
3.150074481964111328e-01
-4.935995116829872131e-02
6.935060620307922363e-01
2.850515246391296387e-01
-5.060997977852821350e-02
