7.282071709632873535e-01
5.973046422004699707e-01
3.173140044054889586e-07
6.729696989059448242e-01
5.587114095687866211e-01
-1.762189902365207672e-02
6.306118369102478027e-01
5.025599002838134766e-01
-2.638226933777332306e-02
6.079391241073608398e-01
4.498212337493896484e-01
-3.409119695425033569e-02
5.931332707405090332e-01
4.054152965545654297e-01
-4.171260818839073181e-02
6.696074008941650391e-01
4.284085929393768311e-01
-1.882498338818550110e-02
6.508637666702270508e-01
3.550914227962493896e-01
-3.541393205523490906e-02
6.404584050178527832e-01
3.094726800918579102e-01
-4.753461480140686035e-02
6.328511238098144531e-01
2.708384394645690918e-01
-5.606739595532417297e-02
7.063681483268737793e-01
4.184798300266265869e-01
-2.337681874632835388e-02
7.005910277366638184e-01
3.324005305767059326e-01
-3.680670261383056641e-02
6.959581971168518066e-01
2.791090011596679688e-01
-4.829866439104080200e-02
6.919421553611755371e-01
2.356512546539306641e-01
-5.671232938766479492e-02
7.412579059600830078e-01
4.263717532157897949e-01
-3.056545555591583252e-02
7.477270960807800293e-01
3.435375690460205078e-01
-4.851142689585685730e-02
7.495718002319335938e-01
2.942849993705749512e-01
-6.072519347071647644e-02
7.499091625213623047e-01
2.543197274208068848e-01
-6.858689337968826294e-02
7.745591998100280762e-01
4.500482976436614990e-01
-3.882931172847747803e-02
7.989048957824707031e-01
3.952643871307373047e-01
-5.781666189432144165e-02
8.151545524597167969e-01
3.589372932910919189e-01
-6.604743748903274536e-02
8.281712532043457031e-01
3.281869590282440186e-01
-7.043883204460144043e-02
