8.200783729553222656e-01
6.116602420806884766e-01
1.375237275169638451e-07
7.577788829803466797e-01
5.943123698234558105e-01
-1.585570722818374634e-02
7.060779333114624023e-01
5.405606031417846680e-01
-2.409655600786209106e-02
6.808611750602722168e-01
4.854577481746673584e-01
-3.187841922044754028e-02
6.708599328994750977e-01
4.382822811603546143e-01
-3.906118124723434448e-02
7.359464764595031738e-01
4.443875551223754883e-01
-1.237361691892147064e-02
7.080180644989013672e-01
3.781864643096923828e-01
-3.119806572794914246e-02
6.877136230468750000e-01
3.409759998321533203e-01
-4.720985889434814453e-02
6.698874235153198242e-01
3.106228113174438477e-01
-5.838849395513534546e-02
7.703520655632019043e-01
4.239107966423034668e-01
-1.817439310252666473e-02
7.506846785545349121e-01
3.428077697753906250e-01
-3.333747014403343201e-02
7.342971563339233398e-01
2.940913438796997070e-01
-4.731375351548194885e-02
7.194269895553588867e-01
2.535941004753112793e-01
-5.750470981001853943e-02
8.069310784339904785e-01
4.216189682483673096e-01
-2.709127776324748993e-02
7.998800277709960938e-01
3.402028977870941162e-01
-4.476261883974075317e-02
7.897409200668334961e-01
2.922433316707611084e-01
-5.667683482170104980e-02
7.786650061607360840e-01
2.523080408573150635e-01
-6.471578031778335571e-02
8.451928496360778809e-01
4.354678392410278320e-01
-3.735777735710144043e-02
8.592231869697570801e-01
3.705250024795532227e-01
-5.378334596753120422e-02
8.649605512619018555e-01
3.279094099998474121e-01
-6.089879199862480164e-02
8.668376207351684570e-01
2.896267175674438477e-01
-6.522768735885620117e-02
