6.712518334388732910e-01
6.235044002532958984e-01
2.623459920414461521e-07
6.126393675804138184e-01
6.397818326950073242e-01
-1.657856255769729614e-02
5.524116754531860352e-01
6.257053613662719727e-01
-2.412415854632854462e-02
5.104694366455078125e-01
6.007431149482727051e-01
-3.130621835589408875e-02
4.748061299324035645e-01
5.832819342613220215e-01
-3.867334872484207153e-02
5.418144464492797852e-01
5.226902365684509277e-01
-1.135834772139787674e-02
4.938587844371795654e-01
4.823083877563476562e-01
-2.733842656016349792e-02
4.628098905086517334e-01
4.607563316822052002e-01
-4.133392870426177979e-02
4.360214471817016602e-01
4.424253106117248535e-01
-5.184683203697204590e-02
5.656377077102661133e-01
4.849990606307983398e-01
-1.706397160887718201e-02
5.212301611900329590e-01
4.235236346721649170e-01
-3.042692691087722778e-02
4.914534687995910645e-01
3.866972923278808594e-01
-4.435217753052711487e-02
4.648000299930572510e-01
3.563221693038940430e-01
-5.493772402405738831e-02
5.976037383079528809e-01
4.638948142528533936e-01
-2.591975405812263489e-02
5.643393993377685547e-01
3.983517885208129883e-01
-4.339778050780296326e-02
5.405136346817016602e-01
3.593243360519409180e-01
-5.711627006530761719e-02
5.176613926887512207e-01
3.262864053249359131e-01
-6.671955436468124390e-02
6.350538134574890137e-01
4.568227827548980713e-01
-3.606914356350898743e-02
6.272490620613098145e-01
3.943572640419006348e-01
-5.282316729426383972e-02
6.221406459808349609e-01
3.530217707157135010e-01
-6.054073944687843323e-02
6.154051423072814941e-01
3.166968524456024170e-01
-6.565642356872558594e-02
