6.733785271644592285e-01
6.245120763778686523e-01
2.563847942838037852e-07
6.140719056129455566e-01
6.410013437271118164e-01
-1.665552891790866852e-02
5.538077950477600098e-01
6.287958025932312012e-01
-2.445935830473899841e-02
5.107946395874023438e-01
6.051610112190246582e-01
-3.205712884664535522e-02
4.744549393653869629e-01
5.900498628616333008e-01
-3.986287117004394531e-02
5.446059703826904297e-01
5.290492177009582520e-01
-1.032270863652229309e-02
4.959180355072021484e-01
4.928683042526245117e-01
-2.660902403295040131e-02
4.646568894386291504e-01
4.719473123550415039e-01
-4.097580537199974060e-02
4.383991658687591553e-01
4.529610574245452881e-01
-5.173376947641372681e-02
5.671408176422119141e-01
4.899281263351440430e-01
-1.606325618922710419e-02
5.215840339660644531e-01
4.298049211502075195e-01
-2.980806492269039154e-02
4.911704659461975098e-01
3.931829929351806641e-01
-4.398702085018157959e-02
4.642557501792907715e-01
3.619493842124938965e-01
-5.467882007360458374e-02
5.983369946479797363e-01
4.675922691822052002e-01
-2.504598721861839294e-02
5.632908940315246582e-01
4.030716419219970703e-01
-4.308450222015380859e-02
5.393772125244140625e-01
3.641453981399536133e-01
-5.677871406078338623e-02
5.169998407363891602e-01
3.311840593814849854e-01
-6.614263355731964111e-02
6.354811787605285645e-01
4.593598246574401855e-01
-3.534047678112983704e-02
6.266060471534729004e-01
3.971096873283386230e-01
-5.209109932184219360e-02
6.212419867515563965e-01
3.557290732860565186e-01
-5.951454117894172668e-02
6.144331693649291992e-01
3.193970620632171631e-01
-6.439729034900665283e-02
