7.033482193946838379e-01
6.104228496551513672e-01
2.245602246375710820e-07
6.435956358909606934e-01
5.967668890953063965e-01
-1.330612227320671082e-02
5.913758277893066406e-01
5.560538768768310547e-01
-1.968737505376338959e-02
5.572596192359924316e-01
5.163019895553588867e-01
-2.604945376515388489e-02
5.297067761421203613e-01
4.856077432632446289e-01
-3.259149193763732910e-02
6.077834963798522949e-01
4.689972698688507080e-01
-1.152545399963855743e-02
5.706512331962585449e-01
4.102092385292053223e-01
-2.638501115143299103e-02
5.488973855972290039e-01
3.740828335285186768e-01
-3.809751197695732117e-02
5.309970974922180176e-01
3.433053493499755859e-01
-4.665786772966384888e-02
6.384596824645996094e-01
4.453926086425781250e-01
-1.785345748066902161e-02
6.110621094703674316e-01
3.691768348217010498e-01
-3.011633828282356262e-02
5.933949351310729980e-01
3.243855834007263184e-01
-4.176982119679450989e-02
5.775383114814758301e-01
2.881688475608825684e-01
-5.033836513757705688e-02
6.724179387092590332e-01
4.389651417732238770e-01
-2.663092501461505890e-02
6.558147668838500977e-01
3.616109788417816162e-01
-4.195920377969741821e-02
6.447786092758178711e-01
3.153895139694213867e-01
-5.255458503961563110e-02
6.332029700279235840e-01
2.775846719741821289e-01
-5.975450202822685242e-02
7.087132930755615234e-01
4.470108449459075928e-01
-3.639391809701919556e-02
7.127129435539245605e-01
3.848773837089538574e-01
-5.114771053194999695e-02
7.143273949623107910e-01
3.435108661651611328e-01
-5.688374117016792297e-02
7.136140465736389160e-01
3.079234361648559570e-01
-6.023490428924560547e-02
