6.951560378074645996e-01
6.078240275382995605e-01
2.703634436329593882e-07
6.327464580535888672e-01
6.086011528968811035e-01
-1.497535593807697296e-02
5.743084549903869629e-01
5.806089639663696289e-01
-2.086067758500576019e-02
5.358034372329711914e-01
5.472972393035888672e-01
-2.646376006305217743e-02
5.057923197746276855e-01
5.203788280487060547e-01
-3.221342340111732483e-02
5.760954022407531738e-01
4.855156838893890381e-01
-1.139562949538230896e-02
5.341355800628662109e-01
4.358784556388854980e-01
-2.601990662515163422e-02
5.085424780845642090e-01
4.042982757091522217e-01
-3.830476477742195129e-02
4.874670505523681641e-01
3.766301572322845459e-01
-4.746839031577110291e-02
6.061197519302368164e-01
4.524610936641693115e-01
-1.704095676541328430e-02
5.701177120208740234e-01
3.824342489242553711e-01
-2.868415415287017822e-02
5.467914342880249023e-01
3.394838869571685791e-01
-4.076037555932998657e-02
5.267337560653686523e-01
3.042220473289489746e-01
-4.994330555200576782e-02
6.412430405616760254e-01
4.373241066932678223e-01
-2.547506429255008698e-02
6.164022684097290039e-01
3.618587255477905273e-01
-4.152928665280342102e-02
5.998289585113525391e-01
3.180167675018310547e-01
-5.375033244490623474e-02
5.836905837059020996e-01
2.823762297630310059e-01
-6.215526163578033447e-02
6.796641349792480469e-01
4.382630586624145508e-01
-3.500812873244285583e-02
6.795061826705932617e-01
3.753748834133148193e-01
-5.204544961452484131e-02
6.782595515251159668e-01
3.335767090320587158e-01
-5.971228331327438354e-02
6.753789782524108887e-01
2.975672483444213867e-01
-6.419351696968078613e-02
