6.738877892494201660e-01
6.976878643035888672e-01
1.800260349682503147e-07
6.233517527580261230e-01
6.720662117004394531e-01
-1.181279774755239487e-02
5.830472707748413086e-01
6.266067624092102051e-01
-1.727378368377685547e-02
5.586199164390563965e-01
5.912191271781921387e-01
-2.323197573423385620e-02
5.425206422805786133e-01
5.656507015228271484e-01
-2.937655709683895111e-02
6.121967434883117676e-01
5.577661991119384766e-01
-3.555429400876164436e-03
5.954694747924804688e-01
5.036593079566955566e-01
-1.743441820144653320e-02
5.839809775352478027e-01
4.713238477706909180e-01
-3.054803423583507538e-02
5.736166834831237793e-01
4.456408321857452393e-01
-3.954663500189781189e-02
6.416450738906860352e-01
5.437317490577697754e-01
-8.147356100380420685e-03
6.312339901924133301e-01
4.808201491832733154e-01
-1.949895173311233521e-02
6.231313943862915039e-01
4.432289004325866699e-01
-3.077784925699234009e-02
6.152866482734680176e-01
4.105333089828491211e-01
-3.852504864335060120e-02
6.720107197761535645e-01
5.418764352798461914e-01
-1.547085959464311600e-02
6.669589281082153320e-01
4.813488423824310303e-01
-2.767232432961463928e-02
6.628499627113342285e-01
4.420155286788940430e-01
-3.448696434497833252e-02
6.586219668388366699e-01
4.071097373962402344e-01
-3.873212635517120361e-02
7.028640508651733398e-01
5.525444149971008301e-01
-2.418739348649978638e-02
7.097731232643127441e-01
5.025885105133056641e-01
-3.408586978912353516e-02
7.136489748954772949e-01
4.705655574798583984e-01
-3.588628023862838745e-02
7.157225608825683594e-01
4.416362047195434570e-01
-3.644266724586486816e-02
