7.138560414314270020e-01
5.984338521957397461e-01
3.128988055323134176e-07
6.567361354827880859e-01
5.702654719352722168e-01
-1.895101182162761688e-02
6.104393601417541504e-01
5.209534168243408203e-01
-2.816245146095752716e-02
5.822172164916992188e-01
4.714424610137939453e-01
-3.620049357414245605e-02
5.630897879600524902e-01
4.274730384349822998e-01
-4.390601441264152527e-02
6.401020288467407227e-01
4.356416165828704834e-01
-1.693644560873508453e-02
6.150665283203125000e-01
3.673191666603088379e-01
-3.315731883049011230e-02
6.003388166427612305e-01
3.253172636032104492e-01
-4.564868286252021790e-02
5.892016291618347168e-01
2.887663841247558594e-01
-5.458807200193405151e-02
6.759148836135864258e-01
4.206014275550842285e-01
-2.080344408750534058e-02
6.626555919647216797e-01
3.381486833095550537e-01
-3.398685157299041748e-02
6.529664993286132812e-01
2.864903807640075684e-01
-4.593857377767562866e-02
6.447457671165466309e-01
2.436253726482391357e-01
-5.476456508040428162e-02
7.115476131439208984e-01
4.233024418354034424e-01
-2.770041301846504211e-02
7.109962701797485352e-01
3.419593572616577148e-01
-4.540729522705078125e-02
7.081173658370971680e-01
2.929117679595947266e-01
-5.787130817770957947e-02
7.043690681457519531e-01
2.524464726448059082e-01
-6.592171639204025269e-02
7.465527057647705078e-01
4.413236379623413086e-01
-3.584932163357734680e-02
7.643737792968750000e-01
3.827701807022094727e-01
-5.418770760297775269e-02
7.760328054428100586e-01
3.443196415901184082e-01
-6.233349442481994629e-02
7.850047349929809570e-01
3.114640414714813232e-01
-6.678722053766250610e-02
