7.063511013984680176e-01
5.997033119201660156e-01
2.900927711380063556e-07
6.451686024665832520e-01
5.859638452529907227e-01
-1.577857509255409241e-02
5.923284888267517090e-01
5.455034375190734863e-01
-2.268409170210361481e-02
5.597094893455505371e-01
5.023332834243774414e-01
-2.898168191313743591e-02
5.342816114425659180e-01
4.670905768871307373e-01
-3.520367294549942017e-02
6.087222099304199219e-01
4.547701776027679443e-01
-1.365095097571611404e-02
5.750728845596313477e-01
3.930559754371643066e-01
-2.868165262043476105e-02
5.551859736442565918e-01
3.543808758258819580e-01
-4.073407500982284546e-02
5.395272970199584961e-01
3.208960294723510742e-01
-4.955569282174110413e-02
6.420497894287109375e-01
4.316950440406799316e-01
-1.880773901939392090e-02
6.179296970367431641e-01
3.537826240062713623e-01
-3.088000789284706116e-02
6.020869612693786621e-01
3.056048154830932617e-01
-4.254454374313354492e-02
5.887220501899719238e-01
2.656464278697967529e-01
-5.124847590923309326e-02
6.778869628906250000e-01
4.258295297622680664e-01
-2.669550478458404541e-02
6.648525595664978027e-01
3.453950285911560059e-01
-4.300138726830482483e-02
6.554493308067321777e-01
2.982849478721618652e-01
-5.479386448860168457e-02
6.461347937583923340e-01
2.596960067749023438e-01
-6.269693374633789062e-02
7.154344320297241211e-01
4.353333413600921631e-01
-3.567922487854957581e-02
7.238323688507080078e-01
3.739682435989379883e-01
-5.296721681952476501e-02
7.290418744087219238e-01
3.333444595336914062e-01
-6.052054464817047119e-02
7.322477102279663086e-01
2.983019053936004639e-01
-6.471276283264160156e-02
