6.701515316963195801e-01
6.234564781188964844e-01
2.721626231050322531e-07
6.109952330589294434e-01
6.385381221771240234e-01
-1.740567572414875031e-02
5.517264604568481445e-01
6.249815821647644043e-01
-2.550505660474300385e-02
5.099859237670898438e-01
6.003559827804565430e-01
-3.314836695790290833e-02
4.749838411808013916e-01
5.819110870361328125e-01
-4.080830886960029602e-02
5.427676439285278320e-01
5.239686369895935059e-01
-1.140593457967042923e-02
4.952439963817596436e-01
4.839252233505249023e-01
-2.826713956892490387e-02
4.645468294620513916e-01
4.619034528732299805e-01
-4.286522045731544495e-02
4.382442831993103027e-01
4.429985880851745605e-01
-5.342171341180801392e-02
5.656883120536804199e-01
4.858375787734985352e-01
-1.658686064183712006e-02
5.209369659423828125e-01
4.225273728370666504e-01
-3.028691373765468597e-02
4.908452033996582031e-01
3.843502998352050781e-01
-4.427208378911018372e-02
4.642307460308074951e-01
3.525385856628417969e-01
-5.462682992219924927e-02
5.972705483436584473e-01
4.645836949348449707e-01
-2.505339123308658600e-02
5.637905001640319824e-01
3.994599580764770508e-01
-4.238023608922958374e-02
5.404009819030761719e-01
3.596404790878295898e-01
-5.586636066436767578e-02
5.185949802398681641e-01
3.263566493988037109e-01
-6.506214290857315063e-02
6.344029307365417480e-01
4.572560489177703857e-01
-3.497606888413429260e-02
6.269021630287170410e-01
3.956113159656524658e-01
-5.107793211936950684e-02
6.225818395614624023e-01
3.543802499771118164e-01
-5.828272551298141479e-02
6.173080801963806152e-01
3.181580603122711182e-01
-6.289251893758773804e-02
