6.251682043075561523e-01
7.590190768241882324e-01
1.740955326567927841e-07
5.819134116172790527e-01
7.327362895011901855e-01
-1.232544332742691040e-02
5.479087829589843750e-01
6.920562982559204102e-01
-1.958749443292617798e-02
5.268265008926391602e-01
6.564445495605468750e-01
-2.699715085327625275e-02
5.197738409042358398e-01
6.232033371925354004e-01
-3.432775288820266724e-02
5.747779607772827148e-01
6.340066790580749512e-01
-9.809408336877822876e-03
5.605008602142333984e-01
5.851647257804870605e-01
-2.465923503041267395e-02
5.491278171539306641e-01
5.553032159805297852e-01
-3.702032938599586487e-02
5.403757095336914062e-01
5.312412381172180176e-01
-4.577787965536117554e-02
6.000977158546447754e-01
6.277843117713928223e-01
-1.421554014086723328e-02
5.909202098846435547e-01
5.717345476150512695e-01
-2.667184919118881226e-02
5.835699439048767090e-01
5.383010506629943848e-01
-3.695674985647201538e-02
5.774125456809997559e-01
5.107932686805725098e-01
-4.404123499989509583e-02
6.268453001976013184e-01
6.330301165580749512e-01
-2.100822888314723969e-02
6.219810843467712402e-01
5.786308646202087402e-01
-3.535116836428642273e-02
6.186378002166748047e-01
5.458949804306030273e-01
-4.282526671886444092e-02
6.151112914085388184e-01
5.180714726448059082e-01
-4.738728702068328857e-02
6.552240848541259766e-01
6.485629677772521973e-01
-2.892854623496532440e-02
6.672538518905639648e-01
6.082003712654113770e-01
-4.205120727419853210e-02
6.757297515869140625e-01
5.825465321540832520e-01
-4.620715975761413574e-02
6.821750998497009277e-01
5.604969859123229980e-01
-4.822644591331481934e-02
