7.126418948173522949e-01
6.066173315048217773e-01
2.516459005619253730e-07
6.523493528366088867e-01
5.897100567817687988e-01
-1.453618425875902176e-02
6.025264859199523926e-01
5.457262992858886719e-01
-2.117236517369747162e-02
5.706101059913635254e-01
5.037143826484680176e-01
-2.744041942059993744e-02
5.473682284355163574e-01
4.671906530857086182e-01
-3.359718248248100281e-02
6.252534389495849609e-01
4.595476388931274414e-01
-1.214935071766376495e-02
5.933640599250793457e-01
3.964391946792602539e-01
-2.692043595016002655e-02
5.752542018890380859e-01
3.572873771190643311e-01
-3.858704864978790283e-02
5.607918500900268555e-01
3.244043588638305664e-01
-4.687570407986640930e-02
6.575443148612976074e-01
4.393414258956909180e-01
-1.744302175939083099e-02
6.352535486221313477e-01
3.609116673469543457e-01
-2.925122343003749847e-02
6.207097768783569336e-01
3.144308626651763916e-01
-4.026200622320175171e-02
6.078689098358154297e-01
2.771341800689697266e-01
-4.823372885584831238e-02
6.918066740036010742e-01
4.354030191898345947e-01
-2.535074763000011444e-02
6.799776554107666016e-01
3.574391603469848633e-01
-4.040338471531867981e-02
6.719511747360229492e-01
3.108067512512207031e-01
-5.079222843050956726e-02
6.633380651473999023e-01
2.728151679039001465e-01
-5.764000490307807922e-02
7.274266481399536133e-01
4.459056854248046875e-01
-3.433966264128684998e-02
7.350643873214721680e-01
3.851738274097442627e-01
-4.935666918754577637e-02
7.398772835731506348e-01
3.450935184955596924e-01
-5.523803457617759705e-02
7.425881028175354004e-01
3.106880187988281250e-01
-5.838548764586448669e-02
