6.802463531494140625e-01
6.223334670066833496e-01
2.604503208658570657e-07
6.217277646064758301e-01
6.383516788482666016e-01
-1.624737493693828583e-02
5.599771738052368164e-01
6.242557764053344727e-01
-2.424355037510395050e-02
5.164193511009216309e-01
6.010749340057373047e-01
-3.176344931125640869e-02
4.799278676509857178e-01
5.875793695449829102e-01
-3.948846831917762756e-02
5.485047101974487305e-01
5.256354212760925293e-01
-1.355612650513648987e-02
4.994260668754577637e-01
4.869536757469177246e-01
-2.992122434079647064e-02
4.687893390655517578e-01
4.642293155193328857e-01
-4.357548058032989502e-02
4.425200223922729492e-01
4.438313841819763184e-01
-5.390644446015357971e-02
5.723405480384826660e-01
4.870908260345458984e-01
-1.968125440180301666e-02
5.273833274841308594e-01
4.256072342395782471e-01
-3.349516913294792175e-02
4.973182678222656250e-01
3.892094194889068604e-01
-4.677358269691467285e-02
4.702829420566558838e-01
3.592934608459472656e-01
-5.671856924891471863e-02
6.049137115478515625e-01
4.649440944194793701e-01
-2.870091795921325684e-02
5.708380937576293945e-01
3.988606631755828857e-01
-4.654936864972114563e-02
5.465939640998840332e-01
3.590634465217590332e-01
-5.930135399103164673e-02
5.238324403762817383e-01
3.257132768630981445e-01
-6.799030303955078125e-02
6.434539556503295898e-01
4.572046697139739990e-01
-3.891253471374511719e-02
6.338945031166076660e-01
3.946118354797363281e-01
-5.619078129529953003e-02
6.273830533027648926e-01
3.533849716186523438e-01
-6.343725323677062988e-02
6.194866895675659180e-01
3.175117969512939453e-01
-6.794516742229461670e-02
