6.488677859306335449e-01
7.314704656600952148e-01
2.278186741477838950e-07
5.906711816787719727e-01
7.151621580123901367e-01
-1.447367295622825623e-02
5.410143136978149414e-01
6.732946038246154785e-01
-1.950317621231079102e-02
5.085670351982116699e-01
6.333225369453430176e-01
-2.454248070716857910e-02
4.885722398757934570e-01
5.959993600845336914e-01
-2.929237484931945801e-02
5.635442137718200684e-01
5.905742645263671875e-01
-4.634358920156955719e-03
5.314159393310546875e-01
5.349279642105102539e-01
-1.726853102445602417e-02
5.127734541893005371e-01
5.013957619667053223e-01
-2.818400971591472626e-02
4.987849295139312744e-01
4.743716418743133545e-01
-3.589816763997077942e-02
5.952551364898681641e-01
5.662615299224853516e-01
-8.182846009731292725e-03
5.717723369598388672e-01
4.937219023704528809e-01
-1.750807464122772217e-02
5.553414821624755859e-01
4.514103829860687256e-01
-2.783475629985332489e-02
5.418308377265930176e-01
4.185495376586914062e-01
-3.549867123365402222e-02
6.301608085632324219e-01
5.570142269134521484e-01
-1.490444969385862350e-02
6.164675951004028320e-01
4.837020039558410645e-01
-2.765813097357749939e-02
6.049764752388000488e-01
4.416624903678894043e-01
-3.778204321861267090e-02
5.945439934730529785e-01
4.087652564048767090e-01
-4.464985802769660950e-02
6.665582656860351562e-01
5.626434683799743652e-01
-2.294586785137653351e-02
6.753877401351928711e-01
5.062589645385742188e-01
-3.533739969134330750e-02
6.794885993003845215e-01
4.691107571125030518e-01
-4.112016409635543823e-02
6.820458173751831055e-01
4.378434121608734131e-01
-4.454862326383590698e-02
