7.255871295928955078e-01
7.470942139625549316e-01
2.878384464111150010e-07
6.620524525642395020e-01
6.989470124244689941e-01
-1.616198383271694183e-02
6.126021742820739746e-01
6.195226907730102539e-01
-2.201504632830619812e-02
5.845110416412353516e-01
5.553242564201354980e-01
-2.813080884516239166e-02
5.625124573707580566e-01
5.045390129089355469e-01
-3.408240899443626404e-02
6.612751483917236328e-01
5.169830918312072754e-01
-8.188452571630477905e-03
6.364423036575317383e-01
4.312250614166259766e-01
-2.356662414968013763e-02
6.227977275848388672e-01
3.797428011894226074e-01
-3.667387366294860840e-02
6.118366718292236328e-01
3.360191583633422852e-01
-4.676436260342597961e-02
7.060431241989135742e-01
5.070739984512329102e-01
-1.551490556448698044e-02
7.003073692321777344e-01
4.061242341995239258e-01
-2.749201469123363495e-02
6.958711743354797363e-01
3.461043536663055420e-01
-4.102944582700729370e-02
6.917097568511962891e-01
2.960519790649414062e-01
-5.130853131413459778e-02
7.489448189735412598e-01
5.196560025215148926e-01
-2.623488381505012512e-02
7.548694610595703125e-01
4.244005680084228516e-01
-4.382376372814178467e-02
7.569870352745056152e-01
3.673307597637176514e-01
-5.743183568120002747e-02
7.569348216056823730e-01
3.182868361473083496e-01
-6.696360558271408081e-02
7.890243530273437500e-01
5.508852005004882812e-01
-3.827473893761634827e-02
8.150904178619384766e-01
4.907395243644714355e-01
-5.669145658612251282e-02
8.328737020492553711e-01
4.489768147468566895e-01
-6.476751714944839478e-02
8.473743796348571777e-01
4.110046625137329102e-01
-6.955227255821228027e-02
