7.448861002922058105e-01
6.256414055824279785e-01
2.308855187038716394e-07
6.828047633171081543e-01
6.018249392509460449e-01
-1.956380531191825867e-02
6.319978237152099609e-01
5.525599718093872070e-01
-2.842704765498638153e-02
6.015595197677612305e-01
5.008794665336608887e-01
-3.629030659794807434e-02
5.812301635742187500e-01
4.562607705593109131e-01
-4.357196763157844543e-02
6.558515429496765137e-01
4.676917195320129395e-01
-1.180796418339014053e-02
6.256300806999206543e-01
4.041653275489807129e-01
-2.825710736215114594e-02
6.072587370872497559e-01
3.643358051776885986e-01
-4.193910583853721619e-02
5.927099585533142090e-01
3.292131423950195312e-01
-5.191764980554580688e-02
6.907564401626586914e-01
4.447958469390869141e-01
-1.482222042977809906e-02
6.702286601066589355e-01
3.652524948120117188e-01
-2.850771136581897736e-02
6.547483801841735840e-01
3.162847757339477539e-01
-4.153766110539436340e-02
6.412553787231445312e-01
2.752604782581329346e-01
-5.131521821022033691e-02
7.280277609825134277e-01
4.414237737655639648e-01
-2.141710557043552399e-02
7.157712578773498535e-01
3.640286028385162354e-01
-3.821481764316558838e-02
7.048856616020202637e-01
3.161822557449340820e-01
-5.063671991229057312e-02
6.944419145584106445e-01
2.767942547798156738e-01
-5.884407833218574524e-02
7.674462199211120605e-01
4.522636532783508301e-01
-2.967107482254505157e-02
7.773189544677734375e-01
3.899264037609100342e-01
-4.515016078948974609e-02
7.823896408081054688e-01
3.486396074295043945e-01
-5.297542363405227661e-02
7.845555543899536133e-01
3.128110766410827637e-01
-5.785839632153511047e-02
