7.840756177902221680e-01
8.040542006492614746e-01
5.003088290322921239e-07
6.827692985534667969e-01
7.472403645515441895e-01
-3.322990983724594116e-02
6.086142063140869141e-01
6.301015019416809082e-01
-5.026428773999214172e-02
5.710268020629882812e-01
5.285029411315917969e-01
-6.537202745676040649e-02
5.329429507255554199e-01
4.574963152408599854e-01
-8.130075782537460327e-02
6.777198314666748047e-01
4.548996090888977051e-01
-3.855456411838531494e-02
6.393890380859375000e-01
3.192772865295410156e-01
-7.239573448896408081e-02
6.141943335533142090e-01
2.364913523197174072e-01
-1.000270918011665344e-01
5.956377983093261719e-01
1.655228734016418457e-01
-1.196727603673934937e-01
7.522458434104919434e-01
4.381703734397888184e-01
-4.811522737145423889e-02
7.401099801063537598e-01
2.805608510971069336e-01
-7.632169872522354126e-02
7.282470464706420898e-01
1.815771460533142090e-01
-1.019105315208435059e-01
7.176364064216613770e-01
9.775868058204650879e-02
-1.208013072609901428e-01
8.250288367271423340e-01
4.579004645347595215e-01
-6.251326948404312134e-02
8.404979705810546875e-01
3.101381957530975342e-01
-9.494920819997787476e-02
8.447587490081787109e-01
2.225068509578704834e-01
-1.170271858572959900e-01
8.451943397521972656e-01
1.459771692752838135e-01
-1.320340037345886230e-01
8.944064378738403320e-01
5.046245455741882324e-01
-7.948543131351470947e-02
9.438533782958984375e-01
3.875121176242828369e-01
-1.094727218151092529e-01
9.718906879425048828e-01
3.105522394180297852e-01
-1.219950541853904724e-01
9.925045967102050781e-01
2.378776967525482178e-01
-1.294314116239547729e-01
