8.160673379898071289e-01
5.788844227790832520e-01
3.077251449212781154e-07
7.531229257583618164e-01
5.763802528381347656e-01
-1.397951692342758179e-02
6.955779790878295898e-01
5.354588031768798828e-01
-1.948606036603450775e-02
6.591701507568359375e-01
4.928115308284759521e-01
-2.465597353875637054e-02
6.282600164413452148e-01
4.683921933174133301e-01
-3.036307170987129211e-02
7.098593711853027344e-01
4.358681142330169678e-01
-1.291659753769636154e-02
6.702649593353271484e-01
3.764910697937011719e-01
-2.595726400613784790e-02
6.473551988601684570e-01
3.393293023109436035e-01
-3.669722750782966614e-02
6.302980780601501465e-01
3.080850839614868164e-01
-4.484438896179199219e-02
7.439235448837280273e-01
4.075731635093688965e-01
-1.933876611292362213e-02
7.157819867134094238e-01
3.264653086662292480e-01
-2.998084202408790588e-02
6.968684196472167969e-01
2.764626741409301758e-01
-4.195441305637359619e-02
6.818677783012390137e-01
2.367488592863082886e-01
-5.108269304037094116e-02
7.812066674232482910e-01
3.987532258033752441e-01
-2.811211347579956055e-02
7.692520618438720703e-01
3.148374855518341064e-01
-4.533816128969192505e-02
7.591251730918884277e-01
2.628592848777770996e-01
-6.087884306907653809e-02
7.498051524162292480e-01
2.200710177421569824e-01
-7.164829969406127930e-02
8.202998638153076172e-01
4.074565768241882324e-01
-3.740669786930084229e-02
8.359088301658630371e-01
3.416219055652618408e-01
-5.720334500074386597e-02
8.465109467506408691e-01
2.990036308765411377e-01
-6.743356585502624512e-02
8.545843362808227539e-01
2.624676823616027832e-01
-7.355128973722457886e-02
