7.081397771835327148e-01
5.985673069953918457e-01
3.077574888266099151e-07
6.484913229942321777e-01
5.830283761024475098e-01
-1.710602454841136932e-02
5.977514982223510742e-01
5.397709012031555176e-01
-2.509383298456668854e-02
5.659672021865844727e-01
4.943785369396209717e-01
-3.226531296968460083e-02
5.412758588790893555e-01
4.548902213573455811e-01
-3.929161652922630310e-02
6.176699995994567871e-01
4.477606415748596191e-01
-1.352832280099391937e-02
5.869585871696472168e-01
3.844704031944274902e-01
-2.830960601568222046e-02
5.691568851470947266e-01
3.450886011123657227e-01
-4.023505374789237976e-02
5.553882122039794922e-01
3.110089302062988281e-01
-4.904387146234512329e-02
6.519919037818908691e-01
4.267838597297668457e-01
-1.814698800444602966e-02
6.314834356307983398e-01
3.465059399604797363e-01
-2.977043390274047852e-02
6.170609593391418457e-01
2.976872920989990234e-01
-4.126399010419845581e-02
6.042007803916931152e-01
2.577312588691711426e-01
-4.989287629723548889e-02
6.882948875427246094e-01
4.239907264709472656e-01
-2.571692690253257751e-02
6.791160702705383301e-01
3.448561131954193115e-01
-4.170897975564002991e-02
6.713094711303710938e-01
2.956973314285278320e-01
-5.344155430793762207e-02
6.632990837097167969e-01
2.537914514541625977e-01
-6.141674518585205078e-02
7.255288958549499512e-01
4.363099038600921631e-01
-3.449415042996406555e-02
7.374494075775146484e-01
3.755053877830505371e-01
-5.097779259085655212e-02
7.450353503227233887e-01
3.354433178901672363e-01
-5.811607092618942261e-02
7.502229213714599609e-01
3.003250062465667725e-01
-6.222997605800628662e-02
