7.269889116287231445e-01
6.335339546203613281e-01
3.401314927486964734e-07
6.674460172653198242e-01
6.029029488563537598e-01
-2.232412807643413544e-02
6.182808876037597656e-01
5.451891422271728516e-01
-3.341494873166084290e-02
5.872260928153991699e-01
4.920069277286529541e-01
-4.284899681806564331e-02
5.670395493507385254e-01
4.447956681251525879e-01
-5.213673412799835205e-02
6.516431570053100586e-01
4.538185596466064453e-01
-2.209772914648056030e-02
6.249029636383056641e-01
3.781105875968933105e-01
-4.163130372762680054e-02
6.091383695602416992e-01
3.304983377456665039e-01
-5.670016631484031677e-02
5.978278517723083496e-01
2.895319163799285889e-01
-6.734290719032287598e-02
6.904000639915466309e-01
4.365673363208770752e-01
-2.546698413789272308e-02
6.787653565406799316e-01
3.444905281066894531e-01
-4.091105982661247253e-02
6.697410345077514648e-01
2.878456711769104004e-01
-5.433297157287597656e-02
6.622426509857177734e-01
2.397031038999557495e-01
-6.416741013526916504e-02
7.285040020942687988e-01
4.402326345443725586e-01
-3.207990899682044983e-02
7.300121784210205078e-01
3.525088429450988770e-01
-5.139136686921119690e-02
7.290146946907043457e-01
2.989770174026489258e-01
-6.476882100105285645e-02
7.272681593894958496e-01
2.531198263168334961e-01
-7.359849661588668823e-02
7.655075192451477051e-01
4.614548385143280029e-01
-4.030930623412132263e-02
7.881844639778137207e-01
3.995438814163208008e-01
-6.004898250102996826e-02
8.039796948432922363e-01
3.594768345355987549e-01
-6.893000751733779907e-02
8.167901635169982910e-01
3.240712285041809082e-01
-7.383381575345993042e-02
