7.469667792320251465e-01
6.099814772605895996e-01
3.230110792173945811e-07
6.945404410362243652e-01
5.616926550865173340e-01
-1.716422103345394135e-02
6.632885932922363281e-01
4.944324791431427002e-01
-2.437674812972545624e-02
6.521121859550476074e-01
4.336865544319152832e-01
-3.104673698544502258e-02
6.460089683532714844e-01
3.843286633491516113e-01
-3.740840032696723938e-02
7.151618599891662598e-01
4.286384284496307373e-01
-1.255649793893098831e-02
7.093325257301330566e-01
3.548926115036010742e-01
-2.729341387748718262e-02
7.069460749626159668e-01
3.083164095878601074e-01
-3.896262496709823608e-02
7.072056531906127930e-01
2.693017721176147461e-01
-4.753511026501655579e-02
7.534891366958618164e-01
4.296981394290924072e-01
-1.723725348711013794e-02
7.610959410667419434e-01
3.473570346832275391e-01
-2.950648404657840729e-02
7.647015452384948730e-01
2.933377027511596680e-01
-4.166173562407493591e-02
7.682898640632629395e-01
2.497356981039047241e-01
-5.063067004084587097e-02
7.874593734741210938e-01
4.471277594566345215e-01
-2.496697567403316498e-02
8.076372146606445312e-01
3.716636002063751221e-01
-4.257913306355476379e-02
8.174941539764404297e-01
3.233641684055328369e-01
-5.583660677075386047e-02
8.249701857566833496e-01
2.826938033103942871e-01
-6.447999179363250732e-02
8.173899054527282715e-01
4.793750941753387451e-01
-3.385263308882713318e-02
8.521230816841125488e-01
4.361116290092468262e-01
-5.299517512321472168e-02
8.737214803695678711e-01
4.049985110759735107e-01
-6.224976480007171631e-02
8.915877342224121094e-01
3.770248293876647949e-01
-6.740438938140869141e-02
