7.459027767181396484e-01
6.252225637435913086e-01
3.598364912704710150e-07
6.989985704421997070e-01
5.808763504028320312e-01
-2.113696746528148651e-02
6.626595258712768555e-01
5.187488794326782227e-01
-3.333333879709243774e-02
6.384128928184509277e-01
4.664193987846374512e-01
-4.413038864731788635e-02
6.294532418251037598e-01
4.231938123703002930e-01
-5.474532395601272583e-02
7.064257860183715820e-01
4.436940252780914307e-01
-1.971374265849590302e-02
7.011111378669738770e-01
3.713819980621337891e-01
-3.826753422617912292e-02
6.985654234886169434e-01
3.274521529674530029e-01
-5.284523591399192810e-02
6.989181637763977051e-01
2.896724343299865723e-01
-6.314790993928909302e-02
7.441750764846801758e-01
4.424551725387573242e-01
-2.295880950987339020e-02
7.531762123107910156e-01
3.625077307224273682e-01
-3.851829096674919128e-02
7.581985592842102051e-01
3.135172724723815918e-01
-5.144863575696945190e-02
7.631672620773315430e-01
2.710816264152526855e-01
-6.073040515184402466e-02
7.777516841888427734e-01
4.573118388652801514e-01
-2.944547869265079498e-02
7.959066629409790039e-01
3.840255439281463623e-01
-4.843592271208763123e-02
8.076040744781494141e-01
3.369382023811340332e-01
-6.016074866056442261e-02
8.168542385101318359e-01
2.956269681453704834e-01
-6.747021526098251343e-02
8.071406483650207520e-01
4.861412346363067627e-01
-3.737978264689445496e-02
8.353093862533569336e-01
4.368192851543426514e-01
-5.561675876379013062e-02
8.548883199691772461e-01
4.048372507095336914e-01
-6.252949684858322144e-02
8.705138564109802246e-01
3.761941194534301758e-01
-6.610921770334243774e-02
