6.811944246292114258e-01
6.332167983055114746e-01
2.687063158646196825e-07
6.185404062271118164e-01
6.267548799514770508e-01
-1.633979938924312592e-02
5.620547533035278320e-01
5.900399684906005859e-01
-2.351958304643630981e-02
5.246593952178955078e-01
5.500521659851074219e-01
-3.020795807242393494e-02
4.962856471538543701e-01
5.154267549514770508e-01
-3.700119256973266602e-02
5.735725164413452148e-01
4.966897070407867432e-01
-1.128046866506338120e-02
5.366141796112060547e-01
4.415714442729949951e-01
-2.668218128383159637e-02
5.139234662055969238e-01
4.083942770957946777e-01
-3.967739641666412354e-02
4.953526854515075684e-01
3.790357708930969238e-01
-4.914862662553787231e-02
6.058914661407470703e-01
4.682084321975708008e-01
-1.641779206693172455e-02
5.773246884346008301e-01
3.932983875274658203e-01
-2.897110953927040100e-02
5.569983124732971191e-01
3.490255475044250488e-01
-4.140619933605194092e-02
5.389108657836914062e-01
3.123153448104858398e-01
-5.065855756402015686e-02
6.413939595222473145e-01
4.578793942928314209e-01
-2.465292438864707947e-02
6.236777901649475098e-01
3.803362250328063965e-01
-4.081108421087265015e-02
6.091158390045166016e-01
3.348801732063293457e-01
-5.248619616031646729e-02
5.947126150131225586e-01
2.969779968261718750e-01
-6.045517325401306152e-02
6.786639094352722168e-01
4.629132747650146484e-01
-3.415637090802192688e-02
6.818858385086059570e-01
3.986456394195556641e-01
-5.013024806976318359e-02
6.830530762672424316e-01
3.572937846183776855e-01
-5.670596286654472351e-02
6.824061274528503418e-01
3.215056657791137695e-01
-6.055345386266708374e-02
