7.122235298156738281e-01
6.069871187210083008e-01
2.685112008293799590e-07
6.538717746734619141e-01
5.886858701705932617e-01
-1.594047993421554565e-02
6.046502590179443359e-01
5.438019037246704102e-01
-2.319720573723316193e-02
5.724107623100280762e-01
5.029767751693725586e-01
-2.978105656802654266e-02
5.474699735641479492e-01
4.690256416797637939e-01
-3.643480688333511353e-02
6.250432133674621582e-01
4.587184786796569824e-01
-1.286261342465877533e-02
5.950887799263000488e-01
3.963736295700073242e-01
-2.776671573519706726e-02
5.768367648124694824e-01
3.574517071247100830e-01
-3.987601399421691895e-02
5.622091889381408691e-01
3.241760730743408203e-01
-4.874641075730323792e-02
6.577274799346923828e-01
4.382972419261932373e-01
-1.754107512533664703e-02
6.371617317199707031e-01
3.609705865383148193e-01
-2.960231341421604156e-02
6.218374967575073242e-01
3.142041563987731934e-01
-4.105884581804275513e-02
6.075427532196044922e-01
2.758624553680419922e-01
-4.961298033595085144e-02
6.923277974128723145e-01
4.348090589046478271e-01
-2.502865158021450043e-02
6.818345189094543457e-01
3.572668731212615967e-01
-4.000800848007202148e-02
6.723516583442687988e-01
3.109611868858337402e-01
-5.026048049330711365e-02
6.621319055557250977e-01
2.716048359870910645e-01
-5.730216205120086670e-02
7.280859947204589844e-01
4.454951286315917969e-01
-3.377995267510414124e-02
7.364288568496704102e-01
3.845015168190002441e-01
-4.811672866344451904e-02
7.408088445663452148e-01
3.449701666831970215e-01
-5.378021299839019775e-02
7.426476478576660156e-01
3.102706670761108398e-01
-5.715216323733329773e-02
