6.063628792762756348e-01
9.597967267036437988e-01
3.527787271195848007e-07
4.949397742748260498e-01
8.582567572593688965e-01
-3.425708785653114319e-02
4.346759021282196045e-01
6.909279227256774902e-01
-4.407498612999916077e-02
3.989384472370147705e-01
5.472064614295959473e-01
-5.481048673391342163e-02
3.563059568405151367e-01
4.399161338806152344e-01
-6.427960097789764404e-02
5.245977640151977539e-01
5.010080337524414062e-01
8.276033215224742889e-03
4.848527908325195312e-01
3.439736962318420410e-01
-2.122335880994796753e-02
4.519064128398895264e-01
2.477115988731384277e-01
-5.175914615392684937e-02
4.201202094554901123e-01
1.668199002742767334e-01
-7.460045814514160156e-02
5.989780426025390625e-01
4.810668826103210449e-01
-3.664203686639666557e-03
5.783250331878662109e-01
2.835785746574401855e-01
-2.858850359916687012e-02
5.539346933364868164e-01
1.631742119789123535e-01
-5.943518131971359253e-02
5.290561914443969727e-01
6.259906291961669922e-02
-8.192067593336105347e-02
6.711045503616333008e-01
5.055713653564453125e-01
-2.450126595795154572e-02
6.715514659881591797e-01
3.164977729320526123e-01
-5.948715284466743469e-02
6.598395705223083496e-01
2.010244429111480713e-01
-8.827821165323257446e-02
6.457594037055969238e-01
9.887418150901794434e-02
-1.073134467005729675e-01
7.425094842910766602e-01
5.635023117065429688e-01
-4.915572702884674072e-02
7.930432558059692383e-01
4.311921000480651855e-01
-8.118256926536560059e-02
8.252003192901611328e-01
3.410169482231140137e-01
-9.686522930860519409e-02
8.518726825714111328e-01
2.581739723682403564e-01
-1.068197488784790039e-01
