6.692489981651306152e-01
6.184852719306945801e-01
2.874166966648772359e-07
6.088368296623229980e-01
6.260218024253845215e-01
-1.720464602112770081e-02
5.511572360992431641e-01
6.075420379638671875e-01
-2.546838857233524323e-02
5.105962157249450684e-01
5.803335905075073242e-01
-3.338165953755378723e-02
4.769945740699768066e-01
5.567513108253479004e-01
-4.127481579780578613e-02
5.456296205520629883e-01
5.066342949867248535e-01
-1.069174800068140030e-02
4.993962645530700684e-01
4.618441164493560791e-01
-2.632612735033035278e-02
4.700492620468139648e-01
4.352957010269165039e-01
-3.986431658267974854e-02
4.454123377799987793e-01
4.114995896816253662e-01
-4.992637038230895996e-02
5.714924335479736328e-01
4.712019264698028564e-01
-1.589138992130756378e-02
5.315474867820739746e-01
4.051262438297271729e-01
-2.872991561889648438e-02
5.040038824081420898e-01
3.657514154911041260e-01
-4.187744110822677612e-02
4.795268476009368896e-01
3.333093523979187012e-01
-5.175646767020225525e-02
6.041624546051025391e-01
4.526625871658325195e-01
-2.442338317632675171e-02
5.749813914299011230e-01
3.826239705085754395e-01
-4.123885557055473328e-02
5.540779829025268555e-01
3.417511582374572754e-01
-5.388396605849266052e-02
5.343827605247497559e-01
3.080269694328308105e-01
-6.250207871198654175e-02
6.413828730583190918e-01
4.488297402858734131e-01
-3.438731282949447632e-02
6.372733712196350098e-01
3.853623270988464355e-01
-5.046851187944412231e-02
6.343705654144287109e-01
3.441230654716491699e-01
-5.750960111618041992e-02
6.301672458648681641e-01
3.086684346199035645e-01
-6.184906885027885437e-02
