7.020813226699829102e-01
6.079667806625366211e-01
2.545424706568155671e-07
6.444424986839294434e-01
5.951664447784423828e-01
-1.570478826761245728e-02
5.929316282272338867e-01
5.561642646789550781e-01
-2.362847886979579926e-02
5.585659742355346680e-01
5.181632637977600098e-01
-3.096377849578857422e-02
5.313367843627929688e-01
4.880512654781341553e-01
-3.849727660417556763e-02
6.072184443473815918e-01
4.684551358222961426e-01
-1.382778678089380264e-02
5.710099339485168457e-01
4.102888107299804688e-01
-2.989782579243183136e-02
5.492110252380371094e-01
3.747407793998718262e-01
-4.282119870185852051e-02
5.319179296493530273e-01
3.437588214874267578e-01
-5.207528546452522278e-02
6.384741067886352539e-01
4.445539712905883789e-01
-1.885345578193664551e-02
6.122864484786987305e-01
3.691823482513427734e-01
-3.172043338418006897e-02
5.942489504814147949e-01
3.243714570999145508e-01
-4.364277049899101257e-02
5.781946182250976562e-01
2.872082293033599854e-01
-5.250542983412742615e-02
6.727254986763000488e-01
4.375042617321014404e-01
-2.658796869218349457e-02
6.570287346839904785e-01
3.618597388267517090e-01
-4.196908324956893921e-02
6.449370980262756348e-01
3.173877000808715820e-01
-5.206166952848434448e-02
6.328685879707336426e-01
2.801488041877746582e-01
-5.899579077959060669e-02
7.089852094650268555e-01
4.445240795612335205e-01
-3.557933494448661804e-02
7.131037116050720215e-01
3.831516504287719727e-01
-4.965793341398239136e-02
7.151528000831604004e-01
3.437815606594085693e-01
-5.478690564632415771e-02
7.149948477745056152e-01
3.093201518058776855e-01
-5.785881355404853821e-02
