7.458939552307128906e-01
6.020530462265014648e-01
3.262709071805147687e-07
6.936562657356262207e-01
5.569862723350524902e-01
-1.656670868396759033e-02
6.605460643768310547e-01
4.931401610374450684e-01
-2.418625168502330780e-02
6.462631821632385254e-01
4.355371594429016113e-01
-3.110890090465545654e-02
6.375523805618286133e-01
3.867241442203521729e-01
-3.781875222921371460e-02
7.088377475738525391e-01
4.232418239116668701e-01
-1.289224904030561447e-02
7.001018524169921875e-01
3.508468866348266602e-01
-2.709353528916835785e-02
6.962041258811950684e-01
3.059640526771545410e-01
-3.835162520408630371e-02
6.947284936904907227e-01
2.686228752136230469e-01
-4.652568325400352478e-02
7.470733523368835449e-01
4.227518439292907715e-01
-1.752142421901226044e-02
7.536923885345458984e-01
3.391653001308441162e-01
-2.910519577562808990e-02
7.554419636726379395e-01
2.866481542587280273e-01
-4.062002524733543396e-02
7.563668489456176758e-01
2.439310699701309204e-01
-4.905008152127265930e-02
7.814254760742187500e-01
4.393836557865142822e-01
-2.502746507525444031e-02
7.996184825897216797e-01
3.637285232543945312e-01
-4.194413498044013977e-02
8.079001307487487793e-01
3.146631121635437012e-01
-5.493721738457679749e-02
8.136757016181945801e-01
2.728734612464904785e-01
-6.343241035938262939e-02
8.121516108512878418e-01
4.705865979194641113e-01
-3.349165990948677063e-02
8.455255031585693359e-01
4.248340725898742676e-01
-5.158135667443275452e-02
8.664367794990539551e-01
3.933353424072265625e-01
-5.997978895902633667e-02
8.832732439041137695e-01
3.648271858692169189e-01
-6.462091207504272461e-02
