7.549370527267456055e-01
6.340396404266357422e-01
3.854028420846589142e-07
7.039185762405395508e-01
5.938583612442016602e-01
-2.209649235010147095e-02
6.656943559646606445e-01
5.333238840103149414e-01
-3.534366562962532043e-02
6.396775245666503906e-01
4.797803461551666260e-01
-4.699331149458885193e-02
6.211668252944946289e-01
4.399322867393493652e-01
-5.853932350873947144e-02
7.054646015167236328e-01
4.568812549114227295e-01
-2.412594668567180634e-02
6.917132139205932617e-01
3.794728517532348633e-01
-4.430274292826652527e-02
6.833931207656860352e-01
3.342050015926361084e-01
-5.970251187682151794e-02
6.781401634216308594e-01
2.952453792095184326e-01
-7.009933888912200928e-02
7.411626577377319336e-01
4.523620903491973877e-01
-2.708763442933559418e-02
7.420477867126464844e-01
3.655562698841094971e-01
-4.362060129642486572e-02
7.404364943504333496e-01
3.141788244247436523e-01
-5.631957575678825378e-02
7.394108176231384277e-01
2.727893590927124023e-01
-6.516576558351516724e-02
7.739415168762207031e-01
4.637807607650756836e-01
-3.309389576315879822e-02
7.841805219650268555e-01
3.864471316337585449e-01
-5.164633691310882568e-02
7.887408137321472168e-01
3.374072611331939697e-01
-6.156453862786293030e-02
7.925938963890075684e-01
2.968047857284545898e-01
-6.769134104251861572e-02
8.042318820953369141e-01
4.884593188762664795e-01
-4.082394018769264221e-02
8.264324069023132324e-01
4.350724518299102783e-01
-5.809483677148818970e-02
8.413953781127929688e-01
4.002523124217987061e-01
-6.331966817378997803e-02
8.533546924591064453e-01
3.704008460044860840e-01
-6.564074754714965820e-02
