7.187253236770629883e-01
6.191374659538269043e-01
2.600622224235848989e-07
6.537905335426330566e-01
5.901927351951599121e-01
-2.694140933454036713e-02
6.041504740715026855e-01
5.308009386062622070e-01
-4.398962482810020447e-02
5.788984298706054688e-01
4.779265224933624268e-01
-5.832713097333908081e-02
5.590823888778686523e-01
4.469521641731262207e-01
-7.317290455102920532e-02
6.323359608650207520e-01
4.438139796257019043e-01
-3.667500987648963928e-02
6.078658103942871094e-01
3.694749176502227783e-01
-6.341633200645446777e-02
5.900698304176330566e-01
3.285028040409088135e-01
-8.402007073163986206e-02
5.743804574012756348e-01
2.963684201240539551e-01
-9.754364937543869019e-02
6.722165942192077637e-01
4.251336455345153809e-01
-3.860974311828613281e-02
6.584874987602233887e-01
3.431848287582397461e-01
-6.233428791165351868e-02
6.447613835334777832e-01
2.911509871482849121e-01
-8.133015781641006470e-02
6.332244277000427246e-01
2.511658668518066406e-01
-9.488383680582046509e-02
7.099440097808837891e-01
4.251450896263122559e-01
-4.362181201577186584e-02
7.060134410858154297e-01
3.456921875476837158e-01
-6.555005162954330444e-02
6.980823278427124023e-01
2.908643484115600586e-01
-8.149043470621109009e-02
6.909366846084594727e-01
2.495846152305603027e-01
-9.253016114234924316e-02
7.462653517723083496e-01
4.406905472278594971e-01
-5.062878504395484924e-02
7.556841969490051270e-01
3.774790167808532715e-01
-6.960721313953399658e-02
7.567921876907348633e-01
3.319830000400543213e-01
-7.925933599472045898e-02
7.556430697441101074e-01
2.951641678810119629e-01
-8.553278446197509766e-02
