8.131419420242309570e-01
5.775163769721984863e-01
2.986141680594300851e-07
7.497702836990356445e-01
5.788615942001342773e-01
-1.415754854679107666e-02
6.896862983703613281e-01
5.413644313812255859e-01
-1.903520710766315460e-02
6.508975625038146973e-01
5.011197924613952637e-01
-2.364616468548774719e-02
6.182826757431030273e-01
4.797023534774780273e-01
-2.870559319853782654e-02
7.008867263793945312e-01
4.441591799259185791e-01
-1.079574692994356155e-02
6.602828502655029297e-01
3.887557983398437500e-01
-2.326868474483489990e-02
6.364333629608154297e-01
3.539068102836608887e-01
-3.376604244112968445e-02
6.177551746368408203e-01
3.242835402488708496e-01
-4.184841364622116089e-02
7.337005138397216797e-01
4.142595827579498291e-01
-1.653007417917251587e-02
7.029503583908081055e-01
3.370153307914733887e-01
-2.653652802109718323e-02
6.823569536209106445e-01
2.894743680953979492e-01
-3.784191608428955078e-02
6.656321883201599121e-01
2.507367730140686035e-01
-4.645194485783576965e-02
7.702331542968750000e-01
4.031316339969635010e-01
-2.479298040270805359e-02
7.519844174385070801e-01
3.247605264186859131e-01
-4.093493148684501648e-02
7.385274171829223633e-01
2.766019105911254883e-01
-5.496605113148689270e-02
7.264354228973388672e-01
2.357568740844726562e-01
-6.465892493724822998e-02
8.092185258865356445e-01
4.080609381198883057e-01
-3.378697857260704041e-02
8.183369040489196777e-01
3.453717231750488281e-01
-5.193748697638511658e-02
8.253908157348632812e-01
3.045369982719421387e-01
-6.086822971701622009e-02
8.303023576736450195e-01
2.686333060264587402e-01
-6.617089360952377319e-02
