7.759677767753601074e-01
5.462219119071960449e-01
3.017818244188674726e-07
7.176359295845031738e-01
5.367910861968994141e-01
-1.288082916289567947e-02
6.663259863853454590e-01
5.036497116088867188e-01
-1.835901476442813873e-02
6.313408613204956055e-01
4.715693593025207520e-01
-2.359732426702976227e-02
6.019623279571533203e-01
4.547721445560455322e-01
-2.897617034614086151e-02
6.782434582710266113e-01
4.213006496429443359e-01
-7.842563092708587646e-03
6.496315002441406250e-01
3.640348315238952637e-01
-1.906439103186130524e-02
6.329865455627441406e-01
3.290172219276428223e-01
-2.889211289584636688e-02
6.193514466285705566e-01
2.993845939636230469e-01
-3.641072660684585571e-02
7.087950706481933594e-01
3.979646265506744385e-01
-1.269209943711757660e-02
6.861182451248168945e-01
3.280320465564727783e-01
-2.191855758428573608e-02
6.697749495506286621e-01
2.847370207309722900e-01
-3.236945345997810364e-02
6.550678610801696777e-01
2.493938058614730835e-01
-4.039704427123069763e-02
7.416254878044128418e-01
3.900107145309448242e-01
-1.998858898878097534e-02
7.285169959068298340e-01
3.190261423587799072e-01
-3.282413631677627563e-02
7.178045511245727539e-01
2.757151126861572266e-01
-4.301645234227180481e-02
7.069188356399536133e-01
2.403570562601089478e-01
-5.004946142435073853e-02
7.758613228797912598e-01
3.948686420917510986e-01
-2.820827439427375793e-02
7.790465354919433594e-01
3.376729190349578857e-01
-4.078645259141921997e-02
7.789327502250671387e-01
3.009543418884277344e-01
-4.606683552265167236e-02
7.768063545227050781e-01
2.693706154823303223e-01
-4.928375408053398132e-02
