7.250548005104064941e-01
6.064552664756774902e-01
3.245561686071596341e-07
6.732219457626342773e-01
5.682355165481567383e-01
-1.612461730837821960e-02
6.381155252456665039e-01
5.105589628219604492e-01
-2.367559634149074554e-02
6.206538081169128418e-01
4.573754966259002686e-01
-3.055757284164428711e-02
6.098592281341552734e-01
4.115875363349914551e-01
-3.732734173536300659e-02
6.784116029739379883e-01
4.406975209712982178e-01
-1.281082630157470703e-02
6.656324863433837891e-01
3.716363310813903809e-01
-2.731497958302497864e-02
6.598984599113464355e-01
3.284063339233398438e-01
-3.884399309754371643e-02
6.570742726325988770e-01
2.920023798942565918e-01
-4.710443317890167236e-02
7.143946290016174316e-01
4.357665479183197021e-01
-1.710596494376659393e-02
7.150900363922119141e-01
3.550307154655456543e-01
-2.888203226029872894e-02
7.141360044479370117e-01
3.041931092739105225e-01
-4.032249748706817627e-02
7.128983736038208008e-01
2.621212303638458252e-01
-4.861246794462203979e-02
7.478629946708679199e-01
4.469477236270904541e-01
-2.417284809052944183e-02
7.592898607254028320e-01
3.718765079975128174e-01
-4.035457596182823181e-02
7.641499638557434082e-01
3.230084776878356934e-01
-5.255575850605964661e-02
7.668814063072204590e-01
2.812689840793609619e-01
-6.055829674005508423e-02
7.787123322486877441e-01
4.721440374851226807e-01
-3.224037587642669678e-02
8.056139945983886719e-01
4.237322509288787842e-01
-4.870897531509399414e-02
8.226544260978698730e-01
3.909009099006652832e-01
-5.610838904976844788e-02
8.361179828643798828e-01
3.615098297595977783e-01
-6.027343124151229858e-02
