7.569615840911865234e-01
6.481590867042541504e-01
1.754181084834272042e-07
6.905872821807861328e-01
6.417243480682373047e-01
-1.184864249080419540e-02
6.316969990730285645e-01
6.070009469985961914e-01
-1.562453806400299072e-02
5.956863164901733398e-01
5.650809407234191895e-01
-1.996628567576408386e-02
5.757205486297607422e-01
5.247346758842468262e-01
-2.390933036804199219e-02
6.462033987045288086e-01
5.208647847175598145e-01
-9.072413668036460876e-04
6.045808792114257812e-01
4.660822451114654541e-01
-1.319799944758415222e-02
5.802318453788757324e-01
4.337734878063201904e-01
-2.395316027104854584e-02
5.612293481826782227e-01
4.075136780738830566e-01
-3.171112015843391418e-02
6.759426593780517578e-01
4.882891774177551270e-01
-6.120118778198957443e-03
6.398440003395080566e-01
4.180312752723693848e-01
-1.587912440299987793e-02
6.159376502037048340e-01
3.777292966842651367e-01
-2.711287327110767365e-02
5.950174927711486816e-01
3.461661040782928467e-01
-3.546984493732452393e-02
7.103534340858459473e-01
4.698895812034606934e-01
-1.440085936337709427e-02
6.848720312118530273e-01
3.962302803993225098e-01
-2.745578065514564514e-02
6.660465598106384277e-01
3.531818389892578125e-01
-3.784424439072608948e-02
6.480729579925537109e-01
3.195478320121765137e-01
-4.495953395962715149e-02
7.482820153236389160e-01
4.648708701133728027e-01
-2.373985014855861664e-02
7.457916140556335449e-01
4.021572470664978027e-01
-3.599899634718894958e-02
7.412738800048828125e-01
3.617922067642211914e-01
-4.126510024070739746e-02
7.349334359169006348e-01
3.282470107078552246e-01
-4.440274834632873535e-02
