7.358189821243286133e-01
6.458774209022521973e-01
3.257728451444563689e-07
6.792457103729248047e-01
6.039118170738220215e-01
-2.037013694643974304e-02
6.380509734153747559e-01
5.377418994903564453e-01
-3.096370585262775421e-02
6.169919967651367188e-01
4.798623025417327881e-01
-4.046601802110671997e-02
6.007226705551147461e-01
4.328990876674652100e-01
-4.998984560370445251e-02
6.814321279525756836e-01
4.568274915218353271e-01
-2.101748436689376831e-02
6.659386157989501953e-01
3.767156600952148438e-01
-3.977042436599731445e-02
6.553914546966552734e-01
3.265894651412963867e-01
-5.408415570855140686e-02
6.482460498809814453e-01
2.838911414146423340e-01
-6.425731629133224487e-02
7.209361195564270020e-01
4.462124109268188477e-01
-2.559851855039596558e-02
7.178297638893127441e-01
3.549632132053375244e-01
-4.142183437943458557e-02
7.138480544090270996e-01
2.972072660923004150e-01
-5.551857128739356995e-02
7.111168503761291504e-01
2.483271211385726929e-01
-6.603691726922988892e-02
7.589459419250488281e-01
4.560737311840057373e-01
-3.317865729331970215e-02
7.690384984016418457e-01
3.699927330017089844e-01
-5.277588590979576111e-02
7.727475166320800781e-01
3.180248737335205078e-01
-6.695749610662460327e-02
7.749810218811035156e-01
2.740496397018432617e-01
-7.646556943655014038e-02
7.952172160148620605e-01
4.822410345077514648e-01
-4.218114912509918213e-02
8.248419165611267090e-01
4.246945977210998535e-01
-6.148482114076614380e-02
8.444163203239440918e-01
3.882051706314086914e-01
-7.067733258008956909e-02
8.601965904235839844e-01
3.564867377281188965e-01
-7.617170363664627075e-02
