6.723490357398986816e-01
7.577518224716186523e-01
2.057821717471597367e-07
6.092897653579711914e-01
7.125618457794189453e-01
-1.750371605157852173e-02
5.629833936691284180e-01
6.336771249771118164e-01
-2.774792537093162537e-02
5.331703424453735352e-01
5.738795399665832520e-01
-3.849972039461135864e-02
5.023144483566284180e-01
5.416454672813415527e-01
-5.056989565491676331e-02
6.024813055992126465e-01
5.309942364692687988e-01
-1.462492533028125763e-02
5.804835557937622070e-01
4.435209333896636963e-01
-3.577553108334541321e-02
5.661294460296630859e-01
3.895835876464843750e-01
-5.457492917776107788e-02
5.542321205139160156e-01
3.483001291751861572e-01
-6.790000945329666138e-02
6.479999423027038574e-01
5.165635943412780762e-01
-2.277687378227710724e-02
6.341072916984558105e-01
4.170586168766021729e-01
-3.856141492724418640e-02
6.258054971694946289e-01
3.562511801719665527e-01
-5.431739240884780884e-02
6.185824275016784668e-01
3.081340193748474121e-01
-6.604607403278350830e-02
6.948637366294860840e-01
5.236228108406066895e-01
-3.445938229560852051e-02
6.925076246261596680e-01
4.267807900905609131e-01
-5.133148282766342163e-02
6.900415420532226562e-01
3.685526847839355469e-01
-6.539930403232574463e-02
6.858908534049987793e-01
3.215237259864807129e-01
-7.613058388233184814e-02
7.429140210151672363e-01
5.506353378295898438e-01
-4.799790307879447937e-02
7.590345740318298340e-01
4.889479875564575195e-01
-6.305037438869476318e-02
7.621428966522216797e-01
4.619579315185546875e-01
-6.820430606603622437e-02
7.608158588409423828e-01
4.442611932754516602e-01
-7.156446576118469238e-02
