7.058598995208740234e-01
6.491469740867614746e-01
2.097624900443406659e-07
6.386286616325378418e-01
6.232489347457885742e-01
-1.345834787935018539e-02
5.855612754821777344e-01
5.664768815040588379e-01
-1.772801764309406281e-02
5.545958280563354492e-01
5.140529870986938477e-01
-2.276758849620819092e-02
5.297866463661193848e-01
4.749643206596374512e-01
-2.807490341365337372e-02
6.148270368576049805e-01
4.655438363552093506e-01
-3.822278697043657303e-03
5.809686183929443359e-01
3.947268724441528320e-01
-1.850445941090583801e-02
5.585646629333496094e-01
3.520702123641967773e-01
-3.163027763366699219e-02
5.393376350402832031e-01
3.167875409126281738e-01
-4.130237549543380737e-02
6.518491506576538086e-01
4.403550624847412109e-01
-1.051339972764253616e-02
6.295188665390014648e-01
3.481389582157135010e-01
-2.276422828435897827e-02
6.098403930664062500e-01
2.949873507022857666e-01
-3.608661890029907227e-02
5.900737047195434570e-01
2.522349953651428223e-01
-4.644598066806793213e-02
6.905290484428405762e-01
4.347592294216156006e-01
-2.056018449366092682e-02
6.798455715179443359e-01
3.454232215881347656e-01
-3.731048852205276489e-02
6.655642390251159668e-01
2.931196093559265137e-01
-5.018403008580207825e-02
6.499375104904174805e-01
2.493218481540679932e-01
-5.925085768103599548e-02
7.301564812660217285e-01
4.462328851222991943e-01
-3.201067075133323669e-02
7.483223080635070801e-01
3.757158815860748291e-01
-4.785846546292304993e-02
7.579627633094787598e-01
3.269655406475067139e-01
-5.558287352323532104e-02
7.639394402503967285e-01
2.836232185363769531e-01
-6.082939729094505310e-02
