7.718297839164733887e-01
5.413363575935363770e-01
2.463535508923087036e-07
7.167535424232482910e-01
5.583044290542602539e-01
-1.130647398531436920e-02
6.626881361007690430e-01
5.502738952636718750e-01
-1.619018614292144775e-02
6.237864494323730469e-01
5.354756712913513184e-01
-2.101632766425609589e-02
5.934289693832397461e-01
5.262877345085144043e-01
-2.595384791493415833e-02
6.540240645408630371e-01
4.775781035423278809e-01
-6.461407989263534546e-03
6.096351742744445801e-01
4.462524056434631348e-01
-1.844556815922260284e-02
5.847558379173278809e-01
4.250244498252868652e-01
-2.860438078641891479e-02
5.648896694183349609e-01
4.060017168521881104e-01
-3.573190048336982727e-02
6.743302345275878906e-01
4.418302476406097412e-01
-1.141152810305356979e-02
6.327600479125976562e-01
3.923366665840148926e-01
-2.081141248345375061e-02
6.064079999923706055e-01
3.634696602821350098e-01
-3.086210228502750397e-02
5.840583443641662598e-01
3.397654592990875244e-01
-3.820610046386718750e-02
7.007989883422851562e-01
4.174345135688781738e-01
-1.867835968732833862e-02
6.672401428222656250e-01
3.624415993690490723e-01
-3.054146096110343933e-02
6.452367305755615234e-01
3.317525982856750488e-01
-3.928653150796890259e-02
6.260769963264465332e-01
3.078424632549285889e-01
-4.510030150413513184e-02
7.325401902198791504e-01
4.029371738433837891e-01
-2.680425345897674561e-02
7.167423367500305176e-01
3.519579172134399414e-01
-3.726132214069366455e-02
7.061771750450134277e-01
3.210410177707672119e-01
-4.063827916979789734e-02
6.955106854438781738e-01
2.958353459835052490e-01
-4.248142242431640625e-02
