7.391375899314880371e-01
5.589392185211181641e-01
2.535653322865982773e-07
6.874466538429260254e-01
5.599822402000427246e-01
-1.321103516966104507e-02
6.362943649291992188e-01
5.388420820236206055e-01
-1.996625959873199463e-02
6.003905534744262695e-01
5.162683129310607910e-01
-2.632132172584533691e-02
5.711156725883483887e-01
5.045654177665710449e-01
-3.269185125827789307e-02
6.356506347656250000e-01
4.583458602428436279e-01
-9.760878980159759521e-03
5.969229936599731445e-01
4.154067635536193848e-01
-2.202018722891807556e-02
5.748257040977478027e-01
3.876276016235351562e-01
-3.237185254693031311e-02
5.580831170082092285e-01
3.633865118026733398e-01
-3.995935618877410889e-02
6.596388816833496094e-01
4.300177693367004395e-01
-1.398072019219398499e-02
6.282889842987060547e-01
3.699231147766113281e-01
-2.365477196872234344e-02
6.083688139915466309e-01
3.337398469448089600e-01
-3.365037590265274048e-02
5.918607115745544434e-01
3.032811880111694336e-01
-4.111832380294799805e-02
6.889131069183349609e-01
4.158588647842407227e-01
-2.055705338716506958e-02
6.662626862525939941e-01
3.540043830871582031e-01
-3.295674920082092285e-02
6.519177556037902832e-01
3.173592686653137207e-01
-4.221821576356887817e-02
6.393787264823913574e-01
2.874631285667419434e-01
-4.861429706215858459e-02
7.222971916198730469e-01
4.135576486587524414e-01
-2.819347567856311798e-02
7.203325033187866211e-01
3.609889149665832520e-01
-3.950389102101325989e-02
7.196510434150695801e-01
3.271034061908721924e-01
-4.390222579240798950e-02
7.180257439613342285e-01
2.982037067413330078e-01
-4.655936732888221741e-02
