7.359778881072998047e-01
5.983027219772338867e-01
3.269595083565945970e-07
6.807882785797119141e-01
5.574054121971130371e-01
-1.646846532821655273e-02
6.421665549278259277e-01
4.978623390197753906e-01
-2.440332621335983276e-02
6.217073798179626465e-01
4.439683258533477783e-01
-3.162273764610290527e-02
6.072441935539245605e-01
3.990751504898071289e-01
-3.883017972111701965e-02
6.831042170524597168e-01
4.256875514984130859e-01
-1.490386947989463806e-02
6.672805547714233398e-01
3.537882566452026367e-01
-3.042314387857913971e-02
6.592264771461486816e-01
3.083894848823547363e-01
-4.240506887435913086e-02
6.541440486907958984e-01
2.705022990703582764e-01
-5.089374631643295288e-02
7.209355235099792480e-01
4.188441336154937744e-01
-1.967180334031581879e-02
7.191948890686035156e-01
3.337380588054656982e-01
-3.231996670365333557e-02
7.166094183921813965e-01
2.803632020950317383e-01
-4.409759864211082458e-02
7.141773104667663574e-01
2.366904616355895996e-01
-5.260332301259040833e-02
7.563930749893188477e-01
4.297932088375091553e-01
-2.718348614871501923e-02
7.664633989334106445e-01
3.510537743568420410e-01
-4.424332454800605774e-02
7.706301212310791016e-01
3.013629317283630371e-01
-5.664204061031341553e-02
7.729884386062622070e-01
2.595311999320983887e-01
-6.464017182588577271e-02
7.895478010177612305e-01
4.557555317878723145e-01
-3.569657728075981140e-02
8.168756365776062012e-01
4.036541879177093506e-01
-5.311200395226478577e-02
8.340611457824707031e-01
3.689243197441101074e-01
-6.077956408262252808e-02
8.475928306579589844e-01
3.382653594017028809e-01
-6.491533666849136353e-02
