7.098853588104248047e-01
6.359643936157226562e-01
2.728487231706822058e-07
6.479687094688415527e-01
6.106993556022644043e-01
-1.563673652708530426e-02
5.986976623535156250e-01
5.511062145233154297e-01
-2.227213419973850250e-02
5.712420344352722168e-01
4.978607296943664551e-01
-2.858764678239822388e-02
5.495578646659851074e-01
4.575376510620117188e-01
-3.538931906223297119e-02
6.297545433044433594e-01
4.572547376155853271e-01
-1.426849327981472015e-02
6.015574336051940918e-01
3.846957087516784668e-01
-3.141403943300247192e-02
5.828975439071655273e-01
3.410035669803619385e-01
-4.529469087719917297e-02
5.672000050544738770e-01
3.050784468650817871e-01
-5.532376095652580261e-02
6.679100394248962402e-01
4.395893812179565430e-01
-2.064672484993934631e-02
6.523706912994384766e-01
3.492055237293243408e-01
-3.489723429083824158e-02
6.388595700263977051e-01
2.953200936317443848e-01
-4.849430546164512634e-02
6.258361935615539551e-01
2.517639994621276855e-01
-5.857892334461212158e-02
7.065343260765075684e-01
4.411681890487670898e-01
-2.987402491271495819e-02
7.034801840782165527e-01
3.531803190708160400e-01
-4.839698597788810730e-02
6.983399987220764160e-01
3.000503778457641602e-01
-6.231087073683738708e-02
6.918549537658691406e-01
2.553958892822265625e-01
-7.184694707393646240e-02
7.446221113204956055e-01
4.598100483417510986e-01
-4.015076905488967896e-02
7.648668289184570312e-01
3.940370678901672363e-01
-5.907434597611427307e-02
7.782616615295410156e-01
3.511958420276641846e-01
-6.800600886344909668e-02
7.883471846580505371e-01
3.133875727653503418e-01
-7.344355434179306030e-02
