7.667856812477111816e-01
5.247591733932495117e-01
3.622667179570271401e-07
7.145395874977111816e-01
5.103133320808410645e-01
-1.686690934002399445e-02
6.679283976554870605e-01
4.763079285621643066e-01
-2.609042078256607056e-02
6.325289011001586914e-01
4.471539855003356934e-01
-3.413166850805282593e-02
6.039403080940246582e-01
4.253326654434204102e-01
-4.187532514333724976e-02
6.800331473350524902e-01
3.989339768886566162e-01
-1.584402099251747131e-02
6.575028896331787109e-01
3.383283019065856934e-01
-3.026155009865760803e-02
6.471381783485412598e-01
2.993534505367279053e-01
-4.136915877461433411e-02
6.408146023750305176e-01
2.662232518196105957e-01
-4.913203045725822449e-02
7.102243900299072266e-01
3.801063597202301025e-01
-1.906801946461200714e-02
6.933950185775756836e-01
3.093418180942535400e-01
-3.075907565653324127e-02
6.838849782943725586e-01
2.628709673881530762e-01
-4.144063591957092285e-02
6.771513223648071289e-01
2.239146679639816284e-01
-4.931007698178291321e-02
7.421559691429138184e-01
3.766529560089111328e-01
-2.488557808101177216e-02
7.366542816162109375e-01
3.069877028465270996e-01
-3.970071300864219666e-02
7.338792085647583008e-01
2.629346847534179688e-01
-5.002137273550033569e-02
7.307802438735961914e-01
2.263680398464202881e-01
-5.670812353491783142e-02
7.748876214027404785e-01
3.861382603645324707e-01
-3.177891671657562256e-02
7.826144695281982422e-01
3.318430483341217041e-01
-4.617336392402648926e-02
7.873846888542175293e-01
2.968465685844421387e-01
-5.210655927658081055e-02
7.898963689804077148e-01
2.667241692543029785e-01
-5.539941415190696716e-02
