9.298227429389953613e-01
5.446322560310363770e-01
1.923778114587548771e-07
8.916389346122741699e-01
5.164951086044311523e-01
-1.024713087826967239e-02
8.693416118621826172e-01
4.696754813194274902e-01
-1.577773131430149078e-02
8.630016446113586426e-01
4.268074631690979004e-01
-2.157074399292469025e-02
8.588455319404602051e-01
3.991173505783081055e-01
-2.736275829374790192e-02
8.991520404815673828e-01
3.992397189140319824e-01
-7.777685765177011490e-03
8.949350714683532715e-01
3.391941785812377930e-01
-1.908901706337928772e-02
8.924623727798461914e-01
3.019372224807739258e-01
-2.933238632977008820e-02
8.912370800971984863e-01
2.720709145069122314e-01
-3.691904246807098389e-02
9.255523681640625000e-01
3.930087685585021973e-01
-1.259674318134784698e-02
9.232374429702758789e-01
3.250859379768371582e-01
-2.269638888537883759e-02
9.193189144134521484e-01
2.817986607551574707e-01
-3.314799070358276367e-02
9.143950939178466797e-01
2.470821291208267212e-01
-4.078655689954757690e-02
9.522438049316406250e-01
3.991717100143432617e-01
-1.925051398575305939e-02
9.614688158035278320e-01
3.326022624969482422e-01
-3.066050820052623749e-02
9.637858867645263672e-01
2.897527217864990234e-01
-3.996046259999275208e-02
9.633062481880187988e-01
2.555232346057891846e-01
-4.654420539736747742e-02
9.780625104904174805e-01
4.178246259689331055e-01
-2.686252258718013763e-02
9.965410232543945312e-01
3.725063204765319824e-01
-3.759036958217620850e-02
1.004471898078918457e+00
3.405731916427612305e-01
-4.239642992615699768e-02
1.008540272712707520e+00
3.135170638561248779e-01
-4.538410902023315430e-02
