2.900919020175933838e-01
5.818517208099365234e-01
1.511707949930496397e-07
3.388926088809967041e-01
6.139750480651855469e-01
7.988568395376205444e-03
3.814665079116821289e-01
6.063210368156433105e-01
1.051918137818574905e-02
4.066481888294219971e-01
6.008092164993286133e-01
8.821518160402774811e-03
4.251781702041625977e-01
5.999039411544799805e-01
5.004108417779207230e-03
4.223335087299346924e-01
5.504418611526489258e-01
5.075850524008274078e-03
4.686267375946044922e-01
5.285755991935729980e-01
-7.148587610572576523e-03
4.989265799522399902e-01
5.199447870254516602e-01
-1.695375517010688782e-02
5.252822041511535645e-01
5.147510766983032227e-01
-2.445743978023529053e-02
4.150944054126739502e-01
5.341310501098632812e-01
-9.688324294984340668e-03
4.670854210853576660e-01
5.099881887435913086e-01
-2.235047146677970886e-02
5.024860501289367676e-01
4.989254772663116455e-01
-3.290843218564987183e-02
5.338158011436462402e-01
4.908719062805175781e-01
-4.061182588338851929e-02
3.986461162567138672e-01
5.217111706733703613e-01
-2.549101598560810089e-02
4.492931663990020752e-01
4.902971088886260986e-01
-3.960204496979713440e-02
4.825301766395568848e-01
4.729861021041870117e-01
-5.027896165847778320e-02
5.134989023208618164e-01
4.581843614578247070e-01
-5.778385326266288757e-02
3.734341561794281006e-01
5.141494870185852051e-01
-4.059074819087982178e-02
4.082464575767517090e-01
4.866358637809753418e-01
-5.577875301241874695e-02
4.340789914131164551e-01
4.722589254379272461e-01
-6.420285254716873169e-02
4.601877331733703613e-01
4.592970609664916992e-01
-7.020264863967895508e-02
