7.214291691780090332e-01
5.386943221092224121e-01
2.107231154013788910e-07
6.807662248611450195e-01
5.331149697303771973e-01
-2.099479082971811295e-03
6.512768864631652832e-01
4.986649155616760254e-01
-6.557190325111150742e-03
6.371136903762817383e-01
4.692037105560302734e-01
-1.304222643375396729e-02
6.262004375457763672e-01
4.495102167129516602e-01
-2.042896300554275513e-02
6.284409761428833008e-01
4.398136138916015625e-01
-7.099917624145746231e-03
5.961245298385620117e-01
3.925052285194396973e-01
-2.031809091567993164e-02
5.708750486373901367e-01
3.669283092021942139e-01
-3.114523552358150482e-02
5.488767027854919434e-01
3.475511074066162109e-01
-3.897330909967422485e-02
6.390973925590515137e-01
4.295942783355712891e-01
-1.729055680334568024e-02
6.015858054161071777e-01
3.775460422039031982e-01
-3.098971955478191376e-02
5.713211894035339355e-01
3.476462066173553467e-01
-4.303067922592163086e-02
5.441347360610961914e-01
3.258183598518371582e-01
-5.128575116395950317e-02
6.573587059974670410e-01
4.275738596916198730e-01
-2.822482958436012268e-02
6.260352730751037598e-01
3.684982955455780029e-01
-4.265942052006721497e-02
6.015027761459350586e-01
3.348603546619415283e-01
-5.395550653338432312e-02
5.781640410423278809e-01
3.106912374496459961e-01
-6.141800060868263245e-02
6.811802983283996582e-01
4.338804185390472412e-01
-3.922066465020179749e-02
6.679553389549255371e-01
3.833115100860595703e-01
-5.220267176628112793e-02
6.538954377174377441e-01
3.504764735698699951e-01
-5.882234498858451843e-02
6.395217776298522949e-01
3.235892951488494873e-01
-6.320668756961822510e-02
