7.160003781318664551e-01
4.926993846893310547e-01
2.031574410921166418e-07
6.732019186019897461e-01
5.084367394447326660e-01
-9.003326296806335449e-03
6.315083503723144531e-01
4.934819936752319336e-01
-1.446818839758634567e-02
6.060730218887329102e-01
4.672495722770690918e-01
-2.041264809668064117e-02
5.900096893310546875e-01
4.489455819129943848e-01
-2.655404992401599884e-02
5.969853997230529785e-01
4.305325448513031006e-01
-6.091960240155458450e-03
5.573223233222961426e-01
3.961567878723144531e-01
-1.720140129327774048e-02
5.323370695114135742e-01
3.789147138595581055e-01
-2.702103182673454285e-02
5.110877156257629395e-01
3.647713661193847656e-01
-3.433036431670188904e-02
6.108090877532958984e-01
4.037122726440429688e-01
-1.232222095131874084e-02
5.682586431503295898e-01
3.628687858581542969e-01
-2.244669385254383087e-02
5.385224223136901855e-01
3.423598706722259521e-01
-3.262063860893249512e-02
5.130395889282226562e-01
3.274177908897399902e-01
-4.004548117518424988e-02
6.318581104278564453e-01
3.857262730598449707e-01
-2.040428854525089264e-02
5.945981144905090332e-01
3.368230462074279785e-01
-3.169531002640724182e-02
5.689355134963989258e-01
3.122325241565704346e-01
-4.026969894766807556e-02
5.458279252052307129e-01
2.939111590385437012e-01
-4.642681404948234558e-02
6.589696407318115234e-01
3.770150542259216309e-01
-2.943389676511287689e-02
6.357635259628295898e-01
3.330484628677368164e-01
-4.006988555192947388e-02
6.178662180900573730e-01
3.062929809093475342e-01
-4.450747370719909668e-02
6.006790995597839355e-01
2.840905189514160156e-01
-4.747435823082923889e-02
