7.227551937103271484e-01
5.764690637588500977e-01
1.390238821841194294e-07
6.776056289672851562e-01
5.874964594841003418e-01
-1.832922316680196673e-05
6.434251666069030762e-01
5.606678724288940430e-01
-3.733445424586534500e-03
6.205336451530456543e-01
5.335499644279479980e-01
-1.036795321851968765e-02
5.960233807563781738e-01
5.215808749198913574e-01
-1.759143359959125519e-02
6.084198951721191406e-01
5.120306015014648438e-01
1.600709161721169949e-03
5.586962103843688965e-01
4.888022840023040771e-01
-1.113760564476251602e-02
5.233321189880371094e-01
4.759319126605987549e-01
-2.255465649068355560e-02
4.944313764572143555e-01
4.634618759155273438e-01
-3.079452551901340485e-02
6.106959581375122070e-01
5.021000504493713379e-01
-8.918723091483116150e-03
5.529037117958068848e-01
4.802058637142181396e-01
-2.206659130752086639e-02
5.139687061309814453e-01
4.651525616645812988e-01
-3.376333788037300110e-02
4.821227788925170898e-01
4.525720477104187012e-01
-4.183137416839599609e-02
6.182029843330383301e-01
4.991653263568878174e-01
-2.066106162965297699e-02
5.633100867271423340e-01
4.742982685565948486e-01
-3.340286388993263245e-02
5.268118977546691895e-01
4.591932892799377441e-01
-4.247944802045822144e-02
4.974982738494873047e-01
4.480363726615905762e-01
-4.832478612661361694e-02
6.292064785957336426e-01
5.016841888427734375e-01
-3.282620385289192200e-02
5.900654196739196777e-01
4.770883619785308838e-01
-4.271759465336799622e-02
5.637820959091186523e-01
4.623322486877441406e-01
-4.697364196181297302e-02
5.408155322074890137e-01
4.507796466350555420e-01
-4.972795024514198303e-02
