7.577804327011108398e-01
5.423955917358398438e-01
2.422452780592720956e-07
7.150292396545410156e-01
5.343232154846191406e-01
-7.947224192321300507e-03
6.843597292900085449e-01
4.961518347263336182e-01
-1.207466796040534973e-02
6.718139052391052246e-01
4.570447802543640137e-01
-1.695514470338821411e-02
6.556041836738586426e-01
4.292724728584289551e-01
-2.205603010952472687e-02
6.670818924903869629e-01
4.221795499324798584e-01
-4.689563065767288208e-03
6.387263536453247070e-01
3.698512017726898193e-01
-1.551618799567222595e-02
6.193884015083312988e-01
3.381271958351135254e-01
-2.518680319190025330e-02
6.030973196029663086e-01
3.112455010414123535e-01
-3.251373767852783203e-02
6.858373880386352539e-01
4.078477919101715088e-01
-1.157673262059688568e-02
6.542232036590576172e-01
3.501719236373901367e-01
-2.203375846147537231e-02
6.296880245208740234e-01
3.148665428161621094e-01
-3.354563191533088684e-02
6.076731681823730469e-01
2.869039177894592285e-01
-4.197429865598678589e-02
7.090744376182556152e-01
4.056459665298461914e-01
-2.022442035377025604e-02
6.872245073318481445e-01
3.426846563816070557e-01
-3.280840441584587097e-02
6.680120229721069336e-01
3.071763515472412109e-01
-4.377641156315803528e-02
6.485050916671752930e-01
2.785471081733703613e-01
-5.156879872083663940e-02
7.351418733596801758e-01
4.156013131141662598e-01
-2.961371280252933502e-02
7.321515679359436035e-01
3.654620349407196045e-01
-4.185671731829643250e-02
7.255111336708068848e-01
3.318496942520141602e-01
-4.852043092250823975e-02
7.170436382293701172e-01
3.031344413757324219e-01
-5.305420979857444763e-02
