7.331514358520507812e-01
5.612018704414367676e-01
2.104149103843155899e-07
6.897684335708618164e-01
5.543929338455200195e-01
-4.059734288603067398e-03
6.580399274826049805e-01
5.147578716278076172e-01
-7.355132140219211578e-03
6.438484191894531250e-01
4.796106815338134766e-01
-1.212714239954948425e-02
6.296542286872863770e-01
4.572575688362121582e-01
-1.755129918456077576e-02
6.392162442207336426e-01
4.501160681247711182e-01
-6.540504284203052521e-03
6.097534894943237305e-01
3.988720774650573730e-01
-1.934906840324401855e-02
5.870690941810607910e-01
3.713064193725585938e-01
-2.986429817974567413e-02
5.663748979568481445e-01
3.495945036411285400e-01
-3.753631561994552612e-02
6.546837687492370605e-01
4.378928840160369873e-01
-1.554112881422042847e-02
6.197355985641479492e-01
3.822515010833740234e-01
-2.826880477368831635e-02
5.912199616432189941e-01
3.503209352493286133e-01
-4.010975733399391174e-02
5.649188756942749023e-01
3.263123631477355957e-01
-4.829707369208335876e-02
6.761546134948730469e-01
4.366478919982910156e-01
-2.561978809535503387e-02
6.489271521568298340e-01
3.744265437126159668e-01
-3.997520729899406433e-02
6.276261210441589355e-01
3.401647210121154785e-01
-5.107231810688972473e-02
6.062790155410766602e-01
3.143464028835296631e-01
-5.849377810955047607e-02
7.018203735351562500e-01
4.464946389198303223e-01
-3.595848381519317627e-02
6.950247883796691895e-01
3.967882990837097168e-01
-4.971422627568244934e-02
6.852390766143798828e-01
3.637616038322448730e-01
-5.658401548862457275e-02
6.739284992218017578e-01
3.363006412982940674e-01
-6.095066666603088379e-02
