7.903770208358764648e-01
5.076395273208618164e-01
2.379922534601064399e-07
7.496099472045898438e-01
4.969251453876495361e-01
-1.088348310440778732e-02
7.214702367782592773e-01
4.551675915718078613e-01
-1.702499389648437500e-02
7.085697650909423828e-01
4.182717800140380859e-01
-2.328207716345787048e-02
6.946587562561035156e-01
3.952733576297760010e-01
-3.001695312559604645e-02
7.150967121124267578e-01
3.814629614353179932e-01
-1.192154362797737122e-02
6.898139119148254395e-01
3.282969892024993896e-01
-2.537125721573829651e-02
6.723250150680541992e-01
2.937912344932556152e-01
-3.671230375766754150e-02
6.583864688873291016e-01
2.649812102317810059e-01
-4.495793581008911133e-02
7.341858744621276855e-01
3.676629364490509033e-01
-1.783145405352115631e-02
7.076893448829650879e-01
3.073926568031311035e-01
-3.076374903321266174e-02
6.868217587471008301e-01
2.688537836074829102e-01
-4.254316166043281555e-02
6.684086322784423828e-01
2.370259165763854980e-01
-5.070907622575759888e-02
7.572848200798034668e-01
3.664005100727081299e-01
-2.540092729032039642e-02
7.390864491462707520e-01
2.998775839805603027e-01
-3.960956260561943054e-02
7.235782146453857422e-01
2.610179185867309570e-01
-4.991925507783889771e-02
7.083815336227416992e-01
2.278994619846343994e-01
-5.687280744314193726e-02
7.830615639686584473e-01
3.775848746299743652e-01
-3.390412777662277222e-02
7.826316356658935547e-01
3.250106275081634521e-01
-4.781769216060638428e-02
7.789309620857238770e-01
2.890313863754272461e-01
-5.417218431830406189e-02
7.734627723693847656e-01
2.575172185897827148e-01
-5.804977566003799438e-02
