7.913779616355895996e-01
5.093712806701660156e-01
2.352532675331531209e-07
7.466131448745727539e-01
4.991910457611083984e-01
-9.868389926850795746e-03
7.151394486427307129e-01
4.569195210933685303e-01
-1.517426315695047379e-02
7.016275525093078613e-01
4.190942347049713135e-01
-2.097608335316181183e-02
6.896823048591613770e-01
3.917813003063201904e-01
-2.710539288818836212e-02
7.119916081428527832e-01
3.707269430160522461e-01
-7.246290333569049835e-03
6.887605786323547363e-01
3.154078125953674316e-01
-1.956053636968135834e-02
6.727709174156188965e-01
2.797828912734985352e-01
-3.078222833573818207e-02
6.595115661621093750e-01
2.486589103937149048e-01
-3.936781361699104309e-02
7.333257198333740234e-01
3.562233150005340576e-01
-1.387710776180028915e-02
7.070497274398803711e-01
2.944701910018920898e-01
-2.583406679332256317e-02
6.854832768440246582e-01
2.563527226448059082e-01
-3.825777769088745117e-02
6.663369536399841309e-01
2.247249037027359009e-01
-4.724442586302757263e-02
7.589545249938964844e-01
3.557791411876678467e-01
-2.235504053533077240e-02
7.423720359802246094e-01
2.860604226589202881e-01
-3.717615827918052673e-02
7.278162837028503418e-01
2.466616034507751465e-01
-4.878674447536468506e-02
7.130787372589111328e-01
2.132605463266372681e-01
-5.661055445671081543e-02
7.868357300758361816e-01
3.700069189071655273e-01
-3.162128478288650513e-02
7.893990874290466309e-01
3.149148225784301758e-01
-4.671841487288475037e-02
7.878839969635009766e-01
2.773359119892120361e-01
-5.425458773970603943e-02
7.841004133224487305e-01
2.434652000665664673e-01
-5.893257632851600647e-02
