6.955786943435668945e-01
5.644684433937072754e-01
1.822772901505231857e-07
6.538680791854858398e-01
5.611032247543334961e-01
-3.261424601078033447e-03
6.209245324134826660e-01
5.281208157539367676e-01
-7.032915018498897552e-03
6.029940247535705566e-01
4.979722797870635986e-01
-1.276061125099658966e-02
5.874124169349670410e-01
4.753047823905944824e-01
-1.922569610178470612e-02
5.930935740470886230e-01
4.766475260257720947e-01
-4.321376327425241470e-03
5.548340082168579102e-01
4.392142295837402344e-01
-1.739824935793876648e-02
5.245010852813720703e-01
4.241557419300079346e-01
-2.841734886169433594e-02
4.980692267417907715e-01
4.143475592136383057e-01
-3.640089184045791626e-02
6.005273461341857910e-01
4.669845402240753174e-01
-1.385907549411058426e-02
5.573749542236328125e-01
4.226835966110229492e-01
-2.653784491121768951e-02
5.240206718444824219e-01
4.004247188568115234e-01
-3.819766640663146973e-02
4.947603642940521240e-01
3.846863508224487305e-01
-4.617716372013092041e-02
6.169160008430480957e-01
4.642026722431182861e-01
-2.457874640822410583e-02
5.770343542098999023e-01
4.115262329578399658e-01
-3.851614519953727722e-02
5.482214093208312988e-01
3.845170736312866211e-01
-4.887957125902175903e-02
5.220261812210083008e-01
3.649986684322357178e-01
-5.581914633512496948e-02
6.396755576133728027e-01
4.687808454036712646e-01
-3.562052547931671143e-02
6.202927231788635254e-01
4.244054257869720459e-01
-4.841877520084381104e-02
6.028422713279724121e-01
3.963460624217987061e-01
-5.423541739583015442e-02
5.860015153884887695e-01
3.731594383716583252e-01
-5.801052227616310120e-02
