6.989724040031433105e-01
5.616650581359863281e-01
1.091928965024635545e-07
6.527663469314575195e-01
5.452451109886169434e-01
-5.357789807021617889e-03
6.146978139877319336e-01
4.947425127029418945e-01
-1.045720558613538742e-02
5.922838449478149414e-01
4.524629414081573486e-01
-1.647083833813667297e-02
5.756613016128540039e-01
4.218122959136962891e-01
-2.330458350479602814e-02
6.064584255218505859e-01
4.527345299720764160e-01
-1.302093360573053360e-02
5.707372426986694336e-01
4.182650744915008545e-01
-3.095129504799842834e-02
5.379481315612792969e-01
4.045110642910003662e-01
-4.558004066348075867e-02
5.106664299964904785e-01
3.968055248260498047e-01
-5.590314045548439026e-02
6.175910830497741699e-01
4.515480697154998779e-01
-2.172960340976715088e-02
5.799481868743896484e-01
4.137539565563201904e-01
-3.930261731147766113e-02
5.444468259811401367e-01
3.958323895931243896e-01
-5.412477999925613403e-02
5.131539106369018555e-01
3.864516019821166992e-01
-6.433559209108352661e-02
6.351985335350036621e-01
4.572651386260986328e-01
-3.128873184323310852e-02
6.009363532066345215e-01
4.165280461311340332e-01
-4.877407476305961609e-02
5.708231925964355469e-01
3.948295116424560547e-01
-6.000420451164245605e-02
5.437631011009216309e-01
3.814655244350433350e-01
-6.733439862728118896e-02
6.579151153564453125e-01
4.708096086978912354e-01
-4.117312654852867126e-02
6.418818831443786621e-01
4.316180646419525146e-01
-5.706276372075080872e-02
6.246253252029418945e-01
4.059952497482299805e-01
-6.465063989162445068e-02
6.073379516601562500e-01
3.860264420509338379e-01
-6.945480406284332275e-02
