7.591670155525207520e-01
5.420188307762145996e-01
2.395907472418912221e-07
7.150504589080810547e-01
5.353344678878784180e-01
-7.561293430626392365e-03
6.833288669586181641e-01
4.971685707569122314e-01
-1.184758078306913376e-02
6.696189045906066895e-01
4.596594572067260742e-01
-1.691957563161849976e-02
6.533303260803222656e-01
4.326012432575225830e-01
-2.215949445962905884e-02
6.660554409027099609e-01
4.236272573471069336e-01
-5.522323772311210632e-03
6.364997625350952148e-01
3.711203932762145996e-01
-1.685865223407745361e-02
6.166769862174987793e-01
3.392073214054107666e-01
-2.650403603911399841e-02
6.002141833305358887e-01
3.120793700218200684e-01
-3.378714248538017273e-02
6.847881674766540527e-01
4.086530506610870361e-01
-1.273307949304580688e-02
6.521384119987487793e-01
3.508061766624450684e-01
-2.389031276106834412e-02
6.273782253265380859e-01
3.158416450023651123e-01
-3.551079332828521729e-02
6.049935221672058105e-01
2.876210808753967285e-01
-4.384440183639526367e-02
7.084478139877319336e-01
4.053923785686492920e-01
-2.160681597888469696e-02
6.846771836280822754e-01
3.418335616588592529e-01
-3.531032055616378784e-02
6.660967469215393066e-01
3.062722384929656982e-01
-4.682200774550437927e-02
6.474323272705078125e-01
2.774130702018737793e-01
-5.471816286444664001e-02
7.352904081344604492e-01
4.144680798053741455e-01
-3.110537491738796234e-02
7.319512963294982910e-01
3.651132583618164062e-01
-4.493031650781631470e-02
7.259373664855957031e-01
3.318033218383789062e-01
-5.242929235100746155e-02
7.179798483848571777e-01
3.030131459236145020e-01
-5.725648999214172363e-02
