8.417714834213256836e-01
4.895202517509460449e-01
1.705571150978357764e-07
7.995891571044921875e-01
4.962807595729827881e-01
-1.020755805075168610e-02
7.622362375259399414e-01
4.685618877410888672e-01
-1.511837542057037354e-02
7.443703413009643555e-01
4.304663538932800293e-01
-2.066121436655521393e-02
7.305120229721069336e-01
4.031056165695190430e-01
-2.650398574769496918e-02
7.444597482681274414e-01
3.846927881240844727e-01
-4.174186382442712784e-03
7.093889713287353516e-01
3.418785631656646729e-01
-1.597788184881210327e-02
6.856952309608459473e-01
3.173215687274932861e-01
-2.792455814778804779e-02
6.648322939872741699e-01
2.964968979358673096e-01
-3.725226968526840210e-02
7.573704719543457031e-01
3.657664358615875244e-01
-1.033201068639755249e-02
7.198436260223388672e-01
3.168096542358398438e-01
-2.173986099660396576e-02
6.920919418334960938e-01
2.899608612060546875e-01
-3.421142697334289551e-02
6.674706935882568359e-01
2.680208981037139893e-01
-4.328913986682891846e-02
7.757530808448791504e-01
3.567245304584503174e-01
-1.870546862483024597e-02
7.432177662849426270e-01
2.982882857322692871e-01
-3.109515085816383362e-02
7.223818898200988770e-01
2.640807330608367920e-01
-4.029165208339691162e-02
7.034850716590881348e-01
2.354724258184432983e-01
-4.675060883164405823e-02
7.990028858184814453e-01
3.574439287185668945e-01
-2.842323109507560730e-02
7.789788842201232910e-01
3.087299466133117676e-01
-3.989828377962112427e-02
7.645428776741027832e-01
2.761625945568084717e-01
-4.488470777869224548e-02
7.504068613052368164e-01
2.472541183233261108e-01
-4.826041311025619507e-02
