7.645054459571838379e-01
5.175710916519165039e-01
2.443408106955757830e-07
7.241234779357910156e-01
5.115433335304260254e-01
-9.081386029720306396e-03
6.945127844810485840e-01
4.737834334373474121e-01
-1.559815742075443268e-02
6.827817559242248535e-01
4.369957149028778076e-01
-2.271000109612941742e-02
6.745737791061401367e-01
4.112533032894134521e-01
-3.079180046916007996e-02
6.811801791191101074e-01
4.058247208595275879e-01
-1.248287875205278397e-02
6.567946076393127441e-01
3.529644310474395752e-01
-2.651893161237239838e-02
6.381976604461669922e-01
3.208831250667572021e-01
-3.832749277353286743e-02
6.229503154754638672e-01
2.941999435424804688e-01
-4.718928411602973938e-02
6.991821527481079102e-01
3.917744755744934082e-01
-1.977549120783805847e-02
6.704621315002441406e-01
3.330114483833312988e-01
-3.453725203871726990e-02
6.467441320419311523e-01
2.962509393692016602e-01
-4.820817708969116211e-02
6.250822544097900391e-01
2.670252919197082520e-01
-5.772774294018745422e-02
7.223766446113586426e-01
3.888267576694488525e-01
-2.836949937045574188e-02
7.014605998992919922e-01
3.230456113815307617e-01
-4.475812241435050964e-02
6.827535033226013184e-01
2.837982177734375000e-01
-5.715861916542053223e-02
6.636775135993957520e-01
2.517497539520263672e-01
-6.558886170387268066e-02
7.488552927970886230e-01
3.971953392028808594e-01
-3.743314743041992188e-02
7.461553812026977539e-01
3.443318605422973633e-01
-5.334375426173210144e-02
7.391836643218994141e-01
3.080155551433563232e-01
-6.109917908906936646e-02
7.302869558334350586e-01
2.763241231441497803e-01
-6.614187359809875488e-02
