7.392255067825317383e-01
5.346465110778808594e-01
2.551150259932910558e-07
6.986021995544433594e-01
5.228333473205566406e-01
-7.432408165186643600e-03
6.705916523933410645e-01
4.819554090499877930e-01
-1.309143379330635071e-02
6.596181988716125488e-01
4.465301036834716797e-01
-1.978925988078117371e-02
6.491439342498779297e-01
4.227124154567718506e-01
-2.723067998886108398e-02
6.681900024414062500e-01
4.052888751029968262e-01
-1.010954193770885468e-02
6.492074728012084961e-01
3.454471826553344727e-01
-2.379531227052211761e-02
6.336424350738525391e-01
3.088425099849700928e-01
-3.523043915629386902e-02
6.201160550117492676e-01
2.773773670196533203e-01
-4.381120949983596802e-02
6.844961047172546387e-01
3.959659337997436523e-01
-1.784330047667026520e-02
6.633415818214416504e-01
3.295369744300842285e-01
-3.133769705891609192e-02
6.450506448745727539e-01
2.858627438545227051e-01
-4.366953670978546143e-02
6.285303831100463867e-01
2.483534812927246094e-01
-5.267608165740966797e-02
7.034711837768554688e-01
3.979441821575164795e-01
-2.699300646781921387e-02
6.880839467048645020e-01
3.292504251003265381e-01
-4.106203466653823853e-02
6.739575862884521484e-01
2.872009575366973877e-01
-5.211364105343818665e-02
6.590272188186645508e-01
2.520163953304290771e-01
-5.995221436023712158e-02
7.246061563491821289e-01
4.109965562820434570e-01
-3.690420463681221008e-02
7.238609194755554199e-01
3.575349152088165283e-01
-5.026856437325477600e-02
7.176827192306518555e-01
3.201263546943664551e-01
-5.772601068019866943e-02
7.092733979225158691e-01
2.880173921585083008e-01
-6.303971260786056519e-02
