7.760555148124694824e-01
5.136269330978393555e-01
2.341030693742141011e-07
7.355841398239135742e-01
5.014469623565673828e-01
-6.637773476541042328e-03
7.079356312751770020e-01
4.591537117958068848e-01
-1.060430891811847687e-02
6.959893107414245605e-01
4.233750104904174805e-01
-1.544395275413990021e-02
6.837256550788879395e-01
4.012612402439117432e-01
-2.112930268049240112e-02
6.990495920181274414e-01
3.896970748901367188e-01
-7.667101919651031494e-03
6.739455461502075195e-01
3.357253670692443848e-01
-1.939398981630802155e-02
6.562734246253967285e-01
3.013763129711151123e-01
-2.949400432407855988e-02
6.416859030723571777e-01
2.715716361999511719e-01
-3.716950491070747375e-02
7.173508405685424805e-01
3.782380819320678711e-01
-1.497337780892848969e-02
6.911930441856384277e-01
3.200604915618896484e-01
-2.710157074034214020e-02
6.685250997543334961e-01
2.826112806797027588e-01
-3.890470787882804871e-02
6.484899520874023438e-01
2.524166107177734375e-01
-4.731857404112815857e-02
7.397823333740234375e-01
3.780047893524169922e-01
-2.364505454897880554e-02
7.215854525566101074e-01
3.130300045013427734e-01
-3.782312199473381042e-02
7.040095329284667969e-01
2.725573480129241943e-01
-4.959553107619285583e-02
6.864944696426391602e-01
2.396024614572525024e-01
-5.763043090701103210e-02
7.648233771324157715e-01
3.892355263233184814e-01
-3.274118155241012573e-02
7.642862200736999512e-01
3.341617584228515625e-01
-4.724077507853507996e-02
7.587780356407165527e-01
2.958359718322753906e-01
-5.525656044483184814e-02
7.506917119026184082e-01
2.623404860496520996e-01
-6.055753305554389954e-02
