2.128886282444000244e-01
4.903568923473358154e-01
2.386278481480985647e-07
2.572231590747833252e-01
5.046031475067138672e-01
-8.544340729713439941e-03
3.022677302360534668e-01
4.944618046283721924e-01
-1.117948163300752640e-02
3.288401663303375244e-01
4.830981791019439697e-01
-1.513756904751062393e-02
3.495624661445617676e-01
4.698578417301177979e-01
-1.967711001634597778e-02
3.240855038166046143e-01
4.102329015731811523e-01
5.489647737704217434e-04
3.630461096763610840e-01
3.753329515457153320e-01
-1.045335363596677780e-02
3.871810734272003174e-01
3.529535531997680664e-01
-2.147711627185344696e-02
4.076722264289855957e-01
3.331938385963439941e-01
-2.917181141674518585e-02
3.108215332031250000e-01
3.915968239307403564e-01
-3.605104982852935791e-03
3.470697700977325439e-01
3.545262813568115234e-01
-1.189768314361572266e-02
3.689595460891723633e-01
3.306287825107574463e-01
-2.198867313563823700e-02
3.879929482936859131e-01
3.105302155017852783e-01
-2.949256449937820435e-02
2.936754226684570312e-01
3.792939484119415283e-01
-1.007460802793502808e-02
3.251819014549255371e-01
3.432024419307708740e-01
-1.753982156515121460e-02
3.434163331985473633e-01
3.206410408020019531e-01
-2.236433140933513641e-02
3.597351610660552979e-01
3.016698658466339111e-01
-2.587510459125041962e-02
2.714003920555114746e-01
3.723191618919372559e-01
-1.816465146839618683e-02
2.954353988170623779e-01
3.403131067752838135e-01
-2.476034313440322876e-02
3.111285865306854248e-01
3.215236067771911621e-01
-2.563909068703651428e-02
3.264226317405700684e-01
3.051454722881317139e-01
-2.569418586790561676e-02
