7.374103069305419922e-01
5.388131141662597656e-01
1.864147947117089643e-07
6.808926463127136230e-01
5.458109378814697266e-01
3.465740941464900970e-03
6.408295631408691406e-01
5.175055861473083496e-01
3.028817009180784225e-03
6.180161237716674805e-01
4.924774169921875000e-01
-1.078382483683526516e-03
6.030361056327819824e-01
4.764080047607421875e-01
-6.230301223695278168e-03
6.080714464187622070e-01
4.577133953571319580e-01
4.675694741308689117e-03
5.510405302047729492e-01
4.248010218143463135e-01
-1.094556413590908051e-02
5.078491568565368652e-01
4.073988199234008789e-01
-2.388405054807662964e-02
4.736703634262084961e-01
3.945318758487701416e-01
-3.254537284374237061e-02
6.123366355895996094e-01
4.445486068725585938e-01
-8.548025041818618774e-03
5.467969775199890137e-01
4.095244407653808594e-01
-2.331961691379547119e-02
4.993623495101928711e-01
3.888575136661529541e-01
-3.652490675449371338e-02
4.575858712196350098e-01
3.723259568214416504e-01
-4.493308067321777344e-02
6.222348809242248535e-01
4.349956810474395752e-01
-2.281454578042030334e-02
5.611947774887084961e-01
3.936126530170440674e-01
-3.729646280407905579e-02
5.198310613632202148e-01
3.715858459472656250e-01
-4.796323180198669434e-02
4.834738969802856445e-01
3.563105463981628418e-01
-5.439035221934318542e-02
6.375300288200378418e-01
4.302314817905426025e-01
-3.727465495467185974e-02
5.994666814804077148e-01
3.999177217483520508e-01
-4.956764355301856995e-02
5.728460550308227539e-01
3.800417184829711914e-01
-5.429937690496444702e-02
5.490001440048217773e-01
3.654660284519195557e-01
-5.678318813443183899e-02
