7.148029208183288574e-01
5.865659713745117188e-01
1.889207794647518313e-07
6.729564070701599121e-01
5.828563570976257324e-01
-4.641331732273101807e-03
6.398006081581115723e-01
5.530128479003906250e-01
-1.000789459794759750e-02
6.234623789787292480e-01
5.227839350700378418e-01
-1.690345816314220428e-02
6.127348542213439941e-01
5.025046467781066895e-01
-2.474536187946796417e-02
6.089542508125305176e-01
4.874190092086791992e-01
-9.834387339651584625e-03
5.702906250953674316e-01
4.437468945980072021e-01
-2.410534024238586426e-02
5.413612723350524902e-01
4.230507016181945801e-01
-3.573970496654510498e-02
5.154140591621398926e-01
4.088385105133056641e-01
-4.432190954685211182e-02
6.213138699531555176e-01
4.767284393310546875e-01
-1.975893229246139526e-02
5.811116099357604980e-01
4.263033866882324219e-01
-3.341455385088920593e-02
5.488116741180419922e-01
4.010477066040039062e-01
-4.602662473917007446e-02
5.199341773986816406e-01
3.845969736576080322e-01
-5.493699759244918823e-02
6.413528919219970703e-01
4.759641289710998535e-01
-3.064962476491928101e-02
6.076859831809997559e-01
4.189772009849548340e-01
-4.504906013607978821e-02
5.805878043174743652e-01
3.902021944522857666e-01
-5.671284347772598267e-02
5.550408363342285156e-01
3.699581027030944824e-01
-6.497779488563537598e-02
6.668820381164550781e-01
4.848210215568542480e-01
-4.188904538750648499e-02
6.529578566551208496e-01
4.390150010585784912e-01
-5.590762570500373840e-02
6.374374628067016602e-01
4.097123742103576660e-01
-6.308170408010482788e-02
6.217733621597290039e-01
3.853117525577545166e-01
-6.789766997098922729e-02
