8.004377484321594238e-01
5.110021233558654785e-01
2.108930630129179917e-07
7.602459192276000977e-01
4.975875616073608398e-01
-8.740588091313838959e-03
7.327428460121154785e-01
4.548267126083374023e-01
-1.304137427359819412e-02
7.200928926467895508e-01
4.176217317581176758e-01
-1.816412061452865601e-02
7.066580653190612793e-01
3.922473490238189697e-01
-2.350547909736633301e-02
7.287531495094299316e-01
3.759007155895233154e-01
-4.286862444132566452e-03
7.058226466178894043e-01
3.210605382919311523e-01
-1.591175049543380737e-02
6.898761987686157227e-01
2.859728634357452393e-01
-2.689862996339797974e-02
6.770092844963073730e-01
2.565898001194000244e-01
-3.501100093126296997e-02
7.477948665618896484e-01
3.624084293842315674e-01
-1.031288597732782364e-02
7.236303687095642090e-01
3.017858862876892090e-01
-2.094241604208946228e-02
7.039125561714172363e-01
2.636428773403167725e-01
-3.252566605806350708e-02
6.858621239662170410e-01
2.315676212310791016e-01
-4.079058393836021423e-02
7.707595229148864746e-01
3.604870140552520752e-01
-1.816334761679172516e-02
7.553548216819763184e-01
2.940816879272460938e-01
-2.996466308832168579e-02
7.416202425956726074e-01
2.565236091613769531e-01
-3.904465213418006897e-02
7.273542881011962891e-01
2.251444607973098755e-01
-4.529782384634017944e-02
7.960179448127746582e-01
3.710242509841918945e-01
-2.709297277033329010e-02
7.982404232025146484e-01
3.190385699272155762e-01
-3.834417834877967834e-02
7.963463664054870605e-01
2.834586203098297119e-01
-4.336170107126235962e-02
7.926200032234191895e-01
2.522680759429931641e-01
-4.638513550162315369e-02
