7.379497289657592773e-01
5.469884872436523438e-01
2.703332313558348687e-07
6.938979625701904297e-01
5.388849973678588867e-01
-3.638559719547629356e-03
6.628006100654602051e-01
5.010936856269836426e-01
-9.028908796608448029e-03
6.487441062927246094e-01
4.687865972518920898e-01
-1.633483543992042542e-02
6.369616985321044922e-01
4.452171623706817627e-01
-2.477396838366985321e-02
6.416437625885009766e-01
4.321379959583282471e-01
-1.054709777235984802e-02
6.103167533874511719e-01
3.778839409351348877e-01
-2.596473321318626404e-02
5.866585373878479004e-01
3.474141061305999756e-01
-3.829234465956687927e-02
5.661691427230834961e-01
3.226273655891418457e-01
-4.729781299829483032e-02
6.562650203704833984e-01
4.228654801845550537e-01
-2.209812588989734650e-02
6.165440678596496582e-01
3.665312826633453369e-01
-3.820841014385223389e-02
5.848501324653625488e-01
3.333023190498352051e-01
-5.266720801591873169e-02
5.565208196640014648e-01
3.074786365032196045e-01
-6.235061958432197571e-02
6.788377761840820312e-01
4.259001910686492920e-01
-3.435185924172401428e-02
6.497304439544677734e-01
3.638963699340820312e-01
-5.210572481155395508e-02
6.253647804260253906e-01
3.303698897361755371e-01
-6.487810611724853516e-02
6.014868617057800293e-01
3.046442270278930664e-01
-7.311955094337463379e-02
7.063887715339660645e-01
4.406353235244750977e-01
-4.656513407826423645e-02
6.974015235900878906e-01
3.931599557399749756e-01
-6.305838376283645630e-02
6.857267022132873535e-01
3.622825741767883301e-01
-7.008607685565948486e-02
6.733245849609375000e-01
3.352228999137878418e-01
-7.419257611036300659e-02
