9.214721918106079102e-01
5.533063411712646484e-01
1.936096083454685868e-07
8.768193721771240234e-01
5.271927118301391602e-01
-9.795686230063438416e-03
8.519183993339538574e-01
4.767879843711853027e-01
-1.366469357162714005e-02
8.430060744285583496e-01
4.315247535705566406e-01
-1.811928302049636841e-02
8.328032493591308594e-01
4.015410840511322021e-01
-2.259188704192638397e-02
8.808073997497558594e-01
4.018045365810394287e-01
-2.451182575896382332e-03
8.743738532066345215e-01
3.434234857559204102e-01
-1.223008614033460617e-02
8.712238073348999023e-01
3.064635992050170898e-01
-2.202594839036464691e-02
8.696664571762084961e-01
2.770888805389404297e-01
-2.939468622207641602e-02
9.084588289260864258e-01
3.954652845859527588e-01
-7.753588259220123291e-03
9.045175909996032715e-01
3.291580975055694580e-01
-1.609469763934612274e-02
9.001417756080627441e-01
2.886970937252044678e-01
-2.613031864166259766e-02
8.952857255935668945e-01
2.565095126628875732e-01
-3.356753662228584290e-02
9.354552626609802246e-01
4.011664390563964844e-01
-1.530088670551776886e-02
9.414027333259582520e-01
3.335049748420715332e-01
-2.582832798361778259e-02
9.417682290077209473e-01
2.934470772743225098e-01
-3.400812670588493347e-02
9.399067759513854980e-01
2.602630257606506348e-01
-3.975845128297805786e-02
9.618420004844665527e-01
4.187386035919189453e-01
-2.395266108214855194e-02
9.783153533935546875e-01
3.693989515304565430e-01
-3.402410447597503662e-02
9.861131906509399414e-01
3.368090689182281494e-01
-3.798934444785118103e-02
9.906548261642456055e-01
3.083043992519378662e-01
-4.036710038781166077e-02
