7.390332818031311035e-01
5.115311741828918457e-01
3.120598535133467522e-07
6.816092133522033691e-01
4.962981045246124268e-01
-1.681341417133808136e-02
6.289904713630676270e-01
4.693759679794311523e-01
-2.732333727180957794e-02
5.913820862770080566e-01
4.446049034595489502e-01
-3.783003985881805420e-02
5.665979385375976562e-01
4.166875779628753662e-01
-4.941393062472343445e-02
6.447802186012268066e-01
3.831832110881805420e-01
-2.311396040022373199e-02
6.194831728935241699e-01
3.214548826217651367e-01
-4.340630397200584412e-02
5.999634265899658203e-01
2.860234379768371582e-01
-5.896437168121337891e-02
5.844641923904418945e-01
2.582345604896545410e-01
-7.043691724538803101e-02
6.742833852767944336e-01
3.677550256252288818e-01
-2.986340597271919250e-02
6.524452567100524902e-01
2.987179160118103027e-01
-4.875632748007774353e-02
6.340753436088562012e-01
2.587608098983764648e-01
-6.333785504102706909e-02
6.195652484893798828e-01
2.265728563070297241e-01
-7.377107441425323486e-02
7.069524526596069336e-01
3.669197857379913330e-01
-3.893889486789703369e-02
6.882650852203369141e-01
3.051732182502746582e-01
-6.190183386206626892e-02
6.770663261413574219e-01
2.669401168823242188e-01
-7.443199306726455688e-02
6.684675216674804688e-01
2.335208505392074585e-01
-8.251516520977020264e-02
7.422299385070800781e-01
3.799555897712707520e-01
-4.884694889187812805e-02
7.442170977592468262e-01
3.458380997180938721e-01
-7.265894114971160889e-02
7.465016841888427734e-01
3.283185362815856934e-01
-8.067806810140609741e-02
7.485664486885070801e-01
3.129194080829620361e-01
-8.474672585725784302e-02
