7.095674276351928711e-01
5.818341970443725586e-01
-1.771052637877801317e-08
6.568307280540466309e-01
5.985770225524902344e-01
1.172047760337591171e-02
6.198427081108093262e-01
5.709915757179260254e-01
1.481603458523750305e-02
5.952138900756835938e-01
5.484640002250671387e-01
1.357646565884351730e-02
5.719305276870727539e-01
5.336890220642089844e-01
1.153374463319778442e-02
5.990501642227172852e-01
5.060059428215026855e-01
1.351402886211872101e-02
5.458177328109741211e-01
5.040034055709838867e-01
5.193207878619432449e-03
5.067091584205627441e-01
5.036156773567199707e-01
-3.223650390282273293e-03
4.739656448364257812e-01
5.002251267433166504e-01
-9.988009929656982422e-03
6.014859676361083984e-01
4.981858432292938232e-01
-4.789879894815385342e-04
5.356097817420959473e-01
5.004469156265258789e-01
-9.347911924123764038e-03
4.943540692329406738e-01
4.989022016525268555e-01
-1.796892844140529633e-02
4.592394828796386719e-01
4.936218857765197754e-01
-2.488374523818492889e-02
6.042152047157287598e-01
5.034153461456298828e-01
-1.482423767447471619e-02
5.385715365409851074e-01
4.978361129760742188e-01
-2.507370710372924805e-02
4.980266392230987549e-01
4.942601025104522705e-01
-3.159301355481147766e-02
4.645779728889465332e-01
4.881144165992736816e-01
-3.629508987069129944e-02
6.053128838539123535e-01
5.182283520698547363e-01
-2.849238365888595581e-02
5.595329999923706055e-01
5.047446489334106445e-01
-3.721166029572486877e-02
5.317596197128295898e-01
4.944100379943847656e-01
-4.067599028348922729e-02
5.071399807929992676e-01
4.828083813190460205e-01
-4.337263479828834534e-02
