7.738709449768066406e-01
5.145453810691833496e-01
2.286115687866185908e-07
7.263033390045166016e-01
5.011338591575622559e-01
-6.022883579134941101e-03
6.929267644882202148e-01
4.528266489505767822e-01
-9.103082120418548584e-03
6.779941916465759277e-01
4.103158712387084961e-01
-1.349839568138122559e-02
6.639600992202758789e-01
3.788108825683593750e-01
-1.851822249591350555e-02
6.867341995239257812e-01
3.782477974891662598e-01
-5.379183217883110046e-03
6.600168943405151367e-01
3.205764889717102051e-01
-1.781653054058551788e-02
6.402103900909423828e-01
2.848843336105346680e-01
-2.839448302984237671e-02
6.245430707931518555e-01
2.556324601173400879e-01
-3.659046441316604614e-02
7.055629491806030273e-01
3.673205077648162842e-01
-1.450103055685758591e-02
6.731348037719726562e-01
3.053993284702301025e-01
-2.832742594182491302e-02
6.476843357086181641e-01
2.647678852081298828e-01
-4.200078547000885010e-02
6.250640153884887695e-01
2.332914471626281738e-01
-5.153942480683326721e-02
7.291755676269531250e-01
3.702729642391204834e-01
-2.519588358700275421e-02
7.104871273040771484e-01
3.035198450088500977e-01
-4.247937723994255066e-02
6.934155225753784180e-01
2.636498808860778809e-01
-5.661126598715782166e-02
6.750247478485107422e-01
2.308966815471649170e-01
-6.617701798677444458e-02
7.554412484169006348e-01
3.876376748085021973e-01
-3.604401275515556335e-02
7.592176198959350586e-01
3.384842872619628906e-01
-5.365757271647453308e-02
7.561498880386352539e-01
3.035334050655364990e-01
-6.338612735271453857e-02
7.503405213356018066e-01
2.720044255256652832e-01
-6.975003331899642944e-02
