8.510895371437072754e-01
5.102058649063110352e-01
2.311026037205010653e-07
8.129070997238159180e-01
4.933449923992156982e-01
-1.403661351650953293e-02
7.877308130264282227e-01
4.524861276149749756e-01
-2.258946560323238373e-02
7.783015370368957520e-01
4.153790175914764404e-01
-3.082137554883956909e-02
7.668986916542053223e-01
3.959192335605621338e-01
-3.944575414061546326e-02
7.956995964050292969e-01
3.710557222366333008e-01
-1.311143301427364349e-02
7.799949645996093750e-01
3.164246678352355957e-01
-2.664187923073768616e-02
7.690933942794799805e-01
2.810435891151428223e-01
-3.850172460079193115e-02
7.612870931625366211e-01
2.505993843078613281e-01
-4.730141535401344299e-02
8.198288083076477051e-01
3.587006330490112305e-01
-1.735512912273406982e-02
8.055326342582702637e-01
2.939383983612060547e-01
-2.992002852261066437e-02
7.933351397514343262e-01
2.537178397178649902e-01
-4.120715335011482239e-02
7.823193669319152832e-01
2.207083404064178467e-01
-4.943153634667396545e-02
8.453469872474670410e-01
3.596157729625701904e-01
-2.376976609230041504e-02
8.405931591987609863e-01
2.907274365425109863e-01
-3.754894807934761047e-02
8.341808319091796875e-01
2.514752149581909180e-01
-4.721871018409729004e-02
8.268122673034667969e-01
2.196681052446365356e-01
-5.373875796794891357e-02
8.719617128372192383e-01
3.724132478237152100e-01
-3.149012103676795959e-02
8.805494904518127441e-01
3.170761466026306152e-01
-4.413877055048942566e-02
8.840970993041992188e-01
2.803902626037597656e-01
-5.018833279609680176e-02
8.850551247596740723e-01
2.479573935270309448e-01
-5.416972190141677856e-02
