7.441714406013488770e-01
5.440065264701843262e-01
5.396360691634072282e-09
6.852471828460693359e-01
5.454832911491394043e-01
-1.087102480232715607e-02
6.252138018608093262e-01
5.225623250007629395e-01
-1.975221000611782074e-02
5.812740325927734375e-01
5.026022791862487793e-01
-2.927369624376296997e-02
5.482410788536071777e-01
4.804372787475585938e-01
-3.886879608035087585e-02
6.358228921890258789e-01
4.406055808067321777e-01
-1.316555775701999664e-02
5.907585620880126953e-01
4.046046733856201172e-01
-3.012229315936565399e-02
5.609555840492248535e-01
3.857254683971405029e-01
-4.184212908148765564e-02
5.358784794807434082e-01
3.707937896251678467e-01
-5.042134970426559448e-02
6.618152260780334473e-01
4.110091328620910645e-01
-2.056793496012687683e-02
6.344481110572814941e-01
3.798798620700836182e-01
-4.455950856208801270e-02
6.368151307106018066e-01
3.749327957630157471e-01
-5.593090504407882690e-02
6.425330638885498047e-01
3.697747290134429932e-01
-5.985354632139205933e-02
6.944514513015747070e-01
3.926151096820831299e-01
-3.042996861040592194e-02
6.614269614219665527e-01
3.394763469696044922e-01
-5.581402033567428589e-02
6.345088481903076172e-01
2.992274165153503418e-01
-6.792528182268142700e-02
6.110531091690063477e-01
2.610947489738464355e-01
-7.412369549274444580e-02
7.318572998046875000e-01
3.847300112247467041e-01
-3.987260535359382629e-02
7.307734489440917969e-01
3.203502297401428223e-01
-5.952758714556694031e-02
7.293344736099243164e-01
2.719171047210693359e-01
-6.599907577037811279e-02
7.255858778953552246e-01
2.271486371755599976e-01
-6.933154165744781494e-02
