7.366722822189331055e-01
5.489275455474853516e-01
2.594027250779618043e-07
6.922984123229980469e-01
5.503606796264648438e-01
-8.876047097146511078e-03
6.529130935668945312e-01
5.184625387191772461e-01
-1.341888401657342911e-02
6.306152939796447754e-01
4.866648912429809570e-01
-1.869243197143077850e-02
6.092129349708557129e-01
4.683777987957000732e-01
-2.450663410127162933e-02
6.343088150024414062e-01
4.383290112018585205e-01
-4.924609791487455368e-03
6.028963327407836914e-01
3.887792229652404785e-01
-1.648727990686893463e-02
5.799068808555603027e-01
3.584565520286560059e-01
-2.746034786105155945e-02
5.602220892906188965e-01
3.326811194419860840e-01
-3.607202321290969849e-02
6.516188383102416992e-01
4.189532995223999023e-01
-1.194022689014673233e-02
6.164252161979675293e-01
3.644948005676269531e-01
-2.325708046555519104e-02
5.883532762527465820e-01
3.311204016208648682e-01
-3.566549345850944519e-02
5.632373690605163574e-01
3.049412667751312256e-01
-4.499673843383789062e-02
6.748208999633789062e-01
4.116353094577789307e-01
-2.089281380176544189e-02
6.481195688247680664e-01
3.479101359844207764e-01
-3.504043444991111755e-02
6.264554262161254883e-01
3.110158741474151611e-01
-4.660336673259735107e-02
6.050794124603271484e-01
2.813155651092529297e-01
-5.474776029586791992e-02
7.025019526481628418e-01
4.171775579452514648e-01
-3.060607798397541046e-02
6.962055563926696777e-01
3.620120286941528320e-01
-4.457460343837738037e-02
6.877394914627075195e-01
3.250821828842163086e-01
-5.194020271301269531e-02
6.775737404823303223e-01
2.933778166770935059e-01
-5.699867755174636841e-02
