6.891753673553466797e-01
5.655510425567626953e-01
2.162950636375171598e-07
6.483598947525024414e-01
5.696792602539062500e-01
-3.913151100277900696e-03
6.131833195686340332e-01
5.398616790771484375e-01
-7.239008788019418716e-03
5.945475101470947266e-01
5.113407373428344727e-01
-1.230522803962230682e-02
5.832412838935852051e-01
4.925058186054229736e-01
-1.808518916368484497e-02
5.867283344268798828e-01
4.816282987594604492e-01
-4.085546825081110001e-03
5.507340431213378906e-01
4.403477013111114502e-01
-1.626649312674999237e-02
5.230398774147033691e-01
4.191663265228271484e-01
-2.658022008836269379e-02
4.998930990695953369e-01
4.029980301856994629e-01
-3.413098677992820740e-02
5.969348549842834473e-01
4.689437448978424072e-01
-1.281031034886837006e-02
5.561543703079223633e-01
4.245532453060150146e-01
-2.599204890429973602e-02
5.243956446647644043e-01
4.001709222793579102e-01
-3.745754808187484741e-02
4.964681565761566162e-01
3.823063373565673828e-01
-4.507596418261528015e-02
6.139128208160400391e-01
4.626161456108093262e-01
-2.278406359255313873e-02
5.774290561676025391e-01
4.112179577350616455e-01
-3.719438239932060242e-02
5.504278540611267090e-01
3.836576342582702637e-01
-4.703503847122192383e-02
5.256128311157226562e-01
3.638484179973602295e-01
-5.317859351634979248e-02
6.358605027198791504e-01
4.639407098293304443e-01
-3.320438414812088013e-02
6.169553399085998535e-01
4.163812398910522461e-01
-4.638826474547386169e-02
6.007062792778015137e-01
3.856239020824432373e-01
-5.233635008335113525e-02
5.849335789680480957e-01
3.604443073272705078e-01
-5.597166717052459717e-02
