7.546337246894836426e-01
5.189815163612365723e-01
2.615581422560353531e-07
7.154927253723144531e-01
5.170738101005554199e-01
-8.536693640053272247e-03
6.845726966857910156e-01
4.887791574001312256e-01
-1.580494083464145660e-02
6.719099283218383789e-01
4.593443274497985840e-01
-2.375776879489421844e-02
6.619110107421875000e-01
4.366528093814849854e-01
-3.226326778531074524e-02
6.654600501060485840e-01
4.082575142383575439e-01
-1.241884473711252213e-02
6.378826498985290527e-01
3.567425012588500977e-01
-2.629239298403263092e-02
6.166698336601257324e-01
3.277550637722015381e-01
-3.825937584042549133e-02
5.980777144432067871e-01
3.041257858276367188e-01
-4.705275595188140869e-02
6.822898983955383301e-01
3.954671919345855713e-01
-2.000114135444164276e-02
6.521345376968383789e-01
3.397440314292907715e-01
-3.364260494709014893e-02
6.267737150192260742e-01
3.055082559585571289e-01
-4.639224335551261902e-02
6.038824915885925293e-01
2.785445451736450195e-01
-5.537445843219757080e-02
7.043802738189697266e-01
3.926786184310913086e-01
-2.890475466847419739e-02
6.800738573074340820e-01
3.318470716476440430e-01
-4.313886910676956177e-02
6.597335934638977051e-01
2.952493429183959961e-01
-5.408953875303268433e-02
6.402843594551086426e-01
2.664198875427246094e-01
-6.167321279644966125e-02
7.301149964332580566e-01
4.007372260093688965e-01
-3.850795328617095947e-02
7.231528162956237793e-01
3.483161926269531250e-01
-5.211002007126808167e-02
7.146759629249572754e-01
3.130167126655578613e-01
-5.850784108042716980e-02
7.055141925811767578e-01
2.831112444400787354e-01
-6.257487833499908447e-02
