7.022728323936462402e-01
5.562415719032287598e-01
2.203220219598733820e-07
6.599522233009338379e-01
5.530826449394226074e-01
-5.279889330267906189e-03
6.265556812286376953e-01
5.203753113746643066e-01
-1.037700939923524857e-02
6.099751591682434082e-01
4.867562353610992432e-01
-1.688231341540813446e-02
5.986600518226623535e-01
4.660038053989410400e-01
-2.419160678982734680e-02
6.009783744812011719e-01
4.588683843612670898e-01
-9.136238135397434235e-03
5.661225914955139160e-01
4.128964543342590332e-01
-2.268327213823795319e-02
5.406097769737243652e-01
3.886923193931579590e-01
-3.387525305151939392e-02
5.181931853294372559e-01
3.694106042385101318e-01
-4.209224134683609009e-02
6.132535338401794434e-01
4.463162124156951904e-01
-1.789247989654541016e-02
5.743016600608825684e-01
3.961457610130310059e-01
-3.125780075788497925e-02
5.440991520881652832e-01
3.676644563674926758e-01
-4.334441572427749634e-02
5.173251628875732422e-01
3.458377718925476074e-01
-5.187178775668144226e-02
6.326251029968261719e-01
4.430353045463562012e-01
-2.774531766772270203e-02
6.000534892082214355e-01
3.845228552818298340e-01
-4.213883355259895325e-02
5.751593112945556641e-01
3.529976904392242432e-01
-5.324154347181320190e-02
5.519462227821350098e-01
3.295127153396606445e-01
-6.085179001092910767e-02
6.573290228843688965e-01
4.491109549999237061e-01
-3.799862414598464966e-02
6.435217857360839844e-01
3.996981978416442871e-01
-5.171581730246543884e-02
6.291112303733825684e-01
3.673445284366607666e-01
-5.863026157021522522e-02
6.145097613334655762e-01
3.401880264282226562e-01
-6.320108473300933838e-02
