2.796361744403839111e-01
5.748114585876464844e-01
1.465754593255041982e-07
3.245994448661804199e-01
6.064079403877258301e-01
2.467617625370621681e-03
3.693114817142486572e-01
5.986384749412536621e-01
3.762908745557069778e-03
3.953258395195007324e-01
5.915881395339965820e-01
1.778916455805301666e-03
4.177892506122589111e-01
5.906810164451599121e-01
-1.747798640280961990e-03
4.144825935363769531e-01
5.403261780738830566e-01
4.670873284339904785e-03
4.592667818069458008e-01
5.195032954216003418e-01
-7.240798790007829666e-03
4.890626668930053711e-01
5.104115605354309082e-01
-1.810198090970516205e-02
5.157327651977539062e-01
5.018443465232849121e-01
-2.647739835083484650e-02
4.064738750457763672e-01
5.237987637519836426e-01
-7.057039998471736908e-03
4.551155567169189453e-01
4.996493160724639893e-01
-1.852482743561267853e-02
4.889345467090606689e-01
4.853329658508300781e-01
-2.975241467356681824e-02
5.200884938240051270e-01
4.713993072509765625e-01
-3.813249617815017700e-02
3.903678655624389648e-01
5.115385651588439941e-01
-2.031305804848670959e-02
4.378377199172973633e-01
4.828000068664550781e-01
-3.282240033149719238e-02
4.696294665336608887e-01
4.664458632469177246e-01
-4.219396039843559265e-02
4.996830224990844727e-01
4.501069188117980957e-01
-4.869196563959121704e-02
3.659914135932922363e-01
5.035936832427978516e-01
-3.367215767502784729e-02
4.010513722896575928e-01
4.780506193637847900e-01
-4.613363370299339294e-02
4.266927540302276611e-01
4.656410217285156250e-01
-5.214463174343109131e-02
4.520030617713928223e-01
4.538435637950897217e-01
-5.628975480794906616e-02
