9.244872331619262695e-01
5.470061898231506348e-01
2.061504602579589118e-07
8.840221762657165527e-01
5.192696452140808105e-01
-1.113793905824422836e-02
8.627771139144897461e-01
4.725741147994995117e-01
-1.622799225151538849e-02
8.585544824600219727e-01
4.299169778823852539e-01
-2.167756296694278717e-02
8.581579923629760742e-01
4.023888409137725830e-01
-2.689662948250770569e-02
8.950616121292114258e-01
4.012896120548248291e-01
-3.310365835204720497e-03
8.898345232009887695e-01
3.438939452171325684e-01
-1.339235901832580566e-02
8.866892457008361816e-01
3.068940341472625732e-01
-2.342192828655242920e-02
8.851045370101928711e-01
2.768021821975708008e-01
-3.106823377311229706e-02
9.211507439613342285e-01
3.945322036743164062e-01
-7.601746357977390289e-03
9.175650477409362793e-01
3.279324173927307129e-01
-1.661861315369606018e-02
9.122549891471862793e-01
2.847852706909179688e-01
-2.695938758552074432e-02
9.068419933319091797e-01
2.496118098497390747e-01
-3.463039919734001160e-02
9.479217529296875000e-01
3.999000489711761475e-01
-1.421324629336595535e-02
9.546999335289001465e-01
3.341034054756164551e-01
-2.478272281587123871e-02
9.560592174530029297e-01
2.923327684402465820e-01
-3.329065814614295959e-02
9.558145403861999512e-01
2.585771083831787109e-01
-3.929553180932998657e-02
9.739512205123901367e-01
4.171746373176574707e-01
-2.211478538811206818e-02
9.912558794021606445e-01
3.709716200828552246e-01
-3.152561932802200317e-02
1.000183224678039551e+00
3.386590480804443359e-01
-3.549876064062118530e-02
1.006506443023681641e+00
3.107300698757171631e-01
-3.805861994624137878e-02
