6.868423819541931152e-01
5.862168073654174805e-01
1.578356005893510883e-07
6.421800851821899414e-01
5.796604156494140625e-01
-3.836195101030170918e-04
6.094440817832946777e-01
5.452454686164855957e-01
-3.405425930395722389e-03
5.918681025505065918e-01
5.144963860511779785e-01
-8.628802374005317688e-03
5.770590305328369141e-01
4.915302991867065430e-01
-1.472472399473190308e-02
5.875605344772338867e-01
4.975900053977966309e-01
-4.687726963311433792e-03
5.508975982666015625e-01
4.586317241191864014e-01
-1.794450543820858002e-02
5.219642519950866699e-01
4.435493946075439453e-01
-2.874110266566276550e-02
4.961907863616943359e-01
4.347460865974426270e-01
-3.646996989846229553e-02
5.954511761665344238e-01
4.916183352470397949e-01
-1.525788847357034683e-02
5.526415705680847168e-01
4.500201046466827393e-01
-2.830696105957031250e-02
5.189961194992065430e-01
4.317018687725067139e-01
-3.953464701771736145e-02
4.887680411338806152e-01
4.202884733676910400e-01
-4.701985046267509460e-02
6.124244332313537598e-01
4.915463030338287354e-01
-2.650208026170730591e-02
5.731063485145568848e-01
4.435115456581115723e-01
-4.052222892642021179e-02
5.441132187843322754e-01
4.189130663871765137e-01
-5.041796341538429260e-02
5.171399116516113281e-01
4.009147882461547852e-01
-5.692258104681968689e-02
6.358011960983276367e-01
4.972547888755798340e-01
-3.769018501043319702e-02
6.171678304672241211e-01
4.575563967227935791e-01
-5.094445496797561646e-02
5.995600223541259766e-01
4.322694242000579834e-01
-5.665320903062820435e-02
5.820488929748535156e-01
4.110859930515289307e-01
-6.012642011046409607e-02
