2.639872431755065918e-01
5.317090153694152832e-01
2.184895180334933684e-07
3.026855587959289551e-01
5.580592751502990723e-01
-9.474634192883968353e-03
3.460423946380615234e-01
5.586393475532531738e-01
-1.328460592776536942e-02
3.755393624305725098e-01
5.525665283203125000e-01
-1.835227385163307190e-02
3.999834954738616943e-01
5.429894924163818359e-01
-2.406140789389610291e-02
3.831204771995544434e-01
4.880034327507019043e-01
-1.222588034579530358e-04
4.207705557346343994e-01
4.651507735252380371e-01
-1.316946744918823242e-02
4.466112256050109863e-01
4.493644237518310547e-01
-2.573572658002376556e-02
4.689088463783264160e-01
4.359920918941497803e-01
-3.474500030279159546e-02
3.765411078929901123e-01
4.659006893634796143e-01
-5.506019107997417450e-03
4.182606935501098633e-01
4.399041831493377686e-01
-1.762504316866397858e-02
4.468502104282379150e-01
4.215818941593170166e-01
-3.061467595398426056e-02
4.729210138320922852e-01
4.056991636753082275e-01
-3.963119536638259888e-02
3.624456524848937988e-01
4.496724009513854980e-01
-1.330866105854511261e-02
4.017186760902404785e-01
4.207849800586700439e-01
-2.551443874835968018e-02
4.281033873558044434e-01
4.039801359176635742e-01
-3.425037860870361328e-02
4.528212547302246094e-01
3.892782032489776611e-01
-3.982230648398399353e-02
3.401841819286346436e-01
4.378656446933746338e-01
-2.239988744258880615e-02
3.694166243076324463e-01
4.117387533187866211e-01
-3.317832201719284058e-02
3.900251090526580811e-01
3.966739177703857422e-01
-3.706704080104827881e-02
4.100942611694335938e-01
3.849899172782897949e-01
-3.905595093965530396e-02
