2.875909209251403809e-01
5.681765079498291016e-01
2.199126640789472731e-07
3.293858766555786133e-01
5.979403257369995117e-01
4.411935806274414062e-04
3.752685487270355225e-01
5.912397503852844238e-01
2.601377898827195168e-03
4.020909070968627930e-01
5.853889584541320801e-01
1.895501161925494671e-03
4.174591004848480225e-01
5.781859159469604492e-01
-1.794637646526098251e-04
4.099250137805938721e-01
5.310345292091369629e-01
4.618472419679164886e-03
4.525669813156127930e-01
5.143085122108459473e-01
-7.247625850141048431e-03
4.809005856513977051e-01
5.091556906700134277e-01
-1.815956644713878632e-02
5.054228901863098145e-01
5.068133473396301270e-01
-2.606689929962158203e-02
4.034641981124877930e-01
5.110665559768676758e-01
-5.432737059891223907e-03
4.522032737731933594e-01
4.879007935523986816e-01
-1.682324707508087158e-02
4.870885610580444336e-01
4.754835367202758789e-01
-2.836967445909976959e-02
5.175582766532897949e-01
4.657088816165924072e-01
-3.648575395345687866e-02
3.888525664806365967e-01
4.967129826545715332e-01
-1.725753955543041229e-02
4.355822503566741943e-01
4.663612842559814453e-01
-2.977659180760383606e-02
4.674164056777954102e-01
4.496842026710510254e-01
-4.041159152984619141e-02
4.959676265716552734e-01
4.361229836940765381e-01
-4.744208604097366333e-02
3.666395843029022217e-01
4.867949187755584717e-01
-2.933892980217933655e-02
3.988768160343170166e-01
4.620897471904754639e-01
-4.209664836525917053e-02
4.231381714344024658e-01
4.481705427169799805e-01
-4.917531460523605347e-02
4.469395279884338379e-01
4.368415772914886475e-01
-5.388463288545608521e-02
