7.016948461532592773e-01
5.215299129486083984e-01
1.919176071396577754e-07
6.608707308769226074e-01
5.332245826721191406e-01
-4.151001106947660446e-03
6.226735711097717285e-01
5.107914805412292480e-01
-8.226719684898853302e-03
6.011269092559814453e-01
4.851970672607421875e-01
-1.437161024659872055e-02
5.829576253890991211e-01
4.688443541526794434e-01
-2.129824832081794739e-02
5.848636627197265625e-01
4.602036178112030029e-01
-3.747389884665608406e-03
5.419129133224487305e-01
4.328078329563140869e-01
-1.683090813457965851e-02
5.105072259902954102e-01
4.225150048732757568e-01
-2.852278202772140503e-02
4.833534955978393555e-01
4.151361882686614990e-01
-3.702780231833457947e-02
5.921609997749328613e-01
4.471853971481323242e-01
-1.290275808423757553e-02
5.454574227333068848e-01
4.161947667598724365e-01
-2.553772367537021637e-02
5.100010037422180176e-01
4.025465548038482666e-01
-3.779414296150207520e-02
4.788260459899902344e-01
3.930801749229431152e-01
-4.620137438178062439e-02
6.079986691474914551e-01
4.388636350631713867e-01
-2.330711297690868378e-02
5.640857219696044922e-01
4.008950293064117432e-01
-3.613788262009620667e-02
5.328574776649475098e-01
3.819546401500701904e-01
-4.529897868633270264e-02
5.050721168518066406e-01
3.689793646335601807e-01
-5.130384117364883423e-02
6.305458545684814453e-01
4.358118474483489990e-01
-3.443569689989089966e-02
6.016669869422912598e-01
3.995806872844696045e-01
-4.591948166489601135e-02
5.783466696739196777e-01
3.782123029232025146e-01
-5.059531703591346741e-02
5.568220615386962891e-01
3.618647456169128418e-01
-5.339113622903823853e-02
