7.237956523895263672e-01
5.239329338073730469e-01
2.068315723136038287e-07
6.885368227958679199e-01
5.280309915542602539e-01
-2.496270928531885147e-03
6.573423147201538086e-01
5.072377920150756836e-01
-4.841498099267482758e-03
6.403586864471435547e-01
4.874048829078674316e-01
-9.389288723468780518e-03
6.289936304092407227e-01
4.751190245151519775e-01
-1.453499775379896164e-02
6.351630687713623047e-01
4.401119053363800049e-01
4.658015910536050797e-03
6.083252429962158203e-01
4.036217629909515381e-01
-5.368697457015514374e-03
5.866584181785583496e-01
3.785907030105590820e-01
-1.595868542790412903e-02
5.688118934631347656e-01
3.574800193309783936e-01
-2.366447448730468750e-02
6.451272964477539062e-01
4.267117381095886230e-01
-3.312012879177927971e-03
6.161944866180419922e-01
3.848778605461120605e-01
-1.256475877016782761e-02
5.917505025863647461e-01
3.577303290367126465e-01
-2.312039956450462341e-02
5.705140829086303711e-01
3.354023694992065430e-01
-3.047113306820392609e-02
6.583223938941955566e-01
4.174179136753082275e-01
-1.283589657396078110e-02
6.335589885711669922e-01
3.735814392566680908e-01
-2.194666489958763123e-02
6.116153001785278320e-01
3.445792794227600098e-01
-2.905480749905109406e-02
5.916101932525634766e-01
3.211111426353454590e-01
-3.355030342936515808e-02
6.751574277877807617e-01
4.138876497745513916e-01
-2.325517311692237854e-02
6.594086289405822754e-01
3.708057105541229248e-01
-3.051273152232170105e-02
6.458407640457153320e-01
3.431714177131652832e-01
-3.306407481431961060e-02
6.324853897094726562e-01
3.197712600231170654e-01
-3.453499823808670044e-02
