2.763757109642028809e-01
5.508269667625427246e-01
1.849989672564333887e-07
3.182598948478698730e-01
5.816043019294738770e-01
-1.041782437823712826e-03
3.586744666099548340e-01
5.796470046043395996e-01
-3.388717072084546089e-03
3.848393559455871582e-01
5.762078762054443359e-01
-8.077651262283325195e-03
4.013797938823699951e-01
5.716918110847473145e-01
-1.429373491555452347e-02
3.979844450950622559e-01
5.126614570617675781e-01
-6.455063354223966599e-03
4.429770112037658691e-01
4.829026162624359131e-01
-1.958157494664192200e-02
4.710855484008789062e-01
4.653779268264770508e-01
-2.969473786652088165e-02
4.950798153877258301e-01
4.499747157096862793e-01
-3.717638552188873291e-02
3.883529007434844971e-01
4.926939606666564941e-01
-1.674262806773185730e-02
4.384684860706329346e-01
4.598995745182037354e-01
-3.053949773311614990e-02
4.716285169124603271e-01
4.406885802745819092e-01
-4.142161831259727478e-02
5.000706315040588379e-01
4.237157702445983887e-01
-4.898892715573310852e-02
3.705807030200958252e-01
4.788511693477630615e-01
-2.791578881442546844e-02
4.186784625053405762e-01
4.432173967361450195e-01
-4.169358313083648682e-02
4.498046934604644775e-01
4.232918322086334229e-01
-5.115458369255065918e-02
4.769622087478637695e-01
4.057885408401489258e-01
-5.726804584264755249e-02
3.457753658294677734e-01
4.700993895530700684e-01
-3.914372250437736511e-02
3.773115277290344238e-01
4.390041232109069824e-01
-5.296350643038749695e-02
4.010705947875976562e-01
4.209538996219635010e-01
-5.969429388642311096e-02
4.234241247177124023e-01
4.042476415634155273e-01
-6.383391469717025757e-02
