7.287821769714355469e-01
5.305522084236145020e-01
2.207017075761541491e-07
6.890730261802673340e-01
5.299656987190246582e-01
-1.074314117431640625e-03
6.593549847602844238e-01
4.988236427307128906e-01
-4.541198257356882095e-03
6.438215970993041992e-01
4.760292768478393555e-01
-1.026693079620599747e-02
6.290830969810485840e-01
4.686962068080902100e-01
-1.731970533728599548e-02
6.343992948532104492e-01
4.310778677463531494e-01
-5.116117186844348907e-03
6.036193370819091797e-01
3.854869902133941650e-01
-1.720080524682998657e-02
5.798140764236450195e-01
3.597438633441925049e-01
-2.736890316009521484e-02
5.592392683029174805e-01
3.400836586952209473e-01
-3.493283689022064209e-02
6.469157338142395020e-01
4.199104607105255127e-01
-1.589741557836532593e-02
6.107832789421081543e-01
3.679284453392028809e-01
-2.886929549276828766e-02
5.802710056304931641e-01
3.379867076873779297e-01
-4.074272885918617249e-02
5.526958703994750977e-01
3.160732388496398926e-01
-4.891403391957283020e-02
6.659325957298278809e-01
4.185349345207214355e-01
-2.748294547200202942e-02
6.364341378211975098e-01
3.570989370346069336e-01
-4.215229302644729614e-02
6.122059226036071777e-01
3.231173753738403320e-01
-5.409461259841918945e-02
5.887805223464965820e-01
2.979456186294555664e-01
-6.195631623268127441e-02
6.890841126441955566e-01
4.273035228252410889e-01
-3.896255046129226685e-02
6.792490482330322266e-01
3.759453892707824707e-01
-5.277749150991439819e-02
6.673396229743957520e-01
3.413423299789428711e-01
-6.002081558108329773e-02
6.545617580413818359e-01
3.120570182800292969e-01
-6.481792777776718140e-02
