9.265614748001098633e-01
5.511025786399841309e-01
2.127177367583499290e-07
8.846012353897094727e-01
5.240272879600524902e-01
-1.124858111143112183e-02
8.608809709548950195e-01
4.751796126365661621e-01
-1.626086980104446411e-02
8.567010164260864258e-01
4.291611015796661377e-01
-2.148778736591339111e-02
8.561730384826660156e-01
3.990274071693420410e-01
-2.644392289221286774e-02
8.913292288780212402e-01
4.040938019752502441e-01
-4.929361864924430847e-03
8.860982060432434082e-01
3.464213609695434570e-01
-1.533420197665691376e-02
8.832058906555175781e-01
3.110728263854980469e-01
-2.527061849832534790e-02
8.817176818847656250e-01
2.811343669891357422e-01
-3.287550806999206543e-02
9.172660708427429199e-01
3.972949385643005371e-01
-9.270742535591125488e-03
9.124149084091186523e-01
3.315501809120178223e-01
-1.921214722096920013e-02
9.072273969650268555e-01
2.890141010284423828e-01
-2.998636476695537567e-02
9.022654294967651367e-01
2.534975409507751465e-01
-3.790154308080673218e-02
9.437602162361145020e-01
4.030568599700927734e-01
-1.583613082766532898e-02
9.510294795036315918e-01
3.384853005409240723e-01
-2.788936719298362732e-02
9.529770016670227051e-01
2.971171736717224121e-01
-3.715942427515983582e-02
9.528498649597167969e-01
2.630821764469146729e-01
-4.343788325786590576e-02
9.702233076095581055e-01
4.203859865665435791e-01
-2.349456958472728729e-02
9.866418242454528809e-01
3.721596896648406982e-01
-3.448947519063949585e-02
9.951869845390319824e-01
3.388844728469848633e-01
-3.918593749403953552e-02
1.000600457191467285e+00
3.094248771667480469e-01
-4.208428785204887390e-02
