7.798675894737243652e-01
5.213018059730529785e-01
2.129494305336265825e-07
7.382655143737792969e-01
5.091714262962341309e-01
-1.023520808666944504e-02
7.120649218559265137e-01
4.692185223102569580e-01
-1.619148626923561096e-02
7.018125653266906738e-01
4.318642616271972656e-01
-2.278447523713111877e-02
6.888462901115417480e-01
4.053581357002258301e-01
-2.962162531912326813e-02
7.077383399009704590e-01
3.902482986450195312e-01
-6.335726939141750336e-03
6.846663951873779297e-01
3.358409702777862549e-01
-1.897940225899219513e-02
6.677368879318237305e-01
3.016874194145202637e-01
-3.041691519320011139e-02
6.531637907028198242e-01
2.726054787635803223e-01
-3.892138972878456116e-02
7.262792587280273438e-01
3.763244152069091797e-01
-1.230720151215791702e-02
6.979003548622131348e-01
3.168898820877075195e-01
-2.457431145012378693e-02
6.743111610412597656e-01
2.796630263328552246e-01
-3.714643418788909912e-02
6.528837084770202637e-01
2.493159025907516479e-01
-4.609581455588340759e-02
7.488001585006713867e-01
3.750040233135223389e-01
-2.029222995042800903e-02
7.305722832679748535e-01
3.067496418952941895e-01
-3.493404760956764221e-02
7.142655849456787109e-01
2.684591412544250488e-01
-4.631396383047103882e-02
6.973792910575866699e-01
2.371664345264434814e-01
-5.381850153207778931e-02
7.733938694000244141e-01
3.865771591663360596e-01
-2.915310487151145935e-02
7.741622328758239746e-01
3.345490396022796631e-01
-4.332612082362174988e-02
7.707168459892272949e-01
2.979728877544403076e-01
-5.076120793819427490e-02
7.646220326423645020e-01
2.657160162925720215e-01
-5.539453029632568359e-02
