7.918055057525634766e-01
5.209560394287109375e-01
2.116477162417140789e-07
7.497979998588562012e-01
5.074246525764465332e-01
-1.052606105804443359e-02
7.232353687286376953e-01
4.665064513683319092e-01
-1.589126326143741608e-02
7.132118940353393555e-01
4.278350174427032471e-01
-2.188953571021556854e-02
7.031491994857788086e-01
4.004876911640167236e-01
-2.781671658158302307e-02
7.232615947723388672e-01
3.843039572238922119e-01
-3.891653846949338913e-03
7.005140781402587891e-01
3.302094042301177979e-01
-1.522262301295995712e-02
6.843645572662353516e-01
2.955599427223205566e-01
-2.581206336617469788e-02
6.712520122528076172e-01
2.661120891571044922e-01
-3.374301269650459290e-02
7.418869733810424805e-01
3.708859384059906006e-01
-9.162189438939094543e-03
7.162917852401733398e-01
3.101648986339569092e-01
-1.976942643523216248e-02
6.951451897621154785e-01
2.714708447456359863e-01
-3.107878379523754120e-02
6.768275499343872070e-01
2.402527481317520142e-01
-3.922641649842262268e-02
7.646777033805847168e-01
3.697884082794189453e-01
-1.665117777884006500e-02
7.493993043899536133e-01
3.029332756996154785e-01
-2.937914058566093445e-02
7.351195812225341797e-01
2.649436295032501221e-01
-3.946776688098907471e-02
7.210805416107177734e-01
2.341947406530380249e-01
-4.617149010300636292e-02
7.890993952751159668e-01
3.815560340881347656e-01
-2.528669312596321106e-02
7.914919853210449219e-01
3.303264081478118896e-01
-3.747047483921051025e-02
7.894489765167236328e-01
2.945449948310852051e-01
-4.391948878765106201e-02
7.855634093284606934e-01
2.630924582481384277e-01
-4.797367006540298462e-02
