1.722658872604370117e-01
4.442991614341735840e-01
2.715414098020119127e-07
2.180212289094924927e-01
4.582005143165588379e-01
-1.335449889302253723e-02
2.610719501972198486e-01
4.468573927879333496e-01
-1.877743192017078400e-02
2.865427732467651367e-01
4.268668293952941895e-01
-2.409393899142742157e-02
3.044337034225463867e-01
4.039767980575561523e-01
-2.947991713881492615e-02
2.778346836566925049e-01
3.495621383190155029e-01
-8.391304872930049896e-03
3.129654526710510254e-01
3.093516230583190918e-01
-2.054472826421260834e-02
3.335074186325073242e-01
2.843273878097534180e-01
-3.130264952778816223e-02
3.507184386253356934e-01
2.627364099025726318e-01
-3.863942623138427734e-02
2.612700462341308594e-01
3.259789049625396729e-01
-1.127672940492630005e-02
2.989585995674133301e-01
2.753543853759765625e-01
-2.193369157612323761e-02
3.242308199405670166e-01
2.456263601779937744e-01
-3.182830661535263062e-02
3.450860679149627686e-01
2.219926863908767700e-01
-3.853568062186241150e-02
2.395698726177215576e-01
3.140840828418731689e-01
-1.646465808153152466e-02
2.730360627174377441e-01
2.599871158599853516e-01
-2.772625721991062164e-02
2.953091263771057129e-01
2.290861904621124268e-01
-3.627638146281242371e-02
3.145113289356231689e-01
2.047185599803924561e-01
-4.143824055790901184e-02
2.126808166503906250e-01
3.122892379760742188e-01
-2.302489615976810455e-02
2.332510948181152344e-01
2.677768468856811523e-01
-3.416007757186889648e-02
2.495809793472290039e-01
2.394632846117019653e-01
-3.919596225023269653e-02
2.656521797180175781e-01
2.152622342109680176e-01
-4.159965366125106812e-02
