6.361510753631591797e-01
6.269334554672241211e-01
1.342551030347749474e-07
6.006409525871276855e-01
6.395905613899230957e-01
-4.622056614607572556e-03
5.681730508804321289e-01
6.219893693923950195e-01
-8.101309649646282196e-03
5.487060546875000000e-01
6.002439260482788086e-01
-1.334599126130342484e-02
5.328139662742614746e-01
5.897339582443237305e-01
-1.907053962349891663e-02
5.309052467346191406e-01
5.776038765907287598e-01
-1.033410662785172462e-03
4.927607476711273193e-01
5.577466487884521484e-01
-1.174062956124544144e-02
4.652690291404724121e-01
5.512913465499877930e-01
-2.190169133245944977e-02
4.409195184707641602e-01
5.463889837265014648e-01
-2.944512479007244110e-02
5.353641510009765625e-01
5.612139701843261719e-01
-8.593589067459106445e-03
4.925137460231781006e-01
5.356041789054870605e-01
-1.842657476663589478e-02
4.607762694358825684e-01
5.242077708244323730e-01
-2.868909016251564026e-02
4.324743747711181641e-01
5.158230662345886230e-01
-3.621168062090873718e-02
5.480694174766540527e-01
5.493369102478027344e-01
-1.765582710504531860e-02
5.071359872817993164e-01
5.136191248893737793e-01
-2.807747200131416321e-02
4.789139032363891602e-01
4.975330233573913574e-01
-3.614180907607078552e-02
4.540748596191406250e-01
4.870540201663970947e-01
-4.168336838483810425e-02
5.667563676834106445e-01
5.428414344787597656e-01
-2.757655456662178040e-02
5.387511253356933594e-01
5.107565522193908691e-01
-3.682383149862289429e-02
5.174957513809204102e-01
4.912289679050445557e-01
-4.085149616003036499e-02
4.981513917446136475e-01
4.755479693412780762e-01
-4.356086254119873047e-02
