7.563847303390502930e-01
5.172568559646606445e-01
2.745129847880889429e-07
7.177903056144714355e-01
5.185581445693969727e-01
-1.098614931106567383e-02
6.867591142654418945e-01
4.976779222488403320e-01
-2.061564102768898010e-02
6.718806624412536621e-01
4.774058759212493896e-01
-3.079594299197196960e-02
6.596707105636596680e-01
4.636708199977874756e-01
-4.188148677349090576e-02
6.655471920967102051e-01
4.104856550693511963e-01
-1.608953624963760376e-02
6.373831033706665039e-01
3.595317304134368896e-01
-3.186683729290962219e-02
6.169455051422119141e-01
3.302178382873535156e-01
-4.538934677839279175e-02
5.996473431587219238e-01
3.065566122531890869e-01
-5.521653220057487488e-02
6.829055547714233398e-01
3.963777124881744385e-01
-2.348627336323261261e-02
6.520218849182128906e-01
3.394945263862609863e-01
-3.900606557726860046e-02
6.273737549781799316e-01
3.047732114791870117e-01
-5.310549214482307434e-02
6.048142910003662109e-01
2.775451838970184326e-01
-6.304688006639480591e-02
7.053010463714599609e-01
3.930391669273376465e-01
-3.242477774620056152e-02
6.806830167770385742e-01
3.302070796489715576e-01
-4.807569459080696106e-02
6.612334251403808594e-01
2.939425706863403320e-01
-5.982487276196479797e-02
6.420552730560302734e-01
2.650857269763946533e-01
-6.800851970911026001e-02
7.313538789749145508e-01
4.010395705699920654e-01
-4.221309348940849304e-02
7.253224253654479980e-01
3.487387001514434814e-01
-5.673409625887870789e-02
7.171888947486877441e-01
3.140021860599517822e-01
-6.340519338846206665e-02
7.075144648551940918e-01
2.839495837688446045e-01
-6.776164472103118896e-02
