9.259567260742187500e-01
5.531111955642700195e-01
2.156832152877541375e-07
8.824823498725891113e-01
5.259828567504882812e-01
-1.239028666168451309e-02
8.587801456451416016e-01
4.777650833129882812e-01
-1.864090375602245331e-02
8.524703979492187500e-01
4.331719577312469482e-01
-2.491821907460689545e-02
8.448475599288940430e-01
4.027530848979949951e-01
-3.111353330314159393e-02
8.880319595336914062e-01
4.064240157604217529e-01
-8.297896012663841248e-03
8.827942013740539551e-01
3.467069268226623535e-01
-1.977264136075973511e-02
8.803311586380004883e-01
3.099268674850463867e-01
-3.016973100602626801e-02
8.793699145317077637e-01
2.786461710929870605e-01
-3.800152242183685303e-02
9.145558476448059082e-01
4.006129801273345947e-01
-1.279261242598295212e-02
9.103589057922363281e-01
3.333581089973449707e-01
-2.367761731147766113e-02
9.055942893028259277e-01
2.908148169517517090e-01
-3.467631340026855469e-02
9.009066820144653320e-01
2.554937303066253662e-01
-4.275735467672348022e-02
9.410773515701293945e-01
4.070166945457458496e-01
-1.949329860508441925e-02
9.470788240432739258e-01
3.393370807170867920e-01
-3.242183104157447815e-02
9.479660391807556152e-01
2.965554594993591309e-01
-4.217191785573959351e-02
9.471303224563598633e-01
2.606615424156188965e-01
-4.880389943718910217e-02
9.675966501235961914e-01
4.246724247932434082e-01
-2.730042673647403717e-02
9.845966696739196777e-01
3.734367489814758301e-01
-3.942791372537612915e-02
9.929212331771850586e-01
3.386434316635131836e-01
-4.496171325445175171e-02
9.979206919670104980e-01
3.072645068168640137e-01
-4.843829944729804993e-02
