7.448250055313110352e-01
4.420707523822784424e-01
2.033031165638021776e-07
6.969282031059265137e-01
4.562944173812866211e-01
-1.334773097187280655e-02
6.515807509422302246e-01
4.438299238681793213e-01
-2.104672230780124664e-02
6.227234601974487305e-01
4.149809479713439941e-01
-2.844102121889591217e-02
6.050816774368286133e-01
3.843500614166259766e-01
-3.542110696434974670e-02
6.387168765068054199e-01
3.600503504276275635e-01
-9.599233977496623993e-03
6.016151905059814453e-01
3.196294009685516357e-01
-2.322577685117721558e-02
5.790410637855529785e-01
2.954675555229187012e-01
-3.506524860858917236e-02
5.605323314666748047e-01
2.730544805526733398e-01
-4.374790564179420471e-02
6.557832956314086914e-01
3.311526179313659668e-01
-1.401466876268386841e-02
6.160818934440612793e-01
2.841058373451232910e-01
-2.625980973243713379e-02
5.881782770156860352e-01
2.561832368373870850e-01
-3.804306685924530029e-02
5.634955167770385742e-01
2.318834066390991211e-01
-4.658559337258338928e-02
6.797826886177062988e-01
3.120212554931640625e-01
-2.074486017227172852e-02
6.478192806243896484e-01
2.577988207340240479e-01
-3.391958400607109070e-02
6.256939768791198730e-01
2.266918420791625977e-01
-4.276955872774124146e-02
6.061136126518249512e-01
2.014124542474746704e-01
-4.874780774116516113e-02
7.093892693519592285e-01
3.024018406867980957e-01
-2.880574576556682587e-02
6.917747855186462402e-01
2.543724179267883301e-01
-4.065570980310440063e-02
6.784551739692687988e-01
2.239504158496856689e-01
-4.518536478281021118e-02
6.656634211540222168e-01
1.976183205842971802e-01
-4.774709045886993408e-02
