7.630102634429931641e-01
5.065314769744873047e-01
2.697512684335379163e-07
7.139173746109008789e-01
4.926681220531463623e-01
-9.697332046926021576e-03
6.802371740341186523e-01
4.543645083904266357e-01
-1.818852312862873077e-02
6.634387969970703125e-01
4.202803671360015869e-01
-2.773625403642654419e-02
6.517009139060974121e-01
3.897704184055328369e-01
-3.755510225892066956e-02
6.835819482803344727e-01
3.655030429363250732e-01
-1.019368506968021393e-02
6.616542339324951172e-01
3.023428916931152344e-01
-2.790912613272666931e-02
6.454544067382812500e-01
2.627269625663757324e-01
-4.303338751196861267e-02
6.315792202949523926e-01
2.286799699068069458e-01
-5.391652882099151611e-02
7.010319828987121582e-01
3.581334054470062256e-01
-1.799486391246318817e-02
6.773009300231933594e-01
2.907757163047790527e-01
-3.392472118139266968e-02
6.578700542449951172e-01
2.475314736366271973e-01
-4.830123111605644226e-02
6.397555470466613770e-01
2.099317312240600586e-01
-5.865804851055145264e-02
7.216414213180541992e-01
3.619890213012695312e-01
-2.772415801882743835e-02
7.031781673431396484e-01
2.945019304752349854e-01
-4.271625354886054993e-02
6.895161271095275879e-01
2.540487647056579590e-01
-5.218778178095817566e-02
6.748479604721069336e-01
2.204901725053787231e-01
-5.881073698401451111e-02
7.456049919128417969e-01
3.777181208133697510e-01
-3.870473429560661316e-02
7.385485172271728516e-01
3.285767734050750732e-01
-5.188640579581260681e-02
7.279170751571655273e-01
2.960055768489837646e-01
-5.728472024202346802e-02
7.155139446258544922e-01
2.680433988571166992e-01
-6.076065450906753540e-02
