8.746346831321716309e-01
5.110924243927001953e-01
1.704096348476014100e-07
8.349832892417907715e-01
4.849666953086853027e-01
-9.021664969623088837e-03
8.141522407531738281e-01
4.341991543769836426e-01
-1.350289490073919296e-02
8.070181012153625488e-01
3.928604125976562500e-01
-1.925193145871162415e-02
7.954277992248535156e-01
3.727796375751495361e-01
-2.540907077491283417e-02
8.314738869667053223e-01
3.483337163925170898e-01
-2.885764115490019321e-04
8.199506402015686035e-01
2.879175245761871338e-01
-1.085184421390295029e-02
8.118991851806640625e-01
2.494483888149261475e-01
-2.214062958955764771e-02
8.057597279548645020e-01
2.174886614084243774e-01
-3.083855286240577698e-02
8.554005026817321777e-01
3.401435315608978271e-01
-6.286482326686382294e-03
8.447805047035217285e-01
2.731971442699432373e-01
-1.596936397254467010e-02
8.341199755668640137e-01
2.321447432041168213e-01
-2.737665921449661255e-02
8.236381411552429199e-01
1.984828710556030273e-01
-3.576403856277465820e-02
8.812097907066345215e-01
3.436139822006225586e-01
-1.448873616755008698e-02
8.814017772674560547e-01
2.756700813770294189e-01
-2.547084540128707886e-02
8.769842982292175293e-01
2.356705665588378906e-01
-3.387938439846038818e-02
8.716746568679809570e-01
2.021227627992630005e-01
-3.981832414865493774e-02
9.072664976119995117e-01
3.595193922519683838e-01
-2.403463609516620636e-02
9.214301705360412598e-01
3.077130913734436035e-01
-3.353358060121536255e-02
9.294717311859130859e-01
2.736223638057708740e-01
-3.727670386433601379e-02
9.352655410766601562e-01
2.433274984359741211e-01
-3.974141925573348999e-02
