7.842028141021728516e-01
4.282871484756469727e-01
2.444354834096884588e-07
7.240937948226928711e-01
4.395616054534912109e-01
-6.862077862024307251e-03
6.646662950515747070e-01
4.146635830402374268e-01
-1.659599505364894867e-02
6.262011528015136719e-01
3.903827071189880371e-01
-2.847891859710216522e-02
5.984167456626892090e-01
3.846015632152557373e-01
-4.221538081765174866e-02
6.380043029785156250e-01
3.118953704833984375e-01
-1.682759448885917664e-02
5.828232169151306152e-01
2.627609968185424805e-01
-3.964493796229362488e-02
5.422037243843078613e-01
2.364759743213653564e-01
-5.892818793654441833e-02
5.097124576568603516e-01
2.167383432388305664e-01
-7.306701689958572388e-02
6.562790870666503906e-01
2.949161529541015625e-01
-3.065657615661621094e-02
5.955055356025695801e-01
2.414312064647674561e-01
-5.342581868171691895e-02
5.499311685562133789e-01
2.121845185756683350e-01
-7.222990691661834717e-02
5.112666487693786621e-01
1.906445622444152832e-01
-8.504378795623779297e-02
6.818928718566894531e-01
2.884585857391357422e-01
-4.595293104648590088e-02
6.278814673423767090e-01
2.339165061712265015e-01
-6.814419478178024292e-02
5.880436897277832031e-01
2.042407691478729248e-01
-8.105421066284179688e-02
5.537303090095520020e-01
1.825894862413406372e-01
-8.942788839340209961e-02
7.135230898857116699e-01
2.927476167678833008e-01
-6.195846945047378540e-02
6.817198991775512695e-01
2.454855442047119141e-01
-8.214972168207168579e-02
6.562396287918090820e-01
2.165814191102981567e-01
-8.951874077320098877e-02
6.321339607238769531e-01
1.931373476982116699e-01
-9.374316036701202393e-02
