6.999458074569702148e-01
5.634065866470336914e-01
2.208486051813451922e-07
6.578595638275146484e-01
5.595362186431884766e-01
-2.755031920969486237e-03
6.248673200607299805e-01
5.279140472412109375e-01
-6.462251767516136169e-03
6.073428392410278320e-01
4.985574185848236084e-01
-1.238615158945322037e-02
5.933471918106079102e-01
4.802341759204864502e-01
-1.902935840189456940e-02
5.979172587394714355e-01
4.689615964889526367e-01
-3.477923339232802391e-03
5.642359852790832520e-01
4.236398637294769287e-01
-1.641656830906867981e-02
5.386569499969482422e-01
4.006276726722717285e-01
-2.746319957077503204e-02
5.156492590904235840e-01
3.829306960105895996e-01
-3.547964617609977722e-02
6.072443723678588867e-01
4.583195447921752930e-01
-1.325125992298126221e-02
5.669246315956115723e-01
4.102202355861663818e-01
-2.610111050307750702e-02
5.360745787620544434e-01
3.831903636455535889e-01
-3.798456117510795593e-02
5.080567598342895508e-01
3.627901077270507812e-01
-4.609352722764015198e-02
6.247411966323852539e-01
4.553019404411315918e-01
-2.415115199983119965e-02
5.885944962501525879e-01
4.001981616020202637e-01
-3.801660612225532532e-02
5.626500844955444336e-01
3.697785735130310059e-01
-4.788536205887794495e-02
5.381770133972167969e-01
3.470378518104553223e-01
-5.424457043409347534e-02
6.487081646919250488e-01
4.597547650337219238e-01
-3.540841490030288696e-02
6.320343613624572754e-01
4.115672409534454346e-01
-4.762942716479301453e-02
6.167977452278137207e-01
3.806701600551605225e-01
-5.281109735369682312e-02
6.016806960105895996e-01
3.553670942783355713e-01
-5.596533045172691345e-02
