7.063058018684387207e-01
5.533223748207092285e-01
2.279804647287164698e-07
6.645638942718505859e-01
5.507116317749023438e-01
-7.194830104708671570e-03
6.323089599609375000e-01
5.187982916831970215e-01
-1.268678903579711914e-02
6.188924312591552734e-01
4.854060411453247070e-01
-1.935382746160030365e-02
6.086636185646057129e-01
4.623448848724365234e-01
-2.645328268408775330e-02
6.082915663719177246e-01
4.443805813789367676e-01
-7.176490500569343567e-03
5.770675539970397949e-01
3.962019383907318115e-01
-1.983891800045967102e-02
5.539932250976562500e-01
3.702812492847442627e-01
-3.115068562328815460e-02
5.333945751190185547e-01
3.490315675735473633e-01
-3.965873643755912781e-02
6.218041181564331055e-01
4.317315816879272461e-01
-1.493280753493309021e-02
5.845794081687927246e-01
3.803774118423461914e-01
-2.714157849550247192e-02
5.562376379966735840e-01
3.502624034881591797e-01
-3.932308778166770935e-02
5.304813385009765625e-01
3.262231647968292236e-01
-4.807421192526817322e-02
6.421113610267639160e-01
4.288695752620697021e-01
-2.409635297954082489e-02
6.110971570014953613e-01
3.710866272449493408e-01
-3.738398104906082153e-02
5.883739590644836426e-01
3.387541472911834717e-01
-4.741708934307098389e-02
5.664162635803222656e-01
3.131640553474426270e-01
-5.437361076474189758e-02
6.673397421836853027e-01
4.360621273517608643e-01
-3.401058539748191833e-02
6.555055975914001465e-01
3.871062099933624268e-01
-4.640926420688629150e-02
6.437513232231140137e-01
3.545933663845062256e-01
-5.205104872584342957e-02
6.315288543701171875e-01
3.270686566829681396e-01
-5.568053200840950012e-02
