8.445730805397033691e-01
3.584167957305908203e-01
2.146140758441106300e-07
7.951998710632324219e-01
3.332725167274475098e-01
-1.057185325771570206e-02
7.661476135253906250e-01
2.733419537544250488e-01
-1.371962670236825943e-02
7.637627720832824707e-01
2.202774733304977417e-01
-1.854379288852214813e-02
7.630183100700378418e-01
1.857522726058959961e-01
-2.308916114270687103e-02
7.752676606178283691e-01
1.762233823537826538e-01
6.485542748123407364e-03
7.656547427177429199e-01
1.079574003815650940e-01
-4.531900864094495773e-03
7.588569521903991699e-01
6.169703602790832520e-02
-1.681921631097793579e-02
7.547874450683593750e-01
2.503582835197448730e-02
-2.642004378139972687e-02
7.999061942100524902e-01
1.648836880922317505e-01
-1.011924250633455813e-04
7.903026342391967773e-01
9.065596759319305420e-02
-1.046693790704011917e-02
7.810964584350585938e-01
4.272620379924774170e-02
-2.279058471322059631e-02
7.729524970054626465e-01
5.534037947654724121e-03
-3.151847049593925476e-02
8.265947103500366211e-01
1.671039760112762451e-01
-1.009857747703790665e-02
8.206618428230285645e-01
9.576962143182754517e-02
-2.088033035397529602e-02
8.143584132194519043e-01
4.944619536399841309e-02
-2.931817993521690369e-02
8.078880906105041504e-01
1.113101840019226074e-02
-3.532748669385910034e-02
8.550355434417724609e-01
1.831041276454925537e-01
-2.220209687948226929e-02
8.588427901268005371e-01
1.291357874870300293e-01
-3.178470581769943237e-02
8.554689884185791016e-01
9.190679341554641724e-02
-3.602715954184532166e-02
8.505752086639404297e-01
5.971179902553558350e-02
-3.892966359853744507e-02
