8.395218253135681152e-01
5.053770542144775391e-01
2.538844796617922839e-07
7.968283891677856445e-01
4.883918762207031250e-01
-1.301974989473819733e-02
7.679818272590637207e-01
4.446672499179840088e-01
-2.082514390349388123e-02
7.577977776527404785e-01
4.025988876819610596e-01
-2.859532833099365234e-02
7.470144629478454590e-01
3.731228113174438477e-01
-3.653394058346748352e-02
7.727760672569274902e-01
3.613513410091400146e-01
-1.223366986960172653e-02
7.563973069190979004e-01
3.008309602737426758e-01
-2.698215283453464508e-02
7.452440857887268066e-01
2.612699866294860840e-01
-4.004384949803352356e-02
7.372085452079772949e-01
2.281828522682189941e-01
-4.952399432659149170e-02
7.973715066909790039e-01
3.482170403003692627e-01
-1.696082763373851776e-02
7.820395231246948242e-01
2.814869284629821777e-01
-2.941197529435157776e-02
7.693657875061035156e-01
2.398176342248916626e-01
-4.123217612504959106e-02
7.576122283935546875e-01
2.053303420543670654e-01
-4.991894960403442383e-02
8.245874643325805664e-01
3.479028642177581787e-01
-2.379058673977851868e-02
8.178796768188476562e-01
2.798183858394622803e-01
-3.632351011037826538e-02
8.103448152542114258e-01
2.403779327869415283e-01
-4.447247087955474854e-02
8.018164038658142090e-01
2.080293893814086914e-01
-5.043022334575653076e-02
8.531057834625244141e-01
3.610260188579559326e-01
-3.209539875388145447e-02
8.605362176895141602e-01
3.087486028671264648e-01
-4.358841478824615479e-02
8.627260923385620117e-01
2.736291587352752686e-01
-4.798502475023269653e-02
8.627183437347412109e-01
2.431946545839309692e-01
-5.074737593531608582e-02
