7.404140830039978027e-01
5.763323307037353516e-01
1.883825575532682706e-07
6.965062022209167480e-01
5.901168584823608398e-01
-3.836827818304300308e-03
6.595646142959594727e-01
5.679894685745239258e-01
-8.194966241717338562e-03
6.386502981185913086e-01
5.415422916412353516e-01
-1.503778714686632156e-02
6.176356077194213867e-01
5.235772728919982910e-01
-2.251264080405235291e-02
6.156262755393981934e-01
5.210108757019042969e-01
-3.684024850372225046e-04
5.705488920211791992e-01
4.953784346580505371e-01
-1.290280092507600784e-02
5.393037796020507812e-01
4.833396077156066895e-01
-2.457473799586296082e-02
5.124163031578063965e-01
4.723961353302001953e-01
-3.358353301882743835e-02
6.211876869201660156e-01
5.067543387413024902e-01
-1.041782181710004807e-02
5.694333910942077637e-01
4.787056148052215576e-01
-2.352196909487247467e-02
5.332878232002258301e-01
4.642012119293212891e-01
-3.667244315147399902e-02
5.011451244354248047e-01
4.522251784801483154e-01
-4.610616341233253479e-02
6.354230642318725586e-01
4.968332052230834961e-01
-2.223537862300872803e-02
5.844458937644958496e-01
4.626110494136810303e-01
-3.640826791524887085e-02
5.497431755065917969e-01
4.458131492137908936e-01
-4.831818491220474243e-02
5.194607377052307129e-01
4.337871968746185303e-01
-5.640921741724014282e-02
6.560534238815307617e-01
4.912383556365966797e-01
-3.476148098707199097e-02
6.218622922897338867e-01
4.573237597942352295e-01
-4.763086885213851929e-02
5.946836471557617188e-01
4.380890429019927979e-01
-5.525396019220352173e-02
5.693919062614440918e-01
4.224352240562438965e-01
-6.068721786141395569e-02
