7.365508675575256348e-01
5.491247773170471191e-01
1.862862291091005318e-07
6.832649111747741699e-01
5.345818996429443359e-01
7.963222451508045197e-03
6.382229924201965332e-01
4.926714599132537842e-01
7.712102495133876801e-03
6.067026257514953613e-01
4.503791332244873047e-01
3.388778306543827057e-03
5.806462764739990234e-01
4.205532073974609375e-01
-2.284346381202340126e-03
6.198186874389648438e-01
4.751900732517242432e-01
5.649226717650890350e-03
5.736322402954101562e-01
4.430841803550720215e-01
-5.590802058577537537e-03
5.379556417465209961e-01
4.302931725978851318e-01
-1.566810719668865204e-02
5.078710913658142090e-01
4.208118915557861328e-01
-2.342423424124717712e-02
6.253393292427062988e-01
4.697699546813964844e-01
-9.051544591784477234e-03
5.760440230369567871e-01
4.357787370681762695e-01
-1.921338774263858795e-02
5.372744202613830566e-01
4.212676882743835449e-01
-2.945330366492271423e-02
5.066490769386291504e-01
4.144184887409210205e-01
-3.787015005946159363e-02
6.370091438293457031e-01
4.707757830619812012e-01
-2.435713075101375580e-02
5.899466872215270996e-01
4.354439675807952881e-01
-3.395461291074752808e-02
5.548130869865417480e-01
4.201985597610473633e-01
-4.040704667568206787e-02
5.271291732788085938e-01
4.127448201179504395e-01
-4.643452167510986328e-02
6.527812480926513672e-01
4.759424626827239990e-01
-3.944519907236099243e-02
6.205801963806152344e-01
4.467104971408843994e-01
-4.706755653023719788e-02
5.971670746803283691e-01
4.297497868537902832e-01
-4.952615499496459961e-02
5.770871043205261230e-01
4.184014797210693359e-01
-5.244624614715576172e-02
