7.398893833160400391e-01
5.769631862640380859e-01
1.598059640173232765e-07
6.895336508750915527e-01
5.736587047576904297e-01
3.350750077515840530e-03
6.492733359336853027e-01
5.414910912513732910e-01
2.831873251125216484e-03
6.233680844306945801e-01
5.131159424781799316e-01
-1.170587260276079178e-03
6.034283638000488281e-01
4.996405541896820068e-01
-6.019428838044404984e-03
6.227729320526123047e-01
4.967930018901824951e-01
1.824055914767086506e-03
5.681682229042053223e-01
4.658102393150329590e-01
-1.446558907628059387e-02
5.272628068923950195e-01
4.486933350563049316e-01
-2.837250567972660065e-02
4.935635626316070557e-01
4.354697465896606445e-01
-3.787580132484436035e-02
6.257864832878112793e-01
4.880830943584442139e-01
-1.116623077541589737e-02
5.646423101425170898e-01
4.540008902549743652e-01
-2.752079814672470093e-02
5.197315812110900879e-01
4.329723119735717773e-01
-4.197843745350837708e-02
4.792263507843017578e-01
4.153444766998291016e-01
-5.110240355134010315e-02
6.340314149856567383e-01
4.822466969490051270e-01
-2.485377527773380280e-02
5.781401395797729492e-01
4.414624869823455811e-01
-4.015309363603591919e-02
5.389390587806701660e-01
4.198731482028961182e-01
-5.066237971186637878e-02
5.041215419769287109e-01
4.033389091491699219e-01
-5.688105151057243347e-02
6.480866074562072754e-01
4.792428612709045410e-01
-3.860704228281974792e-02
6.127004027366638184e-01
4.468292891979217529e-01
-5.020136013627052307e-02
5.885817408561706543e-01
4.273869991302490234e-01
-5.390247330069541931e-02
5.667695403099060059e-01
4.113213419914245605e-01
-5.573805421590805054e-02
