6.649116873741149902e-01
5.600016117095947266e-01
5.830667859640925599e-08
6.213664412498474121e-01
5.733880400657653809e-01
-1.715260877972468734e-04
5.835506916046142578e-01
5.530080199241638184e-01
-1.082549919374287128e-03
5.608277320861816406e-01
5.330618023872375488e-01
-4.404728300869464874e-03
5.441344976425170898e-01
5.155485272407531738e-01
-8.164236322045326233e-03
5.606977343559265137e-01
4.903712570667266846e-01
6.709449924528598785e-03
5.220905542373657227e-01
4.689132869243621826e-01
-3.046186175197362900e-03
4.933994114398956299e-01
4.618278443813323975e-01
-1.294473186135292053e-02
4.696302413940429688e-01
4.566127955913543701e-01
-2.009461447596549988e-02
5.668010115623474121e-01
4.758538901805877686e-01
-2.303610090166330338e-03
5.253407955169677734e-01
4.455674588680267334e-01
-1.163463015109300613e-02
4.938687086105346680e-01
4.302883744239807129e-01
-2.154878899455070496e-02
4.659653007984161377e-01
4.177826642990112305e-01
-2.872410230338573456e-02
5.771104693412780762e-01
4.675928354263305664e-01
-1.301488745957612991e-02
5.396605134010314941e-01
4.316626787185668945e-01
-2.309182472527027130e-02
5.093628168106079102e-01
4.114361107349395752e-01
-3.115440718829631805e-02
4.835007190704345703e-01
3.958045244216918945e-01
-3.649027273058891296e-02
5.894734263420104980e-01
4.662414789199829102e-01
-2.427683211863040924e-02
5.592585802078247070e-01
4.340586364269256592e-01
-3.252030164003372192e-02
5.366159677505493164e-01
4.164447784423828125e-01
-3.600393980741500854e-02
5.156979560852050781e-01
4.041138291358947754e-01
-3.840222209692001343e-02
