7.146669030189514160e-01
5.833638906478881836e-01
5.229237931558827768e-09
6.665685772895812988e-01
6.027840971946716309e-01
5.962849128991365433e-03
6.262168884277343750e-01
5.811814665794372559e-01
6.696367636322975159e-03
5.976731181144714355e-01
5.592155456542968750e-01
3.891064319759607315e-03
5.734957456588745117e-01
5.440492630004882812e-01
5.562935257330536842e-04
5.997578501701354980e-01
5.214442610740661621e-01
1.022241450846195221e-02
5.484829545021057129e-01
5.212942361831665039e-01
9.054852998815476894e-04
5.106794834136962891e-01
5.227956771850585938e-01
-8.477014489471912384e-03
4.798236489295959473e-01
5.202987194061279297e-01
-1.578452438116073608e-02
5.999472737312316895e-01
5.116789937019348145e-01
-1.343781361356377602e-03
5.374537706375122070e-01
5.165268778800964355e-01
-1.069791987538337708e-02
4.975876212120056152e-01
5.164961814880371094e-01
-1.971770264208316803e-02
4.636667370796203613e-01
5.125917792320251465e-01
-2.639730460941791534e-02
6.030272245407104492e-01
5.126274228096008301e-01
-1.380912493914365768e-02
5.415984392166137695e-01
5.119183063507080078e-01
-2.407797239720821381e-02
5.031500458717346191e-01
5.103437900543212891e-01
-3.055004402995109558e-02
4.707205593585968018e-01
5.069096088409423828e-01
-3.492584452033042908e-02
6.079933643341064453e-01
5.220884680747985840e-01
-2.626333199441432953e-02
5.650669336318969727e-01
5.110976099967956543e-01
-3.420591726899147034e-02
5.381966829299926758e-01
5.032311081886291504e-01
-3.695822879672050476e-02
5.138099193572998047e-01
4.953710138797760010e-01
-3.885074704885482788e-02
