7.397931218147277832e-01
5.567977428436279297e-01
2.307752851038458175e-07
6.945320367813110352e-01
5.491232275962829590e-01
-4.035777878016233444e-03
6.644147038459777832e-01
5.094578266143798828e-01
-7.685233838856220245e-03
6.505461931228637695e-01
4.747246801853179932e-01
-1.290534622967243195e-02
6.333957910537719727e-01
4.537443816661834717e-01
-1.904432475566864014e-02
6.469624638557434082e-01
4.406248331069946289e-01
-7.632100488990545273e-03
6.172454357147216797e-01
3.883047699928283691e-01
-2.086898870766162872e-02
5.947054028511047363e-01
3.596140444278717041e-01
-3.179362416267395020e-02
5.736750364303588867e-01
3.365903794765472412e-01
-3.978982195258140564e-02
6.629190444946289062e-01
4.299864172935485840e-01
-1.719043403863906860e-02
6.292913556098937988e-01
3.725527524948120117e-01
-3.037898242473602295e-02
6.003101468086242676e-01
3.402030467987060547e-01
-4.299793764948844910e-02
5.731187462806701660e-01
3.151733577251434326e-01
-5.193067714571952820e-02
6.845529675483703613e-01
4.314160645008087158e-01
-2.778041921555995941e-02
6.596169471740722656e-01
3.677194714546203613e-01
-4.290194809436798096e-02
6.381196975708007812e-01
3.330174386501312256e-01
-5.523440986871719360e-02
6.161271333694458008e-01
3.062255382537841797e-01
-6.362708657979965210e-02
7.094128727912902832e-01
4.447014331817626953e-01
-3.858037292957305908e-02
7.048153281211853027e-01
3.933811187744140625e-01
-5.340192466974258423e-02
6.957936882972717285e-01
3.589971661567687988e-01
-6.144032999873161316e-02
6.847871541976928711e-01
3.296221494674682617e-01
-6.672068685293197632e-02
