7.110373377799987793e-01
5.871503353118896484e-01
2.210476139907768811e-07
6.687529683113098145e-01
5.839526057243347168e-01
-5.967557895928621292e-03
6.379597187042236328e-01
5.524675846099853516e-01
-1.227086596190929413e-02
6.243464946746826172e-01
5.221525430679321289e-01
-1.990051940083503723e-02
6.124686598777770996e-01
5.017145276069641113e-01
-2.829786762595176697e-02
6.080597639083862305e-01
4.852192401885986328e-01
-1.123393513262271881e-02
5.721204280853271484e-01
4.381844699382781982e-01
-2.670582197606563568e-02
5.437889099121093750e-01
4.166584014892578125e-01
-3.920693323016166687e-02
5.177401900291442871e-01
4.021058380603790283e-01
-4.796144738793373108e-02
6.208623647689819336e-01
4.760424196720123291e-01
-2.019013464450836182e-02
5.816777348518371582e-01
4.257311522960662842e-01
-3.482037782669067383e-02
5.501120686531066895e-01
4.000480473041534424e-01
-4.745547100901603699e-02
5.212554335594177246e-01
3.825085163116455078e-01
-5.601020529866218567e-02
6.406176686286926270e-01
4.762818813323974609e-01
-3.025464899837970734e-02
6.072194576263427734e-01
4.207948446273803711e-01
-4.513542354106903076e-02
5.815618038177490234e-01
3.919331729412078857e-01
-5.575245246291160583e-02
5.564844608306884766e-01
3.710512518882751465e-01
-6.282735615968704224e-02
6.656476259231567383e-01
4.852603077888488770e-01
-4.083977267146110535e-02
6.518238782882690430e-01
4.378751218318939209e-01
-5.447602272033691406e-02
6.380618214607238770e-01
4.076677560806274414e-01
-6.062668189406394958e-02
6.233797073364257812e-01
3.828995227813720703e-01
-6.437256187200546265e-02
