6.982179880142211914e-01
5.634171366691589355e-01
2.304570188016441534e-07
6.559649705886840820e-01
5.598222613334655762e-01
-3.197860438376665115e-03
6.230989098548889160e-01
5.285087823867797852e-01
-7.513790391385555267e-03
6.055805087089538574e-01
4.990478157997131348e-01
-1.396325509995222092e-02
5.915307402610778809e-01
4.782274663448333740e-01
-2.103134617209434509e-02
5.954639315605163574e-01
4.728099107742309570e-01
-5.262629594653844833e-03
5.614733099937438965e-01
4.272919893264770508e-01
-1.880626194179058075e-02
5.349286198616027832e-01
4.045252203941345215e-01
-3.007346764206886292e-02
5.114227533340454102e-01
3.877077102661132812e-01
-3.817389160394668579e-02
6.041731834411621094e-01
4.622505307197570801e-01
-1.480921451002359390e-02
5.635898709297180176e-01
4.144247174263000488e-01
-2.824282646179199219e-02
5.324912667274475098e-01
3.882848918437957764e-01
-3.976756334304809570e-02
5.048968791961669922e-01
3.692917227745056152e-01
-4.750232771039009094e-02
6.214950084686279297e-01
4.585683345794677734e-01
-2.546590939164161682e-02
5.841238498687744141e-01
4.047310948371887207e-01
-3.956187143921852112e-02
5.579586029052734375e-01
3.756809830665588379e-01
-4.870430380105972290e-02
5.338305830955505371e-01
3.542097508907318115e-01
-5.453550815582275391e-02
6.455199718475341797e-01
4.618893861770629883e-01
-3.655118867754936218e-02
6.280145645141601562e-01
4.146678149700164795e-01
-4.893969744443893433e-02
6.119560599327087402e-01
3.847849667072296143e-01
-5.389498919248580933e-02
5.965139269828796387e-01
3.600746393203735352e-01
-5.682323873043060303e-02
