7.105880379676818848e-01
5.504119396209716797e-01
2.081591929936621455e-07
6.688115000724792480e-01
5.449046492576599121e-01
-6.112889386713504791e-03
6.370965838432312012e-01
5.110732316970825195e-01
-1.112807635217905045e-02
6.237021684646606445e-01
4.767473042011260986e-01
-1.747907511889934540e-02
6.130996942520141602e-01
4.523994922637939453e-01
-2.425454556941986084e-02
6.153942346572875977e-01
4.398196637630462646e-01
-6.599509622901678085e-03
5.845680236816406250e-01
3.902688920497894287e-01
-1.975257880985736847e-02
5.614258050918579102e-01
3.630189001560211182e-01
-3.136497363448143005e-02
5.409165024757385254e-01
3.414359092712402344e-01
-3.995370492339134216e-02
6.291546225547790527e-01
4.266587495803833008e-01
-1.477862149477005005e-02
5.940949916839599609e-01
3.726120591163635254e-01
-2.741259336471557617e-02
5.655895471572875977e-01
3.415509462356567383e-01
-3.997371718287467957e-02
5.400912165641784668e-01
3.181180655956268311e-01
-4.895906895399093628e-02
6.488528847694396973e-01
4.234498441219329834e-01
-2.434047497808933258e-02
6.207861900329589844e-01
3.634366989135742188e-01
-3.759403154253959656e-02
5.984080433845520020e-01
3.297877013683319092e-01
-4.855432733893394470e-02
5.770425796508789062e-01
3.046374320983886719e-01
-5.628437921404838562e-02
6.732645630836486816e-01
4.306573867797851562e-01
-3.458682447671890259e-02
6.642777919769287109e-01
3.808785080909729004e-01
-4.699790105223655701e-02
6.531804203987121582e-01
3.475207686424255371e-01
-5.352137982845306396e-02
6.412839889526367188e-01
3.197520971298217773e-01
-5.793069675564765930e-02
