6.929440498352050781e-01
5.870419740676879883e-01
1.466577259634505026e-07
6.483507156372070312e-01
5.823237895965576172e-01
-1.341125229373574257e-03
6.164881587028503418e-01
5.510910749435424805e-01
-5.422547459602355957e-03
5.992156267166137695e-01
5.234929919242858887e-01
-1.152827683836221695e-02
5.841035246849060059e-01
5.032590627670288086e-01
-1.842024922370910645e-02
5.910037755966186523e-01
4.956425130367279053e-01
-6.176980677992105484e-03
5.538163781166076660e-01
4.565333724021911621e-01
-2.050185203552246094e-02
5.242213606834411621e-01
4.416759610176086426e-01
-3.202126175165176392e-02
4.982219338417053223e-01
4.338822364807128906e-01
-3.999304026365280151e-02
5.998197793960571289e-01
4.883615076541900635e-01
-1.659041270613670349e-02
5.577825903892517090e-01
4.444413185119628906e-01
-3.040190413594245911e-02
5.245199203491210938e-01
4.259593188762664795e-01
-4.152981191873550415e-02
4.946803450584411621e-01
4.157478213310241699e-01
-4.885629191994667053e-02
6.167769432067871094e-01
4.884010851383209229e-01
-2.784958668053150177e-02
5.791795849800109863e-01
4.391315877437591553e-01
-4.193816334009170532e-02
5.516064167022705078e-01
4.153431653976440430e-01
-5.095003172755241394e-02
5.256126523017883301e-01
3.990566134452819824e-01
-5.693176388740539551e-02
6.397383809089660645e-01
4.955855607986450195e-01
-3.923428058624267578e-02
6.226140260696411133e-01
4.542512297630310059e-01
-5.244679003953933716e-02
6.065114140510559082e-01
4.280110001564025879e-01
-5.783300846815109253e-02
5.902210474014282227e-01
4.065721035003662109e-01
-6.110840290784835815e-02
