2.625287771224975586e-01
3.679893314838409424e-01
2.773458049887267407e-07
2.982965111732482910e-01
3.760633468627929688e-01
-2.345609106123447418e-02
3.343670070171356201e-01
3.437752127647399902e-01
-3.133989498019218445e-02
3.400528728961944580e-01
2.802799344062805176e-01
-3.628303855657577515e-02
3.320640325546264648e-01
2.228412479162216187e-01
-4.209478199481964111e-02
3.823901414871215820e-01
3.223156929016113281e-01
-1.616041362285614014e-02
4.217729866504669189e-01
2.729473114013671875e-01
-2.678498812019824982e-02
4.453321695327758789e-01
2.369241416454315186e-01
-3.703810274600982666e-02
4.644158780574798584e-01
2.021566480398178101e-01
-4.531902447342872620e-02
3.766907155513763428e-01
2.834532558917999268e-01
-1.576713472604751587e-02
4.222101569175720215e-01
2.355848848819732666e-01
-2.460737340152263641e-02
4.502788186073303223e-01
2.024767398834228516e-01
-3.534170240163803101e-02
4.732002019882202148e-01
1.747702062129974365e-01
-4.278437793254852295e-02
3.601166605949401855e-01
2.524058222770690918e-01
-1.812886446714401245e-02
3.994970619678497314e-01
2.050300240516662598e-01
-3.359545022249221802e-02
4.281096458435058594e-01
1.763273179531097412e-01
-4.897059127688407898e-02
4.525705575942993164e-01
1.538113653659820557e-01
-5.932012572884559631e-02
3.359166383743286133e-01
2.256260961294174194e-01
-2.204335294663906097e-02
3.463843166828155518e-01
1.940307170152664185e-01
-4.164093360304832458e-02
3.374655246734619141e-01
2.084411829710006714e-01
-4.743607714772224426e-02
3.252800405025482178e-01
2.287936806678771973e-01
-4.946241155266761780e-02
