2.636425197124481201e-01
5.532054305076599121e-01
1.977279140419341275e-07
3.036114275455474854e-01
5.834357142448425293e-01
8.226786158047616482e-04
3.474885225296020508e-01
5.812007188796997070e-01
1.086881384253501892e-03
3.742540478706359863e-01
5.779235363006591797e-01
-1.126874587498605251e-03
3.891803324222564697e-01
5.740287899971008301e-01
-5.260292440652847290e-03
3.826178014278411865e-01
5.215803980827331543e-01
-2.879892475903034210e-03
4.237169325351715088e-01
4.960691332817077637e-01
-1.487741712480783463e-02
4.515610635280609131e-01
4.825330972671508789e-01
-2.474823594093322754e-02
4.753587543964385986e-01
4.728623926639556885e-01
-3.205850720405578613e-02
3.742065131664276123e-01
5.036843419075012207e-01
-1.331325061619281769e-02
4.215161800384521484e-01
4.760491847991943359e-01
-2.658372744917869568e-02
4.565972387790679932e-01
4.607000052928924561e-01
-3.828179091215133667e-02
4.869043827056884766e-01
4.483884572982788086e-01
-4.631958901882171631e-02
3.577457070350646973e-01
4.914521574974060059e-01
-2.449025213718414307e-02
4.030495285987854004e-01
4.585705995559692383e-01
-3.839458897709846497e-02
4.348671138286590576e-01
4.403859972953796387e-01
-4.906949773430824280e-02
4.628886580467224121e-01
4.253766536712646484e-01
-5.598372593522071838e-02
3.339827656745910645e-01
4.845851957798004150e-01
-3.549858927726745605e-02
3.641923069953918457e-01
4.557575881481170654e-01
-4.992406070232391357e-02
3.872717320919036865e-01
4.400554895401000977e-01
-5.743357539176940918e-02
4.088225960731506348e-01
4.262461364269256592e-01
-6.212778389453887939e-02
