6.999368667602539062e-01
5.588578581809997559e-01
1.746964670701345312e-07
6.551556587219238281e-01
5.531205534934997559e-01
-2.376097487285733223e-03
6.198363900184631348e-01
5.155316591262817383e-01
-5.762093700468540192e-03
5.988842248916625977e-01
4.835723340511322021e-01
-1.103185396641492844e-02
5.784932374954223633e-01
4.602640867233276367e-01
-1.724257506430149078e-02
5.970481634140014648e-01
4.700178802013397217e-01
-5.380633752793073654e-03
5.588198900222778320e-01
4.307510852813720703e-01
-1.936463639140129089e-02
5.292831659317016602e-01
4.135419428348541260e-01
-3.092160448431968689e-02
5.035394430160522461e-01
4.012474417686462402e-01
-3.907043486833572388e-02
6.055852174758911133e-01
4.623758494853973389e-01
-1.507355459034442902e-02
5.636103749275207520e-01
4.167367517948150635e-01
-2.823849208652973175e-02
5.308123230934143066e-01
3.936297893524169922e-01
-4.049079492688179016e-02
5.019019842147827148e-01
3.763102591037750244e-01
-4.899249970912933350e-02
6.223312616348266602e-01
4.617514908313751221e-01
-2.574740536510944366e-02
5.852315425872802734e-01
4.089977443218231201e-01
-3.981174901127815247e-02
5.573895573616027832e-01
3.813754618167877197e-01
-5.046400427818298340e-02
5.320270657539367676e-01
3.613357841968536377e-01
-5.767465382814407349e-02
6.449896097183227539e-01
4.687329232692718506e-01
-3.663083165884017944e-02
6.260715723037719727e-01
4.240324795246124268e-01
-4.953901469707489014e-02
6.091151833534240723e-01
3.948673903942108154e-01
-5.562675744295120239e-02
5.927239060401916504e-01
3.708656728267669678e-01
-5.967413261532783508e-02
