7.034018635749816895e-01
5.201517343521118164e-01
1.785842869139742106e-07
6.611313223838806152e-01
5.355975627899169922e-01
-9.205933660268783569e-03
6.210377216339111328e-01
5.206665396690368652e-01
-1.531943306326866150e-02
5.971920490264892578e-01
4.946384727954864502e-01
-2.225857041776180267e-02
5.810043811798095703e-01
4.758731722831726074e-01
-2.961220592260360718e-02
5.848391056060791016e-01
4.598080515861511230e-01
-6.807526107877492905e-03
5.449161529541015625e-01
4.275617599487304688e-01
-1.977709494531154633e-02
5.183998346328735352e-01
4.116381704807281494e-01
-3.152743726968765259e-02
4.947218596935272217e-01
3.986058235168457031e-01
-4.025492444634437561e-02
5.967625975608825684e-01
4.330911040306091309e-01
-1.393880695104598999e-02
5.542060732841491699e-01
3.946592807769775391e-01
-2.672977373003959656e-02
5.226586461067199707e-01
3.757384121417999268e-01
-3.886965662240982056e-02
4.946483373641967773e-01
3.619992136955261230e-01
-4.737237840890884399e-02
6.169760823249816895e-01
4.147581160068511963e-01
-2.294521965086460114e-02
5.793971419334411621e-01
3.648730218410491943e-01
-3.638820350170135498e-02
5.532236099243164062e-01
3.399296104907989502e-01
-4.581997543573379517e-02
5.293261408805847168e-01
3.209859728813171387e-01
-5.215526744723320007e-02
6.436799168586730957e-01
4.052281677722930908e-01
-3.293675556778907776e-02
6.196120977401733398e-01
3.600706458091735840e-01
-4.486310482025146484e-02
6.009366512298583984e-01
3.317702114582061768e-01
-4.956268891692161560e-02
5.833497047424316406e-01
3.077796101570129395e-01
-5.248699709773063660e-02
