1.957486271858215332e-01
4.421665668487548828e-01
2.711600757265841821e-07
2.371689826250076294e-01
4.582710266113281250e-01
-1.344201620668172836e-02
2.793273925781250000e-01
4.417358338832855225e-01
-1.664090715348720551e-02
3.036370575428009033e-01
4.224087595939636230e-01
-1.941498741507530212e-02
3.214701712131500244e-01
4.066944122314453125e-01
-2.258267998695373535e-02
2.955842912197113037e-01
3.578728735446929932e-01
-8.846423588693141937e-03
3.307080864906311035e-01
3.161589205265045166e-01
-2.057848684489727020e-02
3.536166846752166748e-01
2.868066430091857910e-01
-3.096312098205089569e-02
3.721145987510681152e-01
2.622846662998199463e-01
-3.826278820633888245e-02
2.819123268127441406e-01
3.353856801986694336e-01
-1.056549046188592911e-02
3.176358044147491455e-01
2.908938825130462646e-01
-2.096130326390266418e-02
3.417434394359588623e-01
2.586642801761627197e-01
-3.091022744774818420e-02
3.623395860195159912e-01
2.316006422042846680e-01
-3.784016519784927368e-02
2.638331651687622070e-01
3.204798102378845215e-01
-1.457463670521974564e-02
2.957371771335601807e-01
2.749903798103332520e-01
-2.530318126082420349e-02
3.166092932224273682e-01
2.441119253635406494e-01
-3.273986279964447021e-02
3.344208598136901855e-01
2.176865190267562866e-01
-3.738147020339965820e-02
2.395569086074829102e-01
3.119852840900421143e-01
-2.009923197329044342e-02
2.609912157058715820e-01
2.736985087394714355e-01
-3.006607294082641602e-02
2.762863636016845703e-01
2.504299879074096680e-01
-3.379028290510177612e-02
2.906715869903564453e-01
2.305985540151596069e-01
-3.559540212154388428e-02
