7.326923012733459473e-01
5.594916939735412598e-01
2.131844922814707388e-07
6.895748376846313477e-01
5.521010160446166992e-01
-4.682186525315046310e-03
6.582419872283935547e-01
5.133826136589050293e-01
-7.855821400880813599e-03
6.436120271682739258e-01
4.798546731472015381e-01
-1.239854563027620316e-02
6.288381814956665039e-01
4.600582122802734375e-01
-1.755138486623764038e-02
6.386401653289794922e-01
4.474808871746063232e-01
-5.307300016283988953e-03
6.095744967460632324e-01
3.975577354431152344e-01
-1.733445934951305389e-02
5.880462527275085449e-01
3.702688515186309814e-01
-2.742877416312694550e-02
5.683017373085021973e-01
3.479417264461517334e-01
-3.491605818271636963e-02
6.543646454811096191e-01
4.350872337818145752e-01
-1.386142801493406296e-02
6.186443567276000977e-01
3.811520338058471680e-01
-2.618527598679065704e-02
5.909530520439147949e-01
3.494399785995483398e-01
-3.787156939506530762e-02
5.652946233749389648e-01
3.252618908882141113e-01
-4.599632695317268372e-02
6.759522557258605957e-01
4.339492022991180420e-01
-2.363547869026660919e-02
6.489914059638977051e-01
3.733559250831604004e-01
-3.816460818052291870e-02
6.273579001426696777e-01
3.404472470283508301e-01
-4.907538741827011108e-02
6.050471663475036621e-01
3.147570490837097168e-01
-5.621645972132682800e-02
7.016028165817260742e-01
4.440577030181884766e-01
-3.366424515843391418e-02
6.939132213592529297e-01
3.950373530387878418e-01
-4.728723317384719849e-02
6.844640374183654785e-01
3.626958131790161133e-01
-5.367210507392883301e-02
6.733505725860595703e-01
3.357526957988739014e-01
-5.768630653619766235e-02
