6.971571445465087891e-01
5.589725375175476074e-01
7.623880549090245040e-08
6.496387124061584473e-01
5.461361408233642578e-01
-4.749104846268892288e-03
6.121813654899597168e-01
4.965404570102691650e-01
-9.913725778460502625e-03
5.905199050903320312e-01
4.545181095600128174e-01
-1.586570404469966888e-02
5.739126205444335938e-01
4.241411387920379639e-01
-2.279984019696712494e-02
6.067315936088562012e-01
4.466778337955474854e-01
-1.365844346582889557e-02
5.688752532005310059e-01
4.149229228496551514e-01
-3.173917904496192932e-02
5.356187820434570312e-01
4.021756052970886230e-01
-4.627308622002601624e-02
5.097494721412658691e-01
3.950113058090209961e-01
-5.648487061262130737e-02
6.178320050239562988e-01
4.436974823474884033e-01
-2.254896424710750580e-02
5.784102082252502441e-01
4.074926376342773438e-01
-4.047398269176483154e-02
5.421549081802368164e-01
3.913304209709167480e-01
-5.491932481527328491e-02
5.112921595573425293e-01
3.839298486709594727e-01
-6.475994735956192017e-02
6.349326372146606445e-01
4.492945075035095215e-01
-3.233559429645538330e-02
5.997051596641540527e-01
4.118897914886474609e-01
-5.012089759111404419e-02
5.682965517044067383e-01
3.926606774330139160e-01
-6.095294654369354248e-02
5.404810309410095215e-01
3.815152049064636230e-01
-6.793233007192611694e-02
6.566591262817382812e-01
4.641253650188446045e-01
-4.230044037103652954e-02
6.397584676742553711e-01
4.285279512405395508e-01
-5.886135995388031006e-02
6.214193105697631836e-01
4.063175618648529053e-01
-6.645236164331436157e-02
6.029552817344665527e-01
3.894293010234832764e-01
-7.115283608436584473e-02
