6.872575879096984863e-01
5.870181918144226074e-01
2.006800059461966157e-07
6.443744301795959473e-01
5.843846201896667480e-01
-2.104434417560696602e-03
6.125422120094299316e-01
5.526466965675354004e-01
-6.567907985299825668e-03
5.957171320915222168e-01
5.237641334533691406e-01
-1.314798463135957718e-02
5.803091526031494141e-01
5.025573372840881348e-01
-2.067192085087299347e-02
5.869910120964050293e-01
5.035061836242675781e-01
-7.298447191715240479e-03
5.496480464935302734e-01
4.636737704277038574e-01
-2.178007923066616058e-02
5.198746323585510254e-01
4.463726282119750977e-01
-3.350840881466865540e-02
4.936524033546447754e-01
4.347753524780273438e-01
-4.183518886566162109e-02
5.946082472801208496e-01
4.974013566970825195e-01
-1.750970073044300079e-02
5.518943071365356445e-01
4.545337855815887451e-01
-3.175378590822219849e-02
5.181276202201843262e-01
4.332203269004821777e-01
-4.416172578930854797e-02
4.879321157932281494e-01
4.179960191249847412e-01
-5.255150049924850464e-02
6.106042265892028809e-01
4.963864684104919434e-01
-2.844057977199554443e-02
5.716394186019897461e-01
4.472563564777374268e-01
-4.302300885319709778e-02
5.424663424491882324e-01
4.215000867843627930e-01
-5.346834659576416016e-02
5.154138803482055664e-01
4.025720953941345215e-01
-6.030979007482528687e-02
6.329810023307800293e-01
5.010828971862792969e-01
-3.953282907605171204e-02
6.127970218658447266e-01
4.591653347015380859e-01
-5.276120826601982117e-02
5.943366289138793945e-01
4.333360195159912109e-01
-5.858176946640014648e-02
5.762387514114379883e-01
4.119891524314880371e-01
-6.217014044523239136e-02
