2.852626442909240723e-01
5.712519884109497070e-01
1.906585396227455931e-07
3.300730884075164795e-01
5.980622768402099609e-01
6.997417076490819454e-04
3.742798566818237305e-01
5.915883779525756836e-01
2.267588395625352859e-03
3.991120457649230957e-01
5.844708681106567383e-01
8.475641952827572823e-04
4.170595109462738037e-01
5.750192999839782715e-01
-1.860625925473868847e-03
4.108746349811553955e-01
5.293074846267700195e-01
7.227435242384672165e-03
4.535418748855590820e-01
5.062147378921508789e-01
-3.588855732232332230e-03
4.817827343940734863e-01
4.964546561241149902e-01
-1.402897853404283524e-02
5.063384771347045898e-01
4.890065491199493408e-01
-2.166545204818248749e-02
4.035928845405578613e-01
5.110641717910766602e-01
-2.964144106954336166e-03
4.517979919910430908e-01
4.837069511413574219e-01
-1.370582077652215958e-02
4.859178662300109863e-01
4.704329669475555420e-01
-2.520512044429779053e-02
5.168343782424926758e-01
4.598832726478576660e-01
-3.338545188307762146e-02
3.888681530952453613e-01
4.973010122776031494e-01
-1.508314255625009537e-02
4.354960918426513672e-01
4.665494263172149658e-01
-2.687580697238445282e-02
4.680260717868804932e-01
4.538976252079010010e-01
-3.701112791895866394e-02
4.976352751255035400e-01
4.435538947582244873e-01
-4.366332665085792542e-02
3.665953278541564941e-01
4.874995350837707520e-01
-2.746001072227954865e-02
4.009526073932647705e-01
4.615954160690307617e-01
-3.875283524394035339e-02
4.261272847652435303e-01
4.488049745559692383e-01
-4.451977461576461792e-02
4.506472051143646240e-01
4.378806054592132568e-01
-4.833769053220748901e-02
