7.017166614532470703e-01
5.170085430145263672e-01
7.375364674544471200e-08
6.585085391998291016e-01
5.267061591148376465e-01
-2.161370823159813881e-03
6.151474714279174805e-01
5.081812143325805664e-01
-4.393222741782665253e-03
5.865736007690429688e-01
4.847950041294097900e-01
-9.048362262547016144e-03
5.602307319641113281e-01
4.760456383228302002e-01
-1.446304004639387131e-02
5.844712257385253906e-01
4.657448828220367432e-01
4.474142566323280334e-03
5.461657047271728516e-01
4.570626616477966309e-01
-9.497958235442638397e-03
5.199482440948486328e-01
4.648721218109130859e-01
-2.342569269239902496e-02
5.002391338348388672e-01
4.735358953475952148e-01
-3.243821859359741211e-02
5.902079939842224121e-01
4.442918896675109863e-01
-4.623374436050653458e-03
5.441164970397949219e-01
4.156298041343688965e-01
-1.504807267338037491e-02
5.109214782714843750e-01
4.019047319889068604e-01
-2.629625052213668823e-02
4.835812747478485107e-01
3.916095495223999023e-01
-3.434415906667709351e-02
6.061372756958007812e-01
4.295520186424255371e-01
-1.597750000655651093e-02
5.637449026107788086e-01
3.904746472835540771e-01
-2.727791666984558105e-02
5.360740423202514648e-01
3.719459474086761475e-01
-3.641528636217117310e-02
5.125210881233215332e-01
3.584273457527160645e-01
-4.284137114882469177e-02
6.292010545730590820e-01
4.218623340129852295e-01
-2.796354889869689941e-02
6.039248704910278320e-01
3.862656354904174805e-01
-3.816289827227592468e-02
5.834259390830993652e-01
3.642823696136474609e-01
-4.277453944087028503e-02
5.643554925918579102e-01
3.469402194023132324e-01
-4.598300904035568237e-02
