6.481624245643615723e-01
6.297132968902587891e-01
1.503759534671189613e-07
6.092194914817810059e-01
6.427324414253234863e-01
-4.833725746721029282e-03
5.748317241668701172e-01
6.251886487007141113e-01
-8.628650568425655365e-03
5.538392663002014160e-01
6.006165742874145508e-01
-1.419394277036190033e-02
5.382047891616821289e-01
5.818182826042175293e-01
-1.995496265590190887e-02
5.381139516830444336e-01
5.815858244895935059e-01
-1.353272702544927597e-03
4.974028468132019043e-01
5.600019693374633789e-01
-1.225088816136121750e-02
4.681629538536071777e-01
5.524679422378540039e-01
-2.237845212221145630e-02
4.429164528846740723e-01
5.466731786727905273e-01
-2.990410290658473969e-02
5.424505472183227539e-01
5.676722526550292969e-01
-8.587827906012535095e-03
4.985978901386260986e-01
5.423152446746826172e-01
-1.891594380140304565e-02
4.661446511745452881e-01
5.307182669639587402e-01
-2.906377427279949188e-02
4.377506375312805176e-01
5.218172073364257812e-01
-3.631339222192764282e-02
5.544701814651489258e-01
5.570940971374511719e-01
-1.735565438866615295e-02
5.136132240295410156e-01
5.226055383682250977e-01
-2.776836045086383820e-02
4.851513504981994629e-01
5.059057474136352539e-01
-3.544756770133972168e-02
4.605965316295623779e-01
4.946700334548950195e-01
-4.068545624613761902e-02
5.721732378005981445e-01
5.513853430747985840e-01
-2.707986719906330109e-02
5.438956618309020996e-01
5.196532607078552246e-01
-3.599509224295616150e-02
5.224261283874511719e-01
5.010511875152587891e-01
-3.974185138940811157e-02
5.031441450119018555e-01
4.865131080150604248e-01
-4.221804812550544739e-02
