6.979927420616149902e-01
5.604410767555236816e-01
1.669830425043983269e-07
6.546477675437927246e-01
5.552403926849365234e-01
-2.623038366436958313e-03
6.186798810958862305e-01
5.165156722068786621e-01
-5.595252849161624908e-03
5.986354351043701172e-01
4.830513596534729004e-01
-1.030319835990667343e-02
5.799783468246459961e-01
4.589712321758270264e-01
-1.571198552846908569e-02
5.954325795173645020e-01
4.703630506992340088e-01
-4.781379830092191696e-03
5.582537651062011719e-01
4.314908981323242188e-01
-1.799139380455017090e-02
5.288885831832885742e-01
4.161419868469238281e-01
-2.880924195051193237e-02
5.033059120178222656e-01
4.063403606414794922e-01
-3.644673153758049011e-02
6.039955019950866699e-01
4.621677100658416748e-01
-1.429406087845563889e-02
5.611466765403747559e-01
4.184855818748474121e-01
-2.706055156886577606e-02
5.277280211448669434e-01
3.961468040943145752e-01
-3.857192024588584900e-02
4.983653426170349121e-01
3.803885877132415771e-01
-4.632832482457160950e-02
6.217656731605529785e-01
4.609667360782623291e-01
-2.487417496740818024e-02
5.832511782646179199e-01
4.088021218776702881e-01
-3.921572118997573853e-02
5.547553300857543945e-01
3.810223639011383057e-01
-4.950172826647758484e-02
5.282346606254577637e-01
3.604496717453002930e-01
-5.626879259943962097e-02
6.456499099731445312e-01
4.671351909637451172e-01
-3.558687493205070496e-02
6.265123486518859863e-01
4.227435886859893799e-01
-4.921393096446990967e-02
6.093431711196899414e-01
3.941017985343933105e-01
-5.515866354107856750e-02
5.924028754234313965e-01
3.703156113624572754e-01
-5.886483937501907349e-02
