6.892899274826049805e-01
5.739832520484924316e-01
1.735588028850543196e-07
6.491422653198242188e-01
5.781628489494323730e-01
-1.658412395045161247e-03
6.155864000320434570e-01
5.545498132705688477e-01
-4.717233125120401382e-03
5.968988537788391113e-01
5.344235897064208984e-01
-1.032287813723087311e-02
5.815522670745849609e-01
5.282739400863647461e-01
-1.666240580379962921e-02
5.795838832855224609e-01
4.890917837619781494e-01
8.600676665082573891e-04
5.441645383834838867e-01
4.521429240703582764e-01
-1.045650523155927658e-02
5.168086886405944824e-01
4.332104921340942383e-01
-2.133195661008358002e-02
4.926008582115173340e-01
4.197300970554351807e-01
-2.953441627323627472e-02
5.878368020057678223e-01
4.764297306537628174e-01
-9.154094383120536804e-03
5.478196144104003906e-01
4.344581961631774902e-01
-1.989215053617954254e-02
5.171990394592285156e-01
4.120519757270812988e-01
-3.090410865843296051e-02
4.895563125610351562e-01
3.957069218158721924e-01
-3.885287418961524963e-02
6.039863228797912598e-01
4.707110822200775146e-01
-2.048675157129764557e-02
5.677968263626098633e-01
4.219698905944824219e-01
-3.196624293923377991e-02
5.418654680252075195e-01
3.959597945213317871e-01
-4.092374816536903381e-02
5.177101492881774902e-01
3.770355880260467529e-01
-4.714132472872734070e-02
6.264145970344543457e-01
4.724710285663604736e-01
-3.240317478775978088e-02
6.076238155364990234e-01
4.283243417739868164e-01
-4.236049950122833252e-02
5.909932851791381836e-01
4.003618657588958740e-01
-4.675020650029182434e-02
5.749141573905944824e-01
3.772689104080200195e-01
-4.980802163481712341e-02
