7.986432909965515137e-01
4.993306398391723633e-01
2.357427888455276843e-07
7.645906805992126465e-01
4.825915396213531494e-01
-2.463350538164377213e-03
7.436435818672180176e-01
4.455294609069824219e-01
-7.023108657449483871e-03
7.363346219062805176e-01
4.110977947711944580e-01
-1.387593522667884827e-02
7.281075119972229004e-01
3.864521980285644531e-01
-2.094390057027339935e-02
7.263677120208740234e-01
3.795998990535736084e-01
-3.370314138010144234e-03
7.025870084762573242e-01
3.213532865047454834e-01
-1.597473584115505219e-02
6.835156679153442383e-01
2.840034067630767822e-01
-2.659464627504348755e-02
6.684207916259765625e-01
2.551093101501464844e-01
-3.400436416268348694e-02
7.322555184364318848e-01
3.722746670246124268e-01
-1.221777498722076416e-02
7.040248513221740723e-01
3.074915409088134766e-01
-2.447068877518177032e-02
6.832290291786193848e-01
2.656880021095275879e-01
-3.439830616116523743e-02
6.654765605926513672e-01
2.320792824029922485e-01
-4.098692163825035095e-02
7.433403134346008301e-01
3.715450763702392578e-01
-2.222676016390323639e-02
7.200716733932495117e-01
3.059121966361999512e-01
-3.291029483079910278e-02
7.034527063369750977e-01
2.669102549552917480e-01
-4.002460092306137085e-02
6.881474256515502930e-01
2.365131229162216187e-01
-4.479952901601791382e-02
7.590269446372985840e-01
3.779667913913726807e-01
-3.302450850605964661e-02
7.483882904052734375e-01
3.315952420234680176e-01
-4.109156876802444458e-02
7.379691600799560547e-01
3.017491996288299561e-01
-4.400308802723884583e-02
7.280943989753723145e-01
2.768304347991943359e-01
-4.589117318391799927e-02
