8.244448900222778320e-01
5.251498818397521973e-01
2.848542806077603018e-07
7.787545919418334961e-01
5.060827136039733887e-01
-1.338731776922941208e-02
7.524007558822631836e-01
4.592593312263488770e-01
-2.126194164156913757e-02
7.448758482933044434e-01
4.174385964870452881e-01
-2.908960171043872833e-02
7.344859838485717773e-01
3.892497122287750244e-01
-3.727262839674949646e-02
7.599938511848449707e-01
3.737237453460693359e-01
-1.327947061508893967e-02
7.440161108970642090e-01
3.079172968864440918e-01
-2.831915766000747681e-02
7.323684692382812500e-01
2.657117545604705811e-01
-4.120871052145957947e-02
7.219012975692749023e-01
2.293668091297149658e-01
-5.075534060597419739e-02
7.837992310523986816e-01
3.630766868591308594e-01
-1.911726407706737518e-02
7.679815292358398438e-01
2.918872237205505371e-01
-3.338368237018585205e-02
7.506188154220581055e-01
2.476238310337066650e-01
-4.691708087921142578e-02
7.337654232978820801e-01
2.113237828016281128e-01
-5.662445724010467529e-02
8.097465038299560547e-01
3.660288155078887939e-01
-2.693482488393783569e-02
8.027045726776123047e-01
2.906048297882080078e-01
-4.263121634721755981e-02
7.930776476860046387e-01
2.459456473588943481e-01
-5.416997894644737244e-02
7.824279665946960449e-01
2.079871594905853271e-01
-6.213088333606719971e-02
8.365266919136047363e-01
3.828068375587463379e-01
-3.596510738134384155e-02
8.456346392631530762e-01
3.262526392936706543e-01
-5.132647976279258728e-02
8.491314649581909180e-01
2.871227860450744629e-01
-5.866356194019317627e-02
8.501757979393005371e-01
2.516730725765228271e-01
-6.328652054071426392e-02
