6.903053522109985352e-01
5.558285713195800781e-01
2.359147543984363438e-07
6.414389610290527344e-01
5.556093454360961914e-01
-5.926311016082763672e-03
6.057592034339904785e-01
5.254194736480712891e-01
-1.069489587098360062e-02
5.849370956420898438e-01
4.972905218601226807e-01
-1.709512993693351746e-02
5.659456849098205566e-01
4.779198765754699707e-01
-2.383731864392757416e-02
5.914892554283142090e-01
4.482715725898742676e-01
-2.488938160240650177e-03
5.614476799964904785e-01
3.991743922233581543e-01
-1.605415903031826019e-02
5.374605059623718262e-01
3.694314360618591309e-01
-2.873111143708229065e-02
5.152776241302490234e-01
3.444995284080505371e-01
-3.785473108291625977e-02
6.035757064819335938e-01
4.392491877079010010e-01
-1.007768046110868454e-02
5.717508792877197266e-01
3.880833387374877930e-01
-2.230636775493621826e-02
5.432364940643310547e-01
3.557726144790649414e-01
-3.400455042719841003e-02
5.165292620658874512e-01
3.276554048061370850e-01
-4.256019741296768188e-02
6.194937825202941895e-01
4.381916522979736328e-01
-1.951557397842407227e-02
5.907321572303771973e-01
3.879246115684509277e-01
-3.058119677007198334e-02
5.660082697868347168e-01
3.566489219665527344e-01
-3.848635405302047729e-02
5.423267483711242676e-01
3.325560688972473145e-01
-4.382615163922309875e-02
6.385672688484191895e-01
4.462201595306396484e-01
-3.024152480065822601e-02
6.172528266906738281e-01
4.035844504833221436e-01
-3.954589739441871643e-02
5.976379513740539551e-01
3.789950907230377197e-01
-4.354006797075271606e-02
5.781779289245605469e-01
3.618353903293609619e-01
-4.605339467525482178e-02
