7.467046976089477539e-01
5.833141803741455078e-01
3.797213992129400140e-07
6.824653744697570801e-01
5.914155244827270508e-01
-2.002129144966602325e-02
6.233594417572021484e-01
5.649327039718627930e-01
-2.824898995459079742e-02
5.825082063674926758e-01
5.293495059013366699e-01
-3.563873469829559326e-02
5.507194995880126953e-01
4.961259663105010986e-01
-4.280445724725723267e-02
6.271729469299316406e-01
4.653259217739105225e-01
-1.346169877797365189e-02
5.847851634025573730e-01
4.177601933479309082e-01
-2.985691465437412262e-02
5.593887567520141602e-01
3.851612806320190430e-01
-4.306711629033088684e-02
5.385165810585021973e-01
3.533192873001098633e-01
-5.320074409246444702e-02
6.557931303977966309e-01
4.308609962463378906e-01
-1.763781905174255371e-02
6.216071844100952148e-01
3.611059188842773438e-01
-3.306546434760093689e-02
5.973743200302124023e-01
3.174508512020111084e-01
-4.731025546789169312e-02
5.750126838684082031e-01
2.785170674324035645e-01
-5.776169151067733765e-02
6.899800300598144531e-01
4.142675697803497314e-01
-2.545173093676567078e-02
6.638591885566711426e-01
3.441643714904785156e-01
-4.707327857613563538e-02
6.425311565399169922e-01
3.000431954860687256e-01
-6.266894936561584473e-02
6.222596764564514160e-01
2.600692510604858398e-01
-7.253747433423995972e-02
7.282595634460449219e-01
4.117504954338073730e-01
-3.463249653577804565e-02
7.315143346786499023e-01
3.390288054943084717e-01
-5.599582567811012268e-02
7.332419157028198242e-01
2.867771685123443604e-01
-6.735011190176010132e-02
7.324576973915100098e-01
2.389440983533859253e-01
-7.442926615476608276e-02
