7.312259078025817871e-01
5.336840152740478516e-01
2.050722116564429598e-07
6.913322210311889648e-01
5.266246795654296875e-01
-3.360060276463627815e-03
6.627337932586669922e-01
4.915822446346282959e-01
-7.871327921748161316e-03
6.480304598808288574e-01
4.627138674259185791e-01
-1.410870905965566635e-02
6.340321302413940430e-01
4.428346455097198486e-01
-2.143242396414279938e-02
6.427059769630432129e-01
4.242803454399108887e-01
-7.495235186070203781e-03
6.132724285125732422e-01
3.773994743824005127e-01
-2.085751481354236603e-02
5.898245573043823242e-01
3.512810468673706055e-01
-3.208450973033905029e-02
5.689803957939147949e-01
3.305938243865966797e-01
-4.043455794453620911e-02
6.565076112747192383e-01
4.132014811038970947e-01
-1.735237613320350647e-02
6.229856014251708984e-01
3.596716225147247314e-01
-3.089567460119724274e-02
5.946950316429138184e-01
3.279432654380798340e-01
-4.363457486033439636e-02
5.683121681213378906e-01
3.033499121665954590e-01
-5.258003994822502136e-02
6.767849326133728027e-01
4.127211570739746094e-01
-2.812356688082218170e-02
6.491499543190002441e-01
3.523090481758117676e-01
-4.310962930321693420e-02
6.266843080520629883e-01
3.172435164451599121e-01
-5.504682287573814392e-02
6.044320464134216309e-01
2.902350425720214844e-01
-6.308492273092269897e-02
7.012878656387329102e-01
4.223512113094329834e-01
-3.900697827339172363e-02
6.916062831878662109e-01
3.721380233764648438e-01
-5.365515127778053284e-02
6.800441741943359375e-01
3.379974365234375000e-01
-6.118873134255409241e-02
6.672220230102539062e-01
3.088167309761047363e-01
-6.606430560350418091e-02
