7.208032608032226562e-01
4.865257740020751953e-01
2.065380328986066161e-07
6.781060695648193359e-01
4.993205070495605469e-01
-1.093343645334243774e-02
6.361854076385498047e-01
4.832701385021209717e-01
-1.714560762047767639e-02
6.099154949188232422e-01
4.605453610420227051e-01
-2.353233471512794495e-02
5.888885259628295898e-01
4.464038610458374023e-01
-3.018959984183311462e-02
6.030030250549316406e-01
4.178886115550994873e-01
-8.137445896863937378e-03
5.638659000396728516e-01
3.827136456966400146e-01
-2.087565883994102478e-02
5.373236536979675293e-01
3.657647669315338135e-01
-3.249292075634002686e-02
5.143226385116577148e-01
3.526016473770141602e-01
-4.112345725297927856e-02
6.160694956779479980e-01
3.934348821640014648e-01
-1.362593099474906921e-02
5.747483968734741211e-01
3.518199026584625244e-01
-2.518515288829803467e-02
5.448724031448364258e-01
3.315875232219696045e-01
-3.629489243030548096e-02
5.189596414566040039e-01
3.183503746986389160e-01
-4.449990019202232361e-02
6.362582445144653320e-01
3.782024085521697998e-01
-2.128808200359344482e-02
6.002726554870605469e-01
3.271889686584472656e-01
-3.357829153537750244e-02
5.742806792259216309e-01
3.019788265228271484e-01
-4.286703839898109436e-02
5.505199432373046875e-01
2.836031019687652588e-01
-4.968806356191635132e-02
6.627108454704284668e-01
3.729794621467590332e-01
-3.014598414301872253e-02
6.413191556930541992e-01
3.283691704273223877e-01
-4.224301502108573914e-02
6.231577992439270020e-01
3.011063337326049805e-01
-4.816616699099540710e-02
6.052699089050292969e-01
2.783553302288055420e-01
-5.226019397377967834e-02
