7.011202573776245117e-01
5.606190562248229980e-01
2.182550105089831050e-07
6.584566235542297363e-01
5.564567446708679199e-01
-2.139636781066656113e-03
6.257776021957397461e-01
5.268031358718872070e-01
-6.114190444350242615e-03
6.086370944976806641e-01
4.997601509094238281e-01
-1.254840940237045288e-02
5.951398015022277832e-01
4.825050830841064453e-01
-1.989099569618701935e-02
5.984306931495666504e-01
4.680651724338531494e-01
-3.297531977295875549e-03
5.633616447448730469e-01
4.245014786720275879e-01
-1.608962565660476685e-02
5.365043878555297852e-01
4.025134444236755371e-01
-2.716747298836708069e-02
5.127308368682861328e-01
3.858935236930847168e-01
-3.541569039225578308e-02
6.078671216964721680e-01
4.573635160923004150e-01
-1.380286738276481628e-02
5.673213601112365723e-01
4.090032577514648438e-01
-2.664166502654552460e-02
5.353948473930358887e-01
3.829140067100524902e-01
-3.898652642965316772e-02
5.067465901374816895e-01
3.634226024150848389e-01
-4.768093302845954895e-02
6.256690025329589844e-01
4.544543623924255371e-01
-2.541265077888965607e-02
5.899856686592102051e-01
3.978790938854217529e-01
-3.959244489669799805e-02
5.636432766914367676e-01
3.682564496994018555e-01
-5.063870921730995178e-02
5.391061902046203613e-01
3.466579020023345947e-01
-5.804486945271492004e-02
6.497922539710998535e-01
4.597081243991851807e-01
-3.725415095686912537e-02
6.336643099784851074e-01
4.118550717830657959e-01
-5.023318156599998474e-02
6.179421544075012207e-01
3.814965486526489258e-01
-5.649945512413978577e-02
6.022563576698303223e-01
3.561508655548095703e-01
-6.064407154917716980e-02
