7.406418919563293457e-01
5.580261349678039551e-01
2.428984942071110709e-07
6.959428787231445312e-01
5.511138439178466797e-01
-4.571595694869756699e-03
6.655533313751220703e-01
5.115213394165039062e-01
-7.714441046118736267e-03
6.515746712684631348e-01
4.765235781669616699e-01
-1.236356236040592194e-02
6.356806159019470215e-01
4.569010138511657715e-01
-1.797390356659889221e-02
6.478094458580017090e-01
4.414863586425781250e-01
-5.870087537914514542e-03
6.176292300224304199e-01
3.890454769134521484e-01
-1.799880899488925934e-02
5.954454541206359863e-01
3.597345352172851562e-01
-2.837809547781944275e-02
5.750225186347961426e-01
3.358912765979766846e-01
-3.616406396031379700e-02
6.637833714485168457e-01
4.302123785018920898e-01
-1.493189204484224319e-02
6.288834810256958008e-01
3.737837672233581543e-01
-2.755892649292945862e-02
6.005267500877380371e-01
3.413585722446441650e-01
-4.010803624987602234e-02
5.738964080810546875e-01
3.164429962635040283e-01
-4.893364757299423218e-02
6.849691271781921387e-01
4.307318627834320068e-01
-2.514904364943504333e-02
6.595844030380249023e-01
3.680641651153564453e-01
-3.999008238315582275e-02
6.376838088035583496e-01
3.338928222656250000e-01
-5.189631506800651550e-02
6.148003935813903809e-01
3.071677982807159424e-01
-5.988074094057083130e-02
7.092622518539428711e-01
4.428492188453674316e-01
-3.563131392002105713e-02
7.036291956901550293e-01
3.916234672069549561e-01
-4.966537281870841980e-02
6.947900056838989258e-01
3.572963774204254150e-01
-5.686413869261741638e-02
6.840454936027526855e-01
3.281102180480957031e-01
-6.158410757780075073e-02
