7.176309823989868164e-01
5.732852220535278320e-01
2.017006295318424236e-07
6.764150857925415039e-01
5.678412914276123047e-01
-3.155639627948403358e-03
6.456972360610961914e-01
5.324043631553649902e-01
-6.353238597512245178e-03
6.320258378982543945e-01
5.002524256706237793e-01
-1.100067608058452606e-02
6.191968321800231934e-01
4.781905114650726318e-01
-1.655793748795986176e-02
6.215163469314575195e-01
4.653315544128417969e-01
-6.215345580130815506e-03
5.888458490371704102e-01
4.181787967681884766e-01
-1.761586219072341919e-02
5.639626383781433105e-01
3.932253122329711914e-01
-2.712668851017951965e-02
5.422168374061584473e-01
3.731059432029724121e-01
-3.436638787388801575e-02
6.355386972427368164e-01
4.550828933715820312e-01
-1.536564249545335770e-02
5.971763730049133301e-01
4.046953320503234863e-01
-2.684873528778553009e-02
5.678027868270874023e-01
3.756535053253173828e-01
-3.810322284698486328e-02
5.412472486495971680e-01
3.533485531806945801e-01
-4.607205465435981750e-02
6.565426588058471680e-01
4.555987715721130371e-01
-2.536027505993843079e-02
6.261600255966186523e-01
3.980800211429595947e-01
-3.930354118347167969e-02
6.023878455162048340e-01
3.670931458473205566e-01
-5.026733502745628357e-02
5.787888765335083008e-01
3.431692123413085938e-01
-5.765245482325553894e-02
6.823030710220336914e-01
4.664247632026672363e-01
-3.536071255803108215e-02
6.728885173797607422e-01
4.189920425415039062e-01
-4.900837317109107971e-02
6.614827513694763184e-01
3.878389894962310791e-01
-5.574538186192512512e-02
6.483666300773620605e-01
3.616937994956970215e-01
-6.006084010004997253e-02
