6.903553605079650879e-01
5.737069249153137207e-01
1.163864027375893784e-07
6.453513503074645996e-01
5.625015497207641602e-01
-7.202448905445635319e-04
6.125400662422180176e-01
5.138658285140991211e-01
-2.268223324790596962e-03
5.964258909225463867e-01
4.732568562030792236e-01
-5.412952974438667297e-03
5.833308696746826172e-01
4.445709288120269775e-01
-9.149829857051372528e-03
5.943866372108459473e-01
4.737658798694610596e-01
-4.175943322479724884e-03
5.601003170013427734e-01
4.371287524700164795e-01
-1.663350500166416168e-02
5.295464992523193359e-01
4.231992065906524658e-01
-2.726404368877410889e-02
5.034962892532348633e-01
4.154657125473022461e-01
-3.498404100537300110e-02
6.028466224670410156e-01
4.707577824592590332e-01
-1.400555204600095749e-02
5.645049810409545898e-01
4.334064722061157227e-01
-2.648965269327163696e-02
5.287863612174987793e-01
4.174057245254516602e-01
-3.799172118306159973e-02
4.968995749950408936e-01
4.089426398277282715e-01
-4.599695280194282532e-02
6.192179322242736816e-01
4.740293025970458984e-01
-2.446614578366279602e-02
5.846651792526245117e-01
4.306717514991760254e-01
-3.791223093867301941e-02
5.540919303894042969e-01
4.090604186058044434e-01
-4.762532189488410950e-02
5.264847278594970703e-01
3.954041004180908203e-01
-5.430550500750541687e-02
6.415454745292663574e-01
4.839882850646972656e-01
-3.495925664901733398e-02
6.250075101852416992e-01
4.450027048587799072e-01
-4.757491871714591980e-02
6.082310080528259277e-01
4.202102422714233398e-01
-5.309147015213966370e-02
5.920924544334411621e-01
4.006048142910003662e-01
-5.677914619445800781e-02
