7.294192314147949219e-01
4.769437313079833984e-01
2.372437108988378895e-07
6.843870878219604492e-01
4.881564974784851074e-01
-1.108145527541637421e-02
6.431844234466552734e-01
4.687156677246093750e-01
-1.781445927917957306e-02
6.176577210426330566e-01
4.388700723648071289e-01
-2.496434561908245087e-02
5.955038666725158691e-01
4.216344356536865234e-01
-3.249213844537734985e-02
6.122678518295288086e-01
4.062074720859527588e-01
-8.847712539136409760e-03
5.738778114318847656e-01
3.661231100559234619e-01
-2.200584486126899719e-02
5.494195818901062012e-01
3.437344431877136230e-01
-3.376160934567451477e-02
5.280352234840393066e-01
3.237001895904541016e-01
-4.239738732576370239e-02
6.271764039993286133e-01
3.810828626155853271e-01
-1.480540912598371506e-02
5.840739011764526367e-01
3.367644548416137695e-01
-2.677583321928977966e-02
5.536425709724426270e-01
3.123839497566223145e-01
-3.869285434484481812e-02
5.271589159965515137e-01
2.935433983802795410e-01
-4.746915400028228760e-02
6.493940949440002441e-01
3.651380836963653564e-01
-2.276756241917610168e-02
6.120162010192871094e-01
3.119996190071105957e-01
-3.515096008777618408e-02
5.865961909294128418e-01
2.846473455429077148e-01
-4.437730088829994202e-02
5.632456541061401367e-01
2.633685171604156494e-01
-5.107828602194786072e-02
6.776588559150695801e-01
3.579253852367401123e-01
-3.192156925797462463e-02
6.543989777565002441e-01
3.124825358390808105e-01
-4.347105324268341064e-02
6.364366412162780762e-01
2.836558818817138672e-01
-4.859254136681556702e-02
6.190005540847778320e-01
2.592431604862213135e-01
-5.206429958343505859e-02
