7.825629711151123047e-01
4.105012118816375732e-01
2.029428856076265220e-07
7.348273992538452148e-01
4.154151976108551025e-01
-1.530487742274999619e-02
6.915112137794494629e-01
3.969806432723999023e-01
-2.456309646368026733e-02
6.639122366905212402e-01
3.678838014602661133e-01
-3.317096456885337830e-02
6.465441584587097168e-01
3.361211717128753662e-01
-4.127036035060882568e-02
6.871824264526367188e-01
3.083464503288269043e-01
-1.215904392302036285e-02
6.524541974067687988e-01
2.619734108448028564e-01
-2.657369337975978851e-02
6.309878230094909668e-01
2.354891300201416016e-01
-3.885218128561973572e-02
6.132485270500183105e-01
2.125825285911560059e-01
-4.765101522207260132e-02
7.078348994255065918e-01
2.836126685142517090e-01
-1.587631739675998688e-02
6.721439361572265625e-01
2.290081679821014404e-01
-2.793458290398120880e-02
6.476214528083801270e-01
1.976645737886428833e-01
-3.921859711408615112e-02
6.261143088340759277e-01
1.724308431148529053e-01
-4.742269590497016907e-02
7.337883710861206055e-01
2.693732678890228271e-01
-2.207101881504058838e-02
7.064441442489624023e-01
2.116388380527496338e-01
-3.460022807121276855e-02
6.874051094055175781e-01
1.788609027862548828e-01
-4.222819954156875610e-02
6.702296733856201172e-01
1.528880149126052856e-01
-4.750723764300346375e-02
7.645204067230224609e-01
2.647837102413177490e-01
-2.981340140104293823e-02
7.520883679389953613e-01
2.159532904624938965e-01
-4.069522023200988770e-02
7.431595325469970703e-01
1.854728460311889648e-01
-4.392944648861885071e-02
7.342439889907836914e-01
1.602261066436767578e-01
-4.559960216283798218e-02
