7.106539607048034668e-01
5.368107557296752930e-01
2.100128284610036644e-07
6.705458760261535645e-01
5.274477005004882812e-01
-6.302759516984224319e-03
6.402156949043273926e-01
4.862478375434875488e-01
-1.179642137140035629e-02
6.235445737838745117e-01
4.554284214973449707e-01
-1.820999011397361755e-02
6.054688692092895508e-01
4.362171292304992676e-01
-2.574267797172069550e-02
6.326529979705810547e-01
4.133956134319305420e-01
-1.167089492082595825e-02
6.108877658843994141e-01
3.602665066719055176e-01
-2.711701951920986176e-02
5.922077894210815430e-01
3.280830681324005127e-01
-3.993809223175048828e-02
5.757721066474914551e-01
3.001927733421325684e-01
-4.912699013948440552e-02
6.494274735450744629e-01
4.067958295345306396e-01
-1.965959742665290833e-02
6.256910562515258789e-01
3.475171327590942383e-01
-3.459988534450531006e-02
6.037365198135375977e-01
3.096708655357360840e-01
-4.713761061429977417e-02
5.834869742393493652e-01
2.768870890140533447e-01
-5.587963014841079712e-02
6.694759726524353027e-01
4.109199047088623047e-01
-2.874553017318248749e-02
6.508243680000305176e-01
3.486768305301666260e-01
-4.372420161962509155e-02
6.320140957832336426e-01
3.115379810333251953e-01
-5.346020311117172241e-02
6.124782562255859375e-01
2.805906534194946289e-01
-5.988658964633941650e-02
6.922332048416137695e-01
4.253447651863098145e-01
-3.841624408960342407e-02
6.847901344299316406e-01
3.732366561889648438e-01
-5.272080376744270325e-02
6.733519434928894043e-01
3.395068049430847168e-01
-5.914791300892829895e-02
6.599913239479064941e-01
3.115836977958679199e-01
-6.315767765045166016e-02
