2.196495980024337769e-01
5.370408892631530762e-01
1.940337597261532210e-07
2.649649679660797119e-01
5.582213401794433594e-01
-4.266638774424791336e-03
3.112376034259796143e-01
5.450186133384704590e-01
-5.449328105896711349e-03
3.403591513633728027e-01
5.360783934593200684e-01
-8.858473971486091614e-03
3.596846163272857666e-01
5.256538987159729004e-01
-1.352336723357439041e-02
3.457817137241363525e-01
4.737271964550018311e-01
2.446545695420354605e-04
3.850170969963073730e-01
4.403725862503051758e-01
-1.211583800613880157e-02
4.115717113018035889e-01
4.186062812805175781e-01
-2.414692193269729614e-02
4.346638321876525879e-01
3.988547325134277344e-01
-3.316985815763473511e-02
3.346823751926422119e-01
4.554509818553924561e-01
-8.384943008422851562e-03
3.781472742557525635e-01
4.203072786331176758e-01
-1.981627941131591797e-02
4.088466465473175049e-01
3.952965438365936279e-01
-3.195478394627571106e-02
4.360911250114440918e-01
3.725653588771820068e-01
-4.084886237978935242e-02
3.161903321743011475e-01
4.438071846961975098e-01
-1.890140213072299957e-02
3.575869798660278320e-01
4.066815972328186035e-01
-3.065919131040573120e-02
3.861482739448547363e-01
3.850965797901153564e-01
-4.012235626578330994e-02
4.118105769157409668e-01
3.650346398353576660e-01
-4.661888629198074341e-02
2.897218465805053711e-01
4.375735521316528320e-01
-3.025674261152744293e-02
3.184809982776641846e-01
4.060494899749755859e-01
-4.193010181188583374e-02
3.399005830287933350e-01
3.869270086288452148e-01
-4.726068675518035889e-02
3.599241375923156738e-01
3.697016835212707520e-01
-5.055319517850875854e-02
