7.853654026985168457e-01
5.182669758796691895e-01
2.222038659738245769e-07
7.438480854034423828e-01
5.075400471687316895e-01
-1.031668018549680710e-02
7.175789475440979004e-01
4.660587906837463379e-01
-1.613145135343074799e-02
7.068291902542114258e-01
4.287322163581848145e-01
-2.235785499215126038e-02
6.937823891639709473e-01
4.022945761680603027e-01
-2.888642810285091400e-02
7.144718170166015625e-01
3.843271136283874512e-01
-8.916053920984268188e-03
6.913433074951171875e-01
3.281167149543762207e-01
-2.132270671427249908e-02
6.742878556251525879e-01
2.923154830932617188e-01
-3.204262256622314453e-02
6.598594188690185547e-01
2.614531517028808594e-01
-4.008884727954864502e-02
7.333554625511169434e-01
3.721569478511810303e-01
-1.486586779356002808e-02
7.071498632431030273e-01
3.112109303474426270e-01
-2.704380452632904053e-02
6.845758557319641113e-01
2.726260721683502197e-01
-3.902336582541465759e-02
6.643741726875305176e-01
2.417815178632736206e-01
-4.763025417923927307e-02
7.560127973556518555e-01
3.726198971271514893e-01
-2.258647792041301727e-02
7.397131919860839844e-01
3.063724637031555176e-01
-3.717504441738128662e-02
7.234895825386047363e-01
2.671107351779937744e-01
-4.846699908375740051e-02
7.066437602043151855e-01
2.352142930030822754e-01
-5.596051737666130066e-02
7.802004814147949219e-01
3.859032392501831055e-01
-3.111443668603897095e-02
7.817952632904052734e-01
3.335087895393371582e-01
-4.500549659132957458e-02
7.790786623954772949e-01
2.965138852596282959e-01
-5.237727612257003784e-02
7.739878296852111816e-01
2.641710638999938965e-01
-5.710534378886222839e-02
