6.989312171936035156e-01
5.268086194992065430e-01
1.913635685468761949e-07
6.547437310218811035e-01
5.431607365608215332e-01
-8.758100681006908417e-03
6.133980751037597656e-01
5.253321528434753418e-01
-1.374348253011703491e-02
5.887641310691833496e-01
4.942353665828704834e-01
-1.940994150936603546e-02
5.723172426223754883e-01
4.729400873184204102e-01
-2.531478740274906158e-02
5.823438167572021484e-01
4.601277112960815430e-01
-5.788158159703016281e-03
5.437873005867004395e-01
4.246849417686462402e-01
-1.723738387227058411e-02
5.195350646972656250e-01
4.050026237964630127e-01
-2.749422937631607056e-02
4.980258941650390625e-01
3.872608840465545654e-01
-3.540436550974845886e-02
5.962294936180114746e-01
4.309727251529693604e-01
-1.252777129411697388e-02
5.521484613418579102e-01
3.915172517299652100e-01
-2.373306266963481903e-02
5.218811035156250000e-01
3.694912195205688477e-01
-3.511480242013931274e-02
4.946408569812774658e-01
3.513932824134826660e-01
-4.327539727091789246e-02
6.186074018478393555e-01
4.097724556922912598e-01
-2.102860249578952789e-02
5.807146430015563965e-01
3.582304418087005615e-01
-3.385364636778831482e-02
5.560556650161743164e-01
3.296967148780822754e-01
-4.309377074241638184e-02
5.333783626556396484e-01
3.064259290695190430e-01
-4.934478178620338440e-02
6.469703316688537598e-01
3.971733748912811279e-01
-3.037543408572673798e-02
6.226463317871093750e-01
3.522056937217712402e-01
-4.210057109594345093e-02
6.053006649017333984e-01
3.224143683910369873e-01
-4.667004942893981934e-02
5.884238481521606445e-01
2.967732250690460205e-01
-4.945416748523712158e-02
