7.143934369087219238e-01
5.448324680328369141e-01
1.890785057412358583e-07
6.738130450248718262e-01
5.380524992942810059e-01
-2.035964280366897583e-03
6.418859958648681641e-01
5.001212954521179199e-01
-5.095287226140499115e-03
6.258034110069274902e-01
4.665085077285766602e-01
-1.020563580095767975e-02
6.153005957603454590e-01
4.406544268131256104e-01
-1.611645705997943878e-02
6.229054331779479980e-01
4.459035396575927734e-01
-4.328578710556030273e-03
5.892555713653564453e-01
4.002442359924316406e-01
-1.608640886843204498e-02
5.622996091842651367e-01
3.765591382980346680e-01
-2.581453695893287659e-02
5.392788648605346680e-01
3.589156866073608398e-01
-3.302434086799621582e-02
6.327209472656250000e-01
4.351725876331329346e-01
-1.423231605440378189e-02
5.937548875808715820e-01
3.848919272422790527e-01
-2.650628052651882172e-02
5.619764328002929688e-01
3.573772311210632324e-01
-3.789561986923217773e-02
5.337923765182495117e-01
3.376873731613159180e-01
-4.560687765479087830e-02
6.502711176872253418e-01
4.325967133045196533e-01
-2.497792430222034454e-02
6.159707307815551758e-01
3.737297058105468750e-01
-3.868313506245613098e-02
5.888190269470214844e-01
3.427467048168182373e-01
-4.941242188215255737e-02
5.638913512229919434e-01
3.208813071250915527e-01
-5.655749142169952393e-02
6.731656193733215332e-01
4.391801655292510986e-01
-3.582862392067909241e-02
6.583147644996643066e-01
3.911424875259399414e-01
-4.876679182052612305e-02
6.432907581329345703e-01
3.589928746223449707e-01
-5.510658025741577148e-02
6.287413239479064941e-01
3.323831558227539062e-01
-5.921026691794395447e-02
