8.512407541275024414e-01
5.123891234397888184e-01
1.919177350373502122e-07
8.119822144508361816e-01
4.937373697757720947e-01
-1.252751797437667847e-02
7.865452170372009277e-01
4.516141414642333984e-01
-2.048098668456077576e-02
7.776352167129516602e-01
4.146312177181243896e-01
-2.866957709193229675e-02
7.694919109344482422e-01
3.975827693939208984e-01
-3.749404475092887878e-02
7.957817912101745605e-01
3.703067004680633545e-01
-1.163382362574338913e-02
7.807245254516601562e-01
3.152738213539123535e-01
-2.544274926185607910e-02
7.703686356544494629e-01
2.796579003334045410e-01
-3.795063495635986328e-02
7.627312541007995605e-01
2.492357194423675537e-01
-4.727791249752044678e-02
8.199863433837890625e-01
3.597854673862457275e-01
-1.704264990985393524e-02
8.064419627189636230e-01
2.951701581478118896e-01
-2.999096550047397614e-02
7.955222129821777344e-01
2.554461061954498291e-01
-4.181436449289321899e-02
7.850968241691589355e-01
2.227444201707839966e-01
-5.040119215846061707e-02
8.460244536399841309e-01
3.618570268154144287e-01
-2.448541112244129181e-02
8.425001502037048340e-01
2.934075593948364258e-01
-3.836330398917198181e-02
8.370305895805358887e-01
2.540581226348876953e-01
-4.748005419969558716e-02
8.304358124732971191e-01
2.215220481157302856e-01
-5.363477393984794617e-02
8.729728460311889648e-01
3.757341504096984863e-01
-3.320245817303657532e-02
8.823512196540832520e-01
3.210104405879974365e-01
-4.538125172257423401e-02
8.864431977272033691e-01
2.843136191368103027e-01
-5.038879439234733582e-02
8.883332014083862305e-01
2.516182959079742432e-01
-5.368847027420997620e-02
