7.198358178138732910e-01
4.129644632339477539e-01
7.199218998721335083e-08
6.618588566780090332e-01
4.240836501121520996e-01
2.477984176948666573e-03
6.161854267120361328e-01
3.994327783584594727e-01
1.443682005628943443e-03
5.905191302299499512e-01
3.748350739479064941e-01
-3.415616229176521301e-03
5.685603618621826172e-01
3.579582273960113525e-01
-9.613746777176856995e-03
5.907679200172424316e-01
3.353614807128906250e-01
5.830707028508186340e-03
5.442352294921875000e-01
3.195919096469879150e-01
-9.078294970095157623e-03
5.114793181419372559e-01
3.203619420528411865e-01
-2.279810607433319092e-02
4.823831915855407715e-01
3.224540054798126221e-01
-3.254101052880287170e-02
6.001572608947753906e-01
3.166643679141998291e-01
-8.405210450291633606e-03
5.459859371185302734e-01
2.812867462635040283e-01
-2.213471196591854095e-02
5.059804916381835938e-01
2.618857920169830322e-01
-3.605504706501960754e-02
4.714093804359436035e-01
2.452339380979537964e-01
-4.588416963815689087e-02
6.192102432250976562e-01
3.091338872909545898e-01
-2.438703924417495728e-02
5.693360567092895508e-01
2.653886079788208008e-01
-3.960340842604637146e-02
5.321472883224487305e-01
2.431237399578094482e-01
-5.223437398672103882e-02
4.998768270015716553e-01
2.253797799348831177e-01
-6.073650717735290527e-02
6.439089179039001465e-01
3.131220936775207520e-01
-4.038604721426963806e-02
6.095486879348754883e-01
2.823003530502319336e-01
-5.337677150964736938e-02
5.825668573379516602e-01
2.656743228435516357e-01
-5.925369262695312500e-02
5.575596094131469727e-01
2.524386942386627197e-01
-6.342833489179611206e-02
