9.259713292121887207e-01
5.467871427536010742e-01
2.261418217130994890e-07
8.851780891418457031e-01
5.202416181564331055e-01
-1.217319350689649582e-02
8.629740476608276367e-01
4.729930460453033447e-01
-1.797301694750785828e-02
8.584110736846923828e-01
4.288530647754669189e-01
-2.385579608380794525e-02
8.579738736152648926e-01
4.004986286163330078e-01
-2.944952249526977539e-02
8.937607407569885254e-01
4.023525118827819824e-01
-5.456834565848112106e-03
8.885853290557861328e-01
3.442221581935882568e-01
-1.654476672410964966e-02
8.857457637786865234e-01
3.076371848583221436e-01
-2.701737359166145325e-02
8.849269151687622070e-01
2.776115536689758301e-01
-3.491010889410972595e-02
9.202594161033630371e-01
3.944645226001739502e-01
-9.436953812837600708e-03
9.161632657051086426e-01
3.271476030349731445e-01
-1.906603574752807617e-02
9.109315872192382812e-01
2.837869524955749512e-01
-2.960300073027610779e-02
9.057244658470153809e-01
2.484602928161621094e-01
-3.745381534099578857e-02
9.473198056221008301e-01
3.993775546550750732e-01
-1.578423194587230682e-02
9.555932283401489258e-01
3.331513702869415283e-01
-2.723002061247825623e-02
9.571339488029479980e-01
2.917257845401763916e-01
-3.608204051852226257e-02
9.563836455345153809e-01
2.583142518997192383e-01
-4.234439507126808167e-02
9.739983081817626953e-01
4.166718423366546631e-01
-2.338418178260326385e-02
9.919498562812805176e-01
3.711172044277191162e-01
-3.374826908111572266e-02
1.000270843505859375e+00
3.400126695632934570e-01
-3.798300027847290039e-02
1.004958152770996094e+00
3.134884834289550781e-01
-4.069667309522628784e-02
