7.031098008155822754e-01
5.552913546562194824e-01
2.258799014498436009e-07
6.597125530242919922e-01
5.497835278511047363e-01
-4.869035445153713226e-03
6.279955506324768066e-01
5.166276693344116211e-01
-1.041636336594820023e-02
6.126416921615600586e-01
4.846041500568389893e-01
-1.743374019861221313e-02
5.994033217430114746e-01
4.652820229530334473e-01
-2.530801482498645782e-02
6.035473346710205078e-01
4.510368704795837402e-01
-9.426278062164783478e-03
5.704227685928344727e-01
4.024329185485839844e-01
-2.336831390857696533e-02
5.453557372093200684e-01
3.767625093460083008e-01
-3.510926663875579834e-02
5.230234861373901367e-01
3.567951917648315430e-01
-4.367655888199806213e-02
6.169859170913696289e-01
4.392464756965637207e-01
-1.868662610650062561e-02
5.800842046737670898e-01
3.862636089324951172e-01
-3.232054784893989563e-02
5.502719283103942871e-01
3.573782742023468018e-01
-4.474365338683128357e-02
5.235046148300170898e-01
3.360303640365600586e-01
-5.353315174579620361e-02
6.370753049850463867e-01
4.372411668300628662e-01
-2.896940894424915314e-02
6.066061258316040039e-01
3.770762681961059570e-01
-4.334225878119468689e-02
5.821235775947570801e-01
3.451042473316192627e-01
-5.437361821532249451e-02
5.591813921928405762e-01
3.215958476066589355e-01
-6.197567284107208252e-02
6.622015833854675293e-01
4.449653029441833496e-01
-3.964389115571975708e-02
6.493926644325256348e-01
3.944159150123596191e-01
-5.325866490602493286e-02
6.359947919845581055e-01
3.616980016231536865e-01
-5.986060947179794312e-02
6.222658157348632812e-01
3.346109390258789062e-01
-6.417424976825714111e-02
