7.013956308364868164e-01
5.587693452835083008e-01
2.238354568362410646e-07
6.588540673255920410e-01
5.543401241302490234e-01
-5.538711324334144592e-03
6.259967088699340820e-01
5.206164121627807617e-01
-1.025793328881263733e-02
6.101931929588317871e-01
4.871876537799835205e-01
-1.642929203808307648e-02
5.990351438522338867e-01
4.659961760044097900e-01
-2.320021577179431915e-02
6.008306145668029785e-01
4.595371484756469727e-01
-7.424569223076105118e-03
5.673575401306152344e-01
4.124206304550170898e-01
-2.078735455870628357e-02
5.426041483879089355e-01
3.877567946910858154e-01
-3.192117065191268921e-02
5.205284953117370605e-01
3.679314553737640381e-01
-4.007021337747573853e-02
6.127605438232421875e-01
4.467225372791290283e-01
-1.579753682017326355e-02
5.738910436630249023e-01
3.969506025314331055e-01
-2.895955555140972137e-02
5.445210933685302734e-01
3.681875765323638916e-01
-4.085888713598251343e-02
5.184558629989624023e-01
3.459839224815368652e-01
-4.911655187606811523e-02
6.318175792694091797e-01
4.431742131710052490e-01
-2.536380663514137268e-02
5.985468626022338867e-01
3.852778077125549316e-01
-3.966132551431655884e-02
5.743045806884765625e-01
3.545616865158081055e-01
-4.968050867319107056e-02
5.515229701995849609e-01
3.314972519874572754e-01
-5.632581189274787903e-02
6.563194394111633301e-01
4.490015506744384766e-01
-3.541614487767219543e-02
6.430467367172241211e-01
4.003965258598327637e-01
-4.854931682348251343e-02
6.297911405563354492e-01
3.681622743606567383e-01
-5.430186539888381958e-02
6.166042089462280273e-01
3.411657214164733887e-01
-5.786859616637229919e-02
