8.641363382339477539e-01
5.167358517646789551e-01
2.408859813840535935e-07
8.218442797660827637e-01
4.981781244277954102e-01
-1.593960449099540710e-02
7.973405122756958008e-01
4.598400890827178955e-01
-2.575817145407199860e-02
7.916280627250671387e-01
4.224684834480285645e-01
-3.509685397148132324e-02
7.862142324447631836e-01
3.999122679233551025e-01
-4.495831206440925598e-02
8.125962018966674805e-01
3.778446912765502930e-01
-1.655153557658195496e-02
8.011302351951599121e-01
3.199617266654968262e-01
-3.179003670811653137e-02
7.936174869537353516e-01
2.824646234512329102e-01
-4.506841301918029785e-02
7.878658771514892578e-01
2.513134479522705078e-01
-5.473311990499496460e-02
8.376110792160034180e-01
3.673255741596221924e-01
-2.075639553368091583e-02
8.267867565155029297e-01
3.008197844028472900e-01
-3.510501608252525330e-02
8.175866603851318359e-01
2.598232626914978027e-01
-4.782711341977119446e-02
8.083037734031677246e-01
2.260961234569549561e-01
-5.685662478208541870e-02
8.633667230606079102e-01
3.695757687091827393e-01
-2.721218951046466827e-02
8.607017993927001953e-01
3.017228245735168457e-01
-4.224921390414237976e-02
8.556711673736572266e-01
2.609641551971435547e-01
-5.241895094513893127e-02
8.497188687324523926e-01
2.272509783506393433e-01
-5.924566462635993958e-02
8.899077773094177246e-01
3.831483125686645508e-01
-3.513626381754875183e-02
8.999897241592407227e-01
3.302152752876281738e-01
-4.861940443515777588e-02
9.044864177703857422e-01
2.947168350219726562e-01
-5.441245809197425842e-02
9.069135785102844238e-01
2.630995512008666992e-01
-5.807590112090110779e-02
