7.852479815483093262e-01
5.177521705627441406e-01
1.751538434291433077e-07
7.458576560020446777e-01
5.149586200714111328e-01
-5.936265457421541214e-03
7.173383831977844238e-01
4.827005565166473389e-01
-9.450530633330345154e-03
7.037386298179626465e-01
4.496719837188720703e-01
-1.376957073807716370e-02
6.911342740058898926e-01
4.234394431114196777e-01
-1.831787079572677612e-02
7.074590325355529785e-01
4.072670638561248779e-01
-1.933829276822507381e-03
6.859322190284729004e-01
3.609917163848876953e-01
-1.106515899300575256e-02
6.697558164596557617e-01
3.330618739128112793e-01
-2.004653774201869965e-02
6.552345752716064453e-01
3.092272877693176270e-01
-2.701437659561634064e-02
7.239552736282348633e-01
3.913775980472564697e-01
-8.056640625000000000e-03
7.009668946266174316e-01
3.413699269294738770e-01
-1.646266318857669830e-02
6.804956793785095215e-01
3.113943338394165039e-01
-2.644774690270423889e-02
6.612455844879150391e-01
2.854787111282348633e-01
-3.398375958204269409e-02
7.443782687187194824e-01
3.854987025260925293e-01
-1.567904651165008545e-02
7.258613705635070801e-01
3.290182054042816162e-01
-2.593574859201908112e-02
7.091158628463745117e-01
2.960826158523559570e-01
-3.438671305775642395e-02
6.926512122154235840e-01
2.681414484977722168e-01
-4.028776660561561584e-02
7.671540975570678711e-01
3.892965316772460938e-01
-2.395061217248439789e-02
7.590768933296203613e-01
3.419451415538787842e-01
-3.371043130755424500e-02
7.507172822952270508e-01
3.100996613502502441e-01
-3.819950670003890991e-02
7.414885759353637695e-01
2.825182378292083740e-01
-4.110003635287284851e-02
