5.933106541633605957e-01
7.203791737556457520e-01
2.648448855779861333e-07
6.467049121856689453e-01
6.954106092453002930e-01
-8.361731655895709991e-03
6.748919486999511719e-01
6.423160433769226074e-01
-5.902431905269622803e-03
6.822481155395507812e-01
5.903953313827514648e-01
-4.249458201229572296e-03
6.972564458847045898e-01
5.687568783760070801e-01
-3.051888896152377129e-03
6.459720730781555176e-01
5.323043465614318848e-01
9.202169254422187805e-03
6.554753780364990234e-01
4.535103738307952881e-01
4.700500518083572388e-03
6.575096845626831055e-01
4.031805396080017090e-01
-2.353765303269028664e-03
6.574327945709228516e-01
3.576046228408813477e-01
-8.209726773202419281e-03
6.210901141166687012e-01
5.221438407897949219e-01
7.253578398376703262e-03
6.318977475166320801e-01
4.341322183609008789e-01
2.954567549750208855e-03
6.362011432647705078e-01
3.749108612537384033e-01
-6.005454808473587036e-03
6.391367912292480469e-01
3.241275548934936523e-01
-1.281401142477989197e-02
5.965238809585571289e-01
5.247927904129028320e-01
2.872013719752430916e-03
6.027290821075439453e-01
4.420251250267028809e-01
-3.737496910616755486e-03
6.071007847785949707e-01
3.907672762870788574e-01
-1.215155422687530518e-02
6.106237769126892090e-01
3.453882932662963867e-01
-1.765741594135761261e-02
5.684669017791748047e-01
5.392401814460754395e-01
-2.612445503473281860e-03
5.723272562026977539e-01
4.732563197612762451e-01
-9.075530804693698883e-03
5.776778459548950195e-01
4.339637160301208496e-01
-1.238889433443546295e-02
5.843436121940612793e-01
3.960905671119689941e-01
-1.444162987172603607e-02
