7.210043668746948242e-01
5.671730637550354004e-01
1.896050889627076685e-07
6.796329021453857422e-01
5.599536895751953125e-01
-2.198657952249050140e-03
6.474857330322265625e-01
5.225316882133483887e-01
-4.665290005505084991e-03
6.322804689407348633e-01
4.895161688327789307e-01
-8.909481577575206757e-03
6.202642917633056641e-01
4.678157269954681396e-01
-1.404003798961639404e-02
6.286758780479431152e-01
4.573834240436553955e-01
-5.469634663313627243e-03
5.969972610473632812e-01
4.094188809394836426e-01
-1.708375848829746246e-02
5.731700658798217773e-01
3.838232755661010742e-01
-2.647825330495834351e-02
5.523149967193603516e-01
3.632593154907226562e-01
-3.348610550165176392e-02
6.428169608116149902e-01
4.469880461692810059e-01
-1.515699736773967743e-02
6.048626303672790527e-01
3.952203392982482910e-01
-2.751203626394271851e-02
5.758364200592041016e-01
3.652494549751281738e-01
-3.889009356498718262e-02
5.496811270713806152e-01
3.426691889762878418e-01
-4.656888172030448914e-02
6.637958288192749023e-01
4.470460712909698486e-01
-2.564209885895252228e-02
6.353418827056884766e-01
3.886556625366210938e-01
-4.029931500554084778e-02
6.119487285614013672e-01
3.572492003440856934e-01
-5.152888223528862000e-02
5.886815786361694336e-01
3.333334028720855713e-01
-5.874614790081977844e-02
6.891998052597045898e-01
4.575650990009307861e-01
-3.604816272854804993e-02
6.803213357925415039e-01
4.097878038883209229e-01
-5.029075965285301208e-02
6.690591573715209961e-01
3.783818185329437256e-01
-5.728703364729881287e-02
6.565775871276855469e-01
3.521919846534729004e-01
-6.154773011803627014e-02
