8.094748258590698242e-01
5.047247409820556641e-01
2.784735215755063109e-07
7.699752449989318848e-01
4.875427782535552979e-01
-1.392045058310031891e-02
7.449235320091247559e-01
4.407795667648315430e-01
-2.199915423989295959e-02
7.342158555984497070e-01
3.993026614189147949e-01
-2.963177114725112915e-02
7.204673886299133301e-01
3.708050251007080078e-01
-3.775978833436965942e-02
7.460554242134094238e-01
3.615624904632568359e-01
-1.632074639201164246e-02
7.237726449966430664e-01
3.001803159713745117e-01
-3.195866197347640991e-02
7.078914046287536621e-01
2.611790001392364502e-01
-4.464889317750930786e-02
6.947805285453796387e-01
2.285725474357604980e-01
-5.372941866517066956e-02
7.678879499435424805e-01
3.512699007987976074e-01
-2.097074128687381744e-02
7.481479048728942871e-01
2.846057415008544922e-01
-3.530903533101081848e-02
7.309444546699523926e-01
2.429288923740386963e-01
-4.824057966470718384e-02
7.148441672325134277e-01
2.092110365629196167e-01
-5.744056031107902527e-02
7.913483977317810059e-01
3.527370691299438477e-01
-2.745141275227069855e-02
7.825539112091064453e-01
2.865341007709503174e-01
-4.254677891731262207e-02
7.705149650573730469e-01
2.435089945793151855e-01
-5.326849967241287231e-02
7.572190761566162109e-01
2.077064812183380127e-01
-6.065571680665016174e-02
8.154532313346862793e-01
3.664568662643432617e-01
-3.513876721262931824e-02
8.223286271095275879e-01
3.128293156623840332e-01
-4.964968189597129822e-02
8.232586383819580078e-01
2.742447853088378906e-01
-5.654161795973777771e-02
8.211478590965270996e-01
2.409308105707168579e-01
-6.092094257473945618e-02
