7.025789618492126465e-01
5.849558711051940918e-01
1.763070116567178047e-07
6.587964296340942383e-01
5.782837271690368652e-01
-3.672190243378281593e-03
6.257278323173522949e-01
5.447348952293395996e-01
-8.339544758200645447e-03
6.095467209815979004e-01
5.116890668869018555e-01
-1.451947726309299469e-02
5.963086485862731934e-01
4.886546432971954346e-01
-2.139373123645782471e-02
5.982425808906555176e-01
4.853850901126861572e-01
-8.817366324365139008e-03
5.621089935302734375e-01
4.431729614734649658e-01
-2.359892800450325012e-02
5.336272120475769043e-01
4.272686243057250977e-01
-3.542383015155792236e-02
5.074898004531860352e-01
4.186084866523742676e-01
-4.376820847392082214e-02
6.093581914901733398e-01
4.763694405555725098e-01
-1.866333931684494019e-02
5.689027309417724609e-01
4.296410381793975830e-01
-3.276431560516357422e-02
5.362467765808105469e-01
4.084958136081695557e-01
-4.469803720712661743e-02
5.064373016357421875e-01
3.957071900367736816e-01
-5.281222611665725708e-02
6.291519403457641602e-01
4.771173000335693359e-01
-2.950868569314479828e-02
5.952588319778442383e-01
4.239390790462493896e-01
-4.447172209620475769e-02
5.688727498054504395e-01
3.980716764926910400e-01
-5.492038279771804810e-02
5.431299209594726562e-01
3.803527355194091797e-01
-6.202206015586853027e-02
6.550051569938659668e-01
4.868083000183105469e-01
-4.057179763913154602e-02
6.413294672966003418e-01
4.424570798873901367e-01
-5.480695888400077820e-02
6.263108253479003906e-01
4.144337773323059082e-01
-6.135446205735206604e-02
6.107630729675292969e-01
3.914805650711059570e-01
-6.555644422769546509e-02
