5.798063874244689941e-01
8.054251074790954590e-01
2.915582797413662774e-07
6.254507899284362793e-01
7.701670527458190918e-01
-1.508852001279592514e-02
6.561931371688842773e-01
6.985861659049987793e-01
-1.717313006520271301e-02
6.522732377052307129e-01
6.324007511138916016e-01
-1.891977153718471527e-02
6.264902949333190918e-01
6.043658852577209473e-01
-2.098004706203937531e-02
6.505316495895385742e-01
6.198219656944274902e-01
1.335598994046449661e-03
6.681293249130249023e-01
5.550429224967956543e-01
-8.279627189040184021e-03
6.770917177200317383e-01
5.105540156364440918e-01
-1.911535859107971191e-02
6.841695308685302734e-01
4.695834517478942871e-01
-2.792596071958541870e-02
6.273958683013916016e-01
6.038706302642822266e-01
-5.732254940085113049e-04
6.457483172416687012e-01
5.337668657302856445e-01
-9.532579220831394196e-03
6.575231552124023438e-01
4.846264123916625977e-01
-2.034183219075202942e-02
6.678761839866638184e-01
4.403440952301025391e-01
-2.867438830435276031e-02
6.018221974372863770e-01
6.049775481224060059e-01
-5.950792226940393448e-03
6.158270835876464844e-01
5.365923643112182617e-01
-1.753471978008747101e-02
6.289586424827575684e-01
4.909877777099609375e-01
-2.800698578357696533e-02
6.408144831657409668e-01
4.497439861297607422e-01
-3.497710824012756348e-02
5.718353986740112305e-01
6.162748336791992188e-01
-1.314932201057672501e-02
5.823163986206054688e-01
5.577831268310546875e-01
-2.398056164383888245e-02
5.938670635223388672e-01
5.221539139747619629e-01
-3.012240305542945862e-02
6.069688200950622559e-01
4.879434406757354736e-01
-3.479937091469764709e-02
