7.717619538307189941e-01
5.303032398223876953e-01
2.898322293276578421e-07
7.247008681297302246e-01
5.297957658767700195e-01
-1.416393741965293884e-02
6.870420575141906738e-01
5.005775690078735352e-01
-2.262674458324909210e-02
6.685209870338439941e-01
4.665628373622894287e-01
-3.088863939046859741e-02
6.547828912734985352e-01
4.402497410774230957e-01
-3.913072869181632996e-02
6.821081042289733887e-01
4.055293202400207520e-01
-1.126318424940109253e-02
6.572836041450500488e-01
3.498082160949707031e-01
-2.468048781156539917e-02
6.393591165542602539e-01
3.160487413406372070e-01
-3.675753995776176453e-02
6.237002611160278320e-01
2.871552407741546631e-01
-4.568957909941673279e-02
7.038143277168273926e-01
3.859864473342895508e-01
-1.600532792508602142e-02
6.756927967071533203e-01
3.238767087459564209e-01
-2.850785106420516968e-02
6.513382196426391602e-01
2.855109870433807373e-01
-4.101418331265449524e-02
6.294771432876586914e-01
2.545652389526367188e-01
-5.012407526373863220e-02
7.293499112129211426e-01
3.794161081314086914e-01
-2.307163365185260773e-02
7.108593583106994629e-01
3.091774582862854004e-01
-3.747127577662467957e-02
6.940387487411499023e-01
2.691303193569183350e-01
-4.865918308496475220e-02
6.780160665512084961e-01
2.365207374095916748e-01
-5.620665475726127625e-02
7.569791078567504883e-01
3.856900930404663086e-01
-3.141836449503898621e-02
7.554222345352172852e-01
3.283401429653167725e-01
-4.518691822886466980e-02
7.518330216407775879e-01
2.898344993591308594e-01
-5.205987021327018738e-02
7.470055818557739258e-01
2.563669681549072266e-01
-5.634455382823944092e-02
