7.621097564697265625e-01
5.353132486343383789e-01
2.672865377917332808e-07
7.189548611640930176e-01
5.273036360740661621e-01
-1.061992626637220383e-02
6.886953115463256836e-01
4.897086024284362793e-01
-1.731116883456707001e-02
6.790512800216674805e-01
4.499914348125457764e-01
-2.419202774763107300e-02
6.680382490158081055e-01
4.220185279846191406e-01
-3.151685744524002075e-02
6.763030886650085449e-01
4.094976782798767090e-01
-1.265003811568021774e-02
6.503767371177673340e-01
3.532884716987609863e-01
-2.621567621827125549e-02
6.321990489959716797e-01
3.191817104816436768e-01
-3.769820928573608398e-02
6.158864498138427734e-01
2.904819846153259277e-01
-4.641086235642433167e-02
6.968466639518737793e-01
3.971370160579681396e-01
-1.936473324894905090e-02
6.684844493865966797e-01
3.363120555877685547e-01
-3.300134837627410889e-02
6.450612545013427734e-01
2.993634641170501709e-01
-4.591432586312294006e-02
6.229548454284667969e-01
2.701055407524108887e-01
-5.518642812967300415e-02
7.213998436927795410e-01
3.979653716087341309e-01
-2.769672684371471405e-02
7.015479803085327148e-01
3.327984213829040527e-01
-4.306005686521530151e-02
6.830027699470520020e-01
2.951608300209045410e-01
-5.494790151715278625e-02
6.634955406188964844e-01
2.648104429244995117e-01
-6.309811770915985107e-02
7.485089302062988281e-01
4.109297990798950195e-01
-3.681275993585586548e-02
7.468020319938659668e-01
3.581611514091491699e-01
-5.186441168189048767e-02
7.399675250053405762e-01
3.223254680633544922e-01
-5.977439135313034058e-02
7.309197783470153809e-01
2.913650572299957275e-01
-6.489019095897674561e-02
