2.644218206405639648e-01
5.351910591125488281e-01
1.848020616534995497e-07
3.054639697074890137e-01
5.636104345321655273e-01
-3.186235204339027405e-03
3.501088023185729980e-01
5.588399171829223633e-01
-4.430263303220272064e-03
3.778793811798095703e-01
5.512684583663940430e-01
-7.617317605763673782e-03
4.007630050182342529e-01
5.443066358566284180e-01
-1.207832526415586472e-02
3.893588781356811523e-01
4.938341677188873291e-01
-3.077675821259617805e-03
4.341561496257781982e-01
4.664539694786071777e-01
-1.580716669559478760e-02
4.637919068336486816e-01
4.516628384590148926e-01
-2.649564668536186218e-02
4.893484711647033691e-01
4.380163252353668213e-01
-3.421122580766677856e-02
3.806369006633758545e-01
4.762053489685058594e-01
-1.171023678034543991e-02
4.303825795650482178e-01
4.493280649185180664e-01
-2.390359155833721161e-02
4.642344713211059570e-01
4.329711794853210449e-01
-3.459965810179710388e-02
4.938536286354064941e-01
4.171725809574127197e-01
-4.227419942617416382e-02
3.646168410778045654e-01
4.630153179168701172e-01
-2.190730348229408264e-02
4.125213027000427246e-01
4.347095787525177002e-01
-3.452331945300102234e-02
4.442547857761383057e-01
4.189099669456481934e-01
-4.320711642503738403e-02
4.718495011329650879e-01
4.038091599941253662e-01
-4.891472309827804565e-02
3.411478102207183838e-01
4.524253010749816895e-01
-3.262892737984657288e-02
3.757542371749877930e-01
4.267434477806091309e-01
-4.513799026608467102e-02
4.013758897781372070e-01
4.128512740135192871e-01
-5.084828287363052368e-02
4.250888228416442871e-01
3.999037742614746094e-01
-5.440597981214523315e-02
