7.793001532554626465e-01
5.207334756851196289e-01
2.081436178968942841e-07
7.384480237960815430e-01
5.080485343933105469e-01
-9.297518990933895111e-03
7.125221490859985352e-01
4.665821492671966553e-01
-1.439713779836893082e-02
7.019596695899963379e-01
4.297520220279693604e-01
-2.012705430388450623e-02
6.890766024589538574e-01
4.036811590194702148e-01
-2.616238594055175781e-02
7.082079052925109863e-01
3.880382180213928223e-01
-6.243863143026828766e-03
6.853364706039428711e-01
3.336580097675323486e-01
-1.806079596281051636e-02
6.676255464553833008e-01
2.995589971542358398e-01
-2.879101596772670746e-02
6.522076725959777832e-01
2.707787454128265381e-01
-3.686512634158134460e-02
7.263543605804443359e-01
3.757548630237579346e-01
-1.255579292774200439e-02
6.988872289657592773e-01
3.157799541950225830e-01
-2.409979887306690216e-02
6.755189895629882812e-01
2.782392501831054688e-01
-3.597500920295715332e-02
6.541690230369567871e-01
2.484889179468154907e-01
-4.453116655349731445e-02
7.483787536621093750e-01
3.760558962821960449e-01
-2.068039961159229279e-02
7.313688993453979492e-01
3.093342483043670654e-01
-3.456768766045570374e-02
7.151122689247131348e-01
2.703086137771606445e-01
-4.548469558358192444e-02
6.978958249092102051e-01
2.385889887809753418e-01
-5.282036215066909790e-02
7.723338603973388672e-01
3.891292810440063477e-01
-2.960156835615634918e-02
7.739461660385131836e-01
3.366966545581817627e-01
-4.275194928050041199e-02
7.709009051322937012e-01
2.998458743095397949e-01
-4.951722174882888794e-02
7.652667164802551270e-01
2.675238847732543945e-01
-5.389150977134704590e-02
