7.388678789138793945e-01
5.278196334838867188e-01
2.830910830198263284e-07
6.971083879470825195e-01
5.288975238800048828e-01
-1.317652221769094467e-02
6.624755263328552246e-01
4.978410005569458008e-01
-2.198030240833759308e-02
6.448495388031005859e-01
4.652338624000549316e-01
-3.053075261414051056e-02
6.279183626174926758e-01
4.468302428722381592e-01
-3.975081443786621094e-02
6.416438221931457520e-01
4.251096248626708984e-01
-1.800381205976009369e-02
6.103854179382324219e-01
3.750524818897247314e-01
-3.449530526995658875e-02
5.885197520256042480e-01
3.433937430381774902e-01
-4.787730053067207336e-02
5.713841915130615234e-01
3.169188797473907471e-01
-5.739018321037292480e-02
6.598812341690063477e-01
4.088781476020812988e-01
-2.389449067413806915e-02
6.260781288146972656e-01
3.543418645858764648e-01
-4.026141762733459473e-02
6.001702547073364258e-01
3.199548721313476562e-01
-5.408827587962150574e-02
5.776712894439697266e-01
2.919286489486694336e-01
-6.358429789543151855e-02
6.843527555465698242e-01
4.031094014644622803e-01
-3.154140338301658630e-02
6.578881740570068359e-01
3.416521251201629639e-01
-4.848718270659446716e-02
6.375073790550231934e-01
3.065970838069915771e-01
-6.059727817773818970e-02
6.185041069984436035e-01
2.782867848873138428e-01
-6.870239228010177612e-02
7.133115530014038086e-01
4.089229702949523926e-01
-4.019143804907798767e-02
7.062241435050964355e-01
3.550587892532348633e-01
-5.666513368487358093e-02
6.982481479644775391e-01
3.186253905296325684e-01
-6.496681272983551025e-02
6.889454126358032227e-01
2.870159149169921875e-01
-7.015205174684524536e-02
