6.947653293609619141e-01
5.612503290176391602e-01
1.732093295458980720e-07
6.519571542739868164e-01
5.578849911689758301e-01
-2.950150752440094948e-03
6.187343001365661621e-01
5.270082354545593262e-01
-6.863435264676809311e-03
6.005496978759765625e-01
4.983039796352386475e-01
-1.277859043329954147e-02
5.859825015068054199e-01
4.773053824901580811e-01
-1.943138800561428070e-02
5.913301706314086914e-01
4.730681180953979492e-01
-3.950700629502534866e-03
5.548371076583862305e-01
4.346962273120880127e-01
-1.697757467627525330e-02
5.268261432647705078e-01
4.188914000988006592e-01
-2.801303938031196594e-02
5.021251440048217773e-01
4.088096916675567627e-01
-3.598076850175857544e-02
6.003205776214599609e-01
4.622488617897033691e-01
-1.356983929872512817e-02
5.591588020324707031e-01
4.177109897136688232e-01
-2.628279477357864380e-02
5.271339416503906250e-01
3.958143591880798340e-01
-3.795323520898818970e-02
4.984588027000427246e-01
3.808375000953674316e-01
-4.604208469390869141e-02
6.178140044212341309e-01
4.587148129940032959e-01
-2.437680587172508240e-02
5.805540084838867188e-01
4.070937037467956543e-01
-3.810173645615577698e-02
5.532912015914916992e-01
3.798781633377075195e-01
-4.812156036496162415e-02
5.279461741447448730e-01
3.598485589027404785e-01
-5.487467721104621887e-02
6.412521004676818848e-01
4.628276526927947998e-01
-3.548698872327804565e-02
6.226379871368408203e-01
4.188575446605682373e-01
-4.786970466375350952e-02
6.060686707496643066e-01
3.906724452972412109e-01
-5.329175293445587158e-02
5.900379419326782227e-01
3.670501112937927246e-01
-5.683891475200653076e-02
