4.981302320957183838e-01
8.454873561859130859e-01
2.708677016016736161e-07
4.721373915672302246e-01
8.135372400283813477e-01
-2.778667397797107697e-02
4.552115201950073242e-01
7.806360125541687012e-01
-4.984607920050621033e-02
4.379595220088958740e-01
7.646859884262084961e-01
-6.780190765857696533e-02
4.139127731323242188e-01
7.621996402740478516e-01
-8.700173348188400269e-02
4.952781200408935547e-01
8.001067638397216797e-01
-5.700406059622764587e-02
5.103659629821777344e-01
7.837023735046386719e-01
-7.705580443143844604e-02
5.233561396598815918e-01
7.646845579147338867e-01
-9.022244811058044434e-02
5.379006862640380859e-01
7.466104626655578613e-01
-9.982141852378845215e-02
5.260615348815917969e-01
8.102452754974365234e-01
-5.412820354104042053e-02
5.531263947486877441e-01
7.792542576789855957e-01
-7.107006758451461792e-02
5.735675692558288574e-01
7.498942613601684570e-01
-8.012653887271881104e-02
5.913239717483520508e-01
7.263982892036437988e-01
-8.898282796144485474e-02
5.489479303359985352e-01
8.171432018280029297e-01
-5.174150317907333374e-02
5.787385702133178711e-01
7.865152955055236816e-01
-6.675549596548080444e-02
5.988236665725708008e-01
7.607195973396301270e-01
-7.568454742431640625e-02
6.159262657165527344e-01
7.381728887557983398e-01
-8.286461979150772095e-02
5.636711716651916504e-01
8.233738541603088379e-01
-5.117136612534523010e-02
5.932646989822387695e-01
8.031374216079711914e-01
-6.158912926912307739e-02
6.128305196762084961e-01
7.874107360839843750e-01
-6.650125235319137573e-02
6.288264989852905273e-01
7.735407352447509766e-01
-7.182496786117553711e-02
