7.857124805450439453e-01
4.053478538990020752e-01
5.383159518146385381e-08
7.931949496269226074e-01
3.444781601428985596e-01
6.919924169778823853e-03
7.863035202026367188e-01
2.830228507518768311e-01
3.574753180146217346e-03
7.834257483482360840e-01
2.337806224822998047e-01
-1.433708472177386284e-03
7.934384942054748535e-01
2.008458673954010010e-01
-9.103754535317420959e-03
7.601416707038879395e-01
2.627525329589843750e-01
-1.947848312556743622e-02
7.166447639465332031e-01
2.063681483268737793e-01
-3.075900115072727203e-02
6.874180436134338379e-01
1.777378320693969727e-01
-3.606085479259490967e-02
6.634912490844726562e-01
1.575497090816497803e-01
-3.964370489120483398e-02
7.458888292312622070e-01
2.843431532382965088e-01
-3.064741753041744232e-02
6.929492354393005371e-01
2.237201333045959473e-01
-4.205142334103584290e-02
6.587133407592773438e-01
1.925013363361358643e-01
-4.745202511548995972e-02
6.318153738975524902e-01
1.708407253026962280e-01
-5.142644047737121582e-02
7.307175993919372559e-01
3.151827454566955566e-01
-3.978135064244270325e-02
6.796022057533264160e-01
2.590861618518829346e-01
-5.046210438013076782e-02
6.473643779754638672e-01
2.316863089799880981e-01
-5.558963865041732788e-02
6.218070387840270996e-01
2.118617892265319824e-01
-5.929647386074066162e-02
7.156835198402404785e-01
3.519381284713745117e-01
-4.726044461131095886e-02
6.751236319541931152e-01
3.171008527278900146e-01
-5.902598053216934204e-02
6.502000093460083008e-01
3.015221953392028809e-01
-6.285817921161651611e-02
6.277818083763122559e-01
2.883971631526947021e-01
-6.459937244653701782e-02
