5.692076086997985840e-01
7.377869486808776855e-01
-3.575285916213033488e-07
4.910414218902587891e-01
8.198856115341186523e-01
-8.511704206466674805e-02
4.100973606109619141e-01
8.558676242828369141e-01
-1.590115725994110107e-01
3.333404064178466797e-01
8.487038612365722656e-01
-2.097766846418380737e-01
2.587031722068786621e-01
8.791247010231018066e-01
-2.573734521865844727e-01
4.845906198024749756e-01
8.689376711845397949e-01
-2.517200708389282227e-01
4.454353153705596924e-01
9.001348018646240234e-01
-3.393345475196838379e-01
4.652653634548187256e-01
9.113383293151855469e-01
-3.663703203201293945e-01
4.855912923812866211e-01
9.034467935562133789e-01
-3.716360032558441162e-01
5.301140546798706055e-01
7.742362022399902344e-01
-2.303626537322998047e-01
4.697096347808837891e-01
8.080762624740600586e-01
-3.124397695064544678e-01
5.016839504241943359e-01
8.273702263832092285e-01
-3.102900385856628418e-01
5.377579927444458008e-01
8.218150138854980469e-01
-3.045574128627777100e-01
5.471063852310180664e-01
6.650621891021728516e-01
-2.054876089096069336e-01
4.645142555236816406e-01
7.066548466682434082e-01
-2.741654813289642334e-01
4.798066020011901855e-01
7.406859397888183594e-01
-2.527126967906951904e-01
5.114215612411499023e-01
7.479229569435119629e-01
-2.322022914886474609e-01
5.390176177024841309e-01
5.580905675888061523e-01
-1.833330690860748291e-01
4.584024548530578613e-01
5.761114358901977539e-01
-2.213280498981475830e-01
4.719230830669403076e-01
6.226244568824768066e-01
-2.008386552333831787e-01
5.056771039962768555e-01
6.435451507568359375e-01
-1.826834082603454590e-01
