7.542791366577148438e-01
4.482387602329254150e-01
1.926835011545335874e-07
7.722106575965881348e-01
3.827728629112243652e-01
-1.990871736779808998e-03
7.690982222557067871e-01
3.145878314971923828e-01
-8.314478211104869843e-03
7.678962349891662598e-01
2.595916390419006348e-01
-1.428695674985647202e-02
7.796597480773925781e-01
2.237865328788757324e-01
-2.187407389283180237e-02
7.275271415710449219e-01
2.952450513839721680e-01
-2.441601455211639404e-02
6.844834089279174805e-01
2.411921620368957520e-01
-3.325443714857101440e-02
6.554129719734191895e-01
2.118796110153198242e-01
-3.759687766432762146e-02
6.317108273506164551e-01
1.917597353458404541e-01
-4.063994437456130981e-02
7.012067437171936035e-01
3.204588890075683594e-01
-2.911414392292499542e-02
6.541250348091125488e-01
2.626509964466094971e-01
-3.621749207377433777e-02
6.241151094436645508e-01
2.329354286193847656e-01
-3.926482424139976501e-02
6.013944745063781738e-01
2.136460542678833008e-01
-4.189421236515045166e-02
6.788794398307800293e-01
3.517462909221649170e-01
-3.216129541397094727e-02
6.353168487548828125e-01
3.005003333091735840e-01
-3.616245090961456299e-02
6.083824634552001953e-01
2.741021513938903809e-01
-3.808813169598579407e-02
5.893145799636840820e-01
2.574070394039154053e-01
-4.058947414159774780e-02
6.613730192184448242e-01
3.860700130462646484e-01
-3.489085659384727478e-02
6.243718266487121582e-01
3.569605052471160889e-01
-3.876379877328872681e-02
6.019937992095947266e-01
3.400870263576507568e-01
-3.901809826493263245e-02
5.850305557250976562e-01
3.260674476623535156e-01
-3.876881301403045654e-02
