7.919509410858154297e-01
4.244854152202606201e-01
-3.050223540412844159e-07
7.897006273269653320e-01
3.649996519088745117e-01
1.348330732434988022e-02
7.764093875885009766e-01
3.044685125350952148e-01
1.580328866839408875e-02
7.658120393753051758e-01
2.594678997993469238e-01
1.481204479932785034e-02
7.685391306877136230e-01
2.256015688180923462e-01
1.381463557481765747e-02
7.611359953880310059e-01
2.746475338935852051e-01
-2.556660678237676620e-03
7.095413208007812500e-01
2.341882884502410889e-01
-8.593887090682983398e-03
6.993386149406433105e-01
2.562699019908905029e-01
-8.219051174819469452e-03
7.078794836997985840e-01
2.755232155323028564e-01
-6.712011061608791351e-03
7.490313649177551270e-01
2.962554991245269775e-01
-1.268327515572309494e-02
6.914036273956298828e-01
2.631554305553436279e-01
-1.993381232023239136e-02
6.899173855781555176e-01
2.858713269233703613e-01
-1.546737086027860641e-02
7.049325704574584961e-01
3.006751835346221924e-01
-1.122242584824562073e-02
7.343752980232238770e-01
3.235953748226165771e-01
-2.134826779365539551e-02
6.815873980522155762e-01
2.945328652858734131e-01
-2.696584910154342651e-02
6.852785944938659668e-01
3.151732385158538818e-01
-1.727050542831420898e-02
7.010846138000488281e-01
3.285152614116668701e-01
-9.882279671728610992e-03
7.190561294555664062e-01
3.550893664360046387e-01
-2.868303470313549042e-02
6.779189109802246094e-01
3.296236395835876465e-01
-3.282820433378219604e-02
6.815969347953796387e-01
3.421517014503479004e-01
-2.569100446999073029e-02
6.943308711051940918e-01
3.536316156387329102e-01
-1.905463077127933502e-02
