7.918928265571594238e-01
4.251703619956970215e-01
-3.090925986271031434e-07
7.895891666412353516e-01
3.650205433368682861e-01
1.380885764956474304e-02
7.763106226921081543e-01
3.044293820858001709e-01
1.624781265854835510e-02
7.658656835556030273e-01
2.593189775943756104e-01
1.525712944567203522e-02
7.685089111328125000e-01
2.254531383514404297e-01
1.427225023508071899e-02
7.609343528747558594e-01
2.748872339725494385e-01
-2.008212497457861900e-03
7.093734741210937500e-01
2.341239154338836670e-01
-7.886522449553012848e-03
6.990941762924194336e-01
2.565278112888336182e-01
-7.460193242877721786e-03
7.076009511947631836e-01
2.758705019950866699e-01
-6.001190748065710068e-03
7.490913271903991699e-01
2.959598302841186523e-01
-1.233986299484968185e-02
6.912853717803955078e-01
2.629194855690002441e-01
-1.937204599380493164e-02
6.896564364433288574e-01
2.857843041419982910e-01
-1.485648192465305328e-02
7.048449516296386719e-01
3.005475103855133057e-01
-1.068332046270370483e-02
7.345786690711975098e-01
3.229238688945770264e-01
-2.122697047889232635e-02
6.814032793045043945e-01
2.939485013484954834e-01
-2.662072703242301941e-02
6.850954294204711914e-01
3.148716092109680176e-01
-1.691433973610401154e-02
7.012032866477966309e-01
3.280902802944183350e-01
-9.661863557994365692e-03
7.193887829780578613e-01
3.540585637092590332e-01
-2.878655120730400085e-02
6.778174638748168945e-01
3.288031220436096191e-01
-3.290319815278053284e-02
6.815221309661865234e-01
3.418747782707214355e-01
-2.584597468376159668e-02
6.945516467094421387e-01
3.535808324813842773e-01
-1.933996006846427917e-02
