7.251163721084594727e-01
4.840857982635498047e-01
2.447863209908973658e-07
7.406334280967712402e-01
4.214780628681182861e-01
-6.677826866507530212e-03
7.371503114700317383e-01
3.549919426441192627e-01
-1.402947213500738144e-02
7.358559370040893555e-01
3.019148111343383789e-01
-2.063442021608352661e-02
7.480189204216003418e-01
2.678133845329284668e-01
-2.832399308681488037e-02
6.915107369422912598e-01
3.455531299114227295e-01
-2.223527058959007263e-02
6.495609283447265625e-01
2.985001206398010254e-01
-3.126027062535285950e-02
6.205261945724487305e-01
2.726467549800872803e-01
-3.648370876908302307e-02
5.983972549438476562e-01
2.549030184745788574e-01
-3.998905420303344727e-02
6.665753722190856934e-01
3.716574609279632568e-01
-2.468553744256496429e-02
6.240024566650390625e-01
3.200725018978118896e-01
-3.154757991433143616e-02
5.964564085006713867e-01
2.906700968742370605e-01
-3.541242331266403198e-02
5.763778686523437500e-01
2.693463563919067383e-01
-3.863247856497764587e-02
6.462700366973876953e-01
4.018174707889556885e-01
-2.647564001381397247e-02
6.079437732696533203e-01
3.575972020626068115e-01
-3.062125667929649353e-02
5.844450592994689941e-01
3.326880335807800293e-01
-3.265365213155746460e-02
5.688049197196960449e-01
3.154845535755157471e-01
-3.492366150021553040e-02
6.305496692657470703e-01
4.339421689510345459e-01
-2.869542315602302551e-02
5.982407927513122559e-01
4.026094079017639160e-01
-3.186994418501853943e-02
5.789086818695068359e-01
3.831991255283355713e-01
-3.184555843472480774e-02
5.644427537918090820e-01
3.663248121738433838e-01
-3.163418918848037720e-02
