7.120177149772644043e-01
4.950842857360839844e-01
2.749414420577522833e-07
7.232863903045654297e-01
4.351031482219696045e-01
-6.077195517718791962e-03
7.168883085250854492e-01
3.718014657497406006e-01
-1.328753773123025894e-02
7.149672508239746094e-01
3.211266994476318359e-01
-2.060465514659881592e-02
7.259323596954345703e-01
2.865967452526092529e-01
-2.926564775407314301e-02
6.688833236694335938e-01
3.602421581745147705e-01
-1.768796145915985107e-02
6.276656985282897949e-01
3.148342967033386230e-01
-2.772155590355396271e-02
5.981475710868835449e-01
2.902256250381469727e-01
-3.471305221319198608e-02
5.748524069786071777e-01
2.729934453964233398e-01
-3.994716331362724304e-02
6.457130312919616699e-01
3.842996358871459961e-01
-2.222079224884510040e-02
6.000846624374389648e-01
3.344929516315460205e-01
-3.068463318049907684e-02
5.682280659675598145e-01
3.057031929492950439e-01
-3.793243691325187683e-02
5.432794690132141113e-01
2.846677303314208984e-01
-4.347784444689750671e-02
6.269669532775878906e-01
4.162064492702484131e-01
-2.635366655886173248e-02
5.833969116210937500e-01
3.712533414363861084e-01
-3.354120999574661255e-02
5.546764135360717773e-01
3.459350466728210449e-01
-4.009453207254409790e-02
5.334845781326293945e-01
3.267168998718261719e-01
-4.531761258840560913e-02
6.131671071052551270e-01
4.530401825904846191e-01
-3.059420175850391388e-02
5.799360871315002441e-01
4.281918108463287354e-01
-3.733744844794273376e-02
5.589722394943237305e-01
4.146675765514373779e-01
-3.984275832772254944e-02
5.427567362785339355e-01
4.031847715377807617e-01
-4.117205739021301270e-02
