7.767267227172851562e-01
4.298776388168334961e-01
2.791310862448881380e-07
7.935284376144409180e-01
3.714715838432312012e-01
-1.515314541757106781e-02
7.882008552551269531e-01
3.064409196376800537e-01
-2.552066743373870850e-02
7.837756872177124023e-01
2.521539628505706787e-01
-3.348976373672485352e-02
7.959311604499816895e-01
2.156280130147933960e-01
-4.183946177363395691e-02
7.376246452331542969e-01
2.949452102184295654e-01
-2.620367705821990967e-02
6.983193159103393555e-01
2.523025870323181152e-01
-3.824116662144660950e-02
6.689959168434143066e-01
2.281646728515625000e-01
-4.763848707079887390e-02
6.456434726715087891e-01
2.113878875970840454e-01
-5.407245829701423645e-02
7.120448350906372070e-01
3.220153748989105225e-01
-2.368981018662452698e-02
6.715384721755981445e-01
2.808666229248046875e-01
-3.255762159824371338e-02
6.422638893127441406e-01
2.562376856803894043e-01
-3.841879591345787048e-02
6.180583238601684570e-01
2.388912439346313477e-01
-4.284454882144927979e-02
6.934471130371093750e-01
3.508470356464385986e-01
-2.105196937918663025e-02
6.601299047470092773e-01
3.142439723014831543e-01
-2.630924060940742493e-02
6.445726156234741211e-01
2.953320443630218506e-01
-2.535861544311046600e-02
6.332735419273376465e-01
2.840566635131835938e-01
-2.482717111706733704e-02
6.815385818481445312e-01
3.796463310718536377e-01
-1.990450359880924225e-02
6.574203968048095703e-01
3.485455513000488281e-01
-2.300640568137168884e-02
6.467131376266479492e-01
3.336248695850372314e-01
-1.966821961104869843e-02
6.389605402946472168e-01
3.228826820850372314e-01
-1.627967879176139832e-02
