5.062558650970458984e-01
7.982547283172607422e-01
3.722657879734470043e-07
4.791559576988220215e-01
7.661523222923278809e-01
-2.874892763793468475e-02
4.619613885879516602e-01
7.291197776794433594e-01
-5.164822936058044434e-02
4.463868141174316406e-01
7.055687904357910156e-01
-7.009349018335342407e-02
4.256730079650878906e-01
6.925206184387207031e-01
-8.978246152400970459e-02
5.181974172592163086e-01
7.281891703605651855e-01
-5.648433417081832886e-02
5.374859571456909180e-01
7.007537484169006348e-01
-7.735613733530044556e-02
5.546448826789855957e-01
6.772604584693908691e-01
-9.135597199201583862e-02
5.711467862129211426e-01
6.560221910476684570e-01
-1.011087894439697266e-01
5.466079711914062500e-01
7.394379377365112305e-01
-5.375557392835617065e-02
5.776308178901672363e-01
6.966835260391235352e-01
-7.287446409463882446e-02
6.001074910163879395e-01
6.634708642959594727e-01
-8.375097811222076416e-02
6.193929910659790039e-01
6.353513598442077637e-01
-9.269130229949951172e-02
5.663402080535888672e-01
7.507475018501281738e-01
-5.167063698172569275e-02
5.993669033050537109e-01
7.101682424545288086e-01
-6.843880563974380493e-02
6.226447820663452148e-01
6.774362921714782715e-01
-7.932525873184204102e-02
6.425876021385192871e-01
6.484918594360351562e-01
-8.715267479419708252e-02
5.780568718910217285e-01
7.623756527900695801e-01
-5.124324560165405273e-02
6.098836064338684082e-01
7.353218793869018555e-01
-6.383586674928665161e-02
6.321344375610351562e-01
7.131416201591491699e-01
-7.065597921609878540e-02
6.513991355895996094e-01
6.923213601112365723e-01
-7.632685452699661255e-02
