5.087997317314147949e-01
8.714147806167602539e-01
4.164590734490047907e-07
4.747348725795745850e-01
8.161084651947021484e-01
-2.053952217102050781e-02
4.507495760917663574e-01
7.659630775451660156e-01
-3.353968262672424316e-02
4.296217858791351318e-01
7.380486130714416504e-01
-4.462606459856033325e-02
3.995656967163085938e-01
7.302289009094238281e-01
-5.643736943602561951e-02
4.839126765727996826e-01
7.832491397857666016e-01
-2.545472048223018646e-02
5.045605897903442383e-01
7.549274563789367676e-01
-4.335758462548255920e-02
5.209609866142272949e-01
7.259902954101562500e-01
-6.030253320932388306e-02
5.392290949821472168e-01
6.978874206542968750e-01
-7.371625304222106934e-02
5.226442217826843262e-01
8.000463247299194336e-01
-2.709027007222175598e-02
5.483704805374145508e-01
7.585670351982116699e-01
-4.204881936311721802e-02
5.667445659637451172e-01
7.207480072975158691e-01
-5.640412494540214539e-02
5.846115350723266602e-01
6.855256557464599609e-01
-6.998386234045028687e-02
5.519664883613586426e-01
8.180472254753112793e-01
-3.061068244278430939e-02
5.774871706962585449e-01
7.784616947174072266e-01
-4.893823713064193726e-02
5.968217849731445312e-01
7.438337206840515137e-01
-5.645005032420158386e-02
6.152913570404052734e-01
7.136942744255065918e-01
-6.230829283595085144e-02
5.756749510765075684e-01
8.389948606491088867e-01
-3.551469743251800537e-02
5.997993946075439453e-01
8.067359328269958496e-01
-4.787784069776535034e-02
6.164323091506958008e-01
7.812893986701965332e-01
-4.932512342929840088e-02
6.314923763275146484e-01
7.556008100509643555e-01
-5.234103649854660034e-02
