7.338144779205322266e-01
4.773946702480316162e-01
2.194990429416066036e-07
7.493706345558166504e-01
4.141517281532287598e-01
-5.183701869100332260e-03
7.467736601829528809e-01
3.454734981060028076e-01
-1.269609481096267700e-02
7.462718486785888672e-01
2.899422347545623779e-01
-1.935831643640995026e-02
7.596122622489929199e-01
2.557686567306518555e-01
-2.715318463742733002e-02
7.035403847694396973e-01
3.334685564041137695e-01
-2.409286238253116608e-02
6.605935692787170410e-01
2.838485240936279297e-01
-3.274605795741081238e-02
6.307502985000610352e-01
2.567372024059295654e-01
-3.736269846558570862e-02
6.076936125755310059e-01
2.392571270465850830e-01
-4.035827517509460449e-02
6.779962182044982910e-01
3.578585088253021240e-01
-2.661022730171680450e-02
6.358612179756164551e-01
3.027237057685852051e-01
-3.205940499901771545e-02
6.089764237403869629e-01
2.730753421783447266e-01
-3.395198658108711243e-02
5.903146266937255859e-01
2.541275918483734131e-01
-3.584220260381698608e-02
6.571378707885742188e-01
3.868623077869415283e-01
-2.805519849061965942e-02
6.196565032005310059e-01
3.400641977787017822e-01
-2.993822284042835236e-02
5.981379151344299316e-01
3.147914409637451172e-01
-2.962743490934371948e-02
5.855854153633117676e-01
2.993517518043518066e-01
-3.077049925923347473e-02
6.409463286399841309e-01
4.192411899566650391e-01
-2.983472123742103577e-02
6.091092824935913086e-01
3.895524740219116211e-01
-3.096595406532287598e-02
5.907542109489440918e-01
3.701383769512176514e-01
-2.931391075253486633e-02
5.776767134666442871e-01
3.539477288722991943e-01
-2.812896668910980225e-02
