8.023476004600524902e-01
4.064297676086425781e-01
-1.569807608348128269e-07
8.010566830635070801e-01
3.488823175430297852e-01
2.162048034369945526e-02
7.850093245506286621e-01
2.976564168930053711e-01
2.728429622948169708e-02
7.719271779060363770e-01
2.573676705360412598e-01
2.898360043764114380e-02
7.757331728935241699e-01
2.252521067857742310e-01
2.870303019881248474e-02
7.659419178962707520e-01
2.695606350898742676e-01
3.941752947866916656e-03
7.264448404312133789e-01
2.269146144390106201e-01
-3.978757740696892142e-05
7.001656293869018555e-01
2.139718383550643921e-01
-4.400906618684530258e-04
6.827325820922851562e-01
2.099777758121490479e-01
9.081804455490782857e-05
7.563018798828125000e-01
2.881582975387573242e-01
-9.120890870690345764e-03
7.111104726791381836e-01
2.437243014574050903e-01
-1.247450895607471466e-02
6.848689913749694824e-01
2.323448657989501953e-01
-1.073785219341516495e-02
6.672932505607604980e-01
2.297641038894653320e-01
-9.450961835682392120e-03
7.447605729103088379e-01
3.154349327087402344e-01
-2.002300508320331573e-02
7.008758783340454102e-01
2.761920690536499023e-01
-2.173941768705844879e-02
6.762897372245788574e-01
2.634793519973754883e-01
-1.963136717677116394e-02
6.587121486663818359e-01
2.576386928558349609e-01
-1.899200491607189178e-02
7.328464984893798828e-01
3.495595157146453857e-01
-2.858364023268222809e-02
6.957193613052368164e-01
3.229118883609771729e-01
-3.128616884350776672e-02
6.747653484344482422e-01
3.140882253646850586e-01
-3.034638427197933197e-02
6.560675501823425293e-01
3.094593882560729980e-01
-2.950970269739627838e-02
