7.056694626808166504e-01
7.021619677543640137e-01
-9.263958844485387090e-08
6.831764578819274902e-01
6.216167211532592773e-01
-7.119410671293735504e-03
6.374593377113342285e-01
5.492609143257141113e-01
-1.905122213065624237e-02
5.922006964683532715e-01
5.091743469238281250e-01
-2.957903407514095306e-02
5.582774281501770020e-01
4.745730757713317871e-01
-3.951250761747360229e-02
6.092135906219482422e-01
5.797349214553833008e-01
-4.211226478219032288e-02
5.248271822929382324e-01
5.879945755004882812e-01
-6.224252656102180481e-02
5.468059778213500977e-01
5.934963822364807129e-01
-6.943175196647644043e-02
5.802475810050964355e-01
5.927040576934814453e-01
-6.986837089061737061e-02
6.051008105278015137e-01
6.495249867439270020e-01
-4.573432356119155884e-02
5.175963640213012695e-01
6.424613595008850098e-01
-6.096673384308815002e-02
5.426182746887207031e-01
6.445640921592712402e-01
-5.971689149737358093e-02
5.752283334732055664e-01
6.505823135375976562e-01
-5.764617398381233215e-02
6.008095741271972656e-01
7.137576341629028320e-01
-4.821501672267913818e-02
5.207371115684509277e-01
6.997291445732116699e-01
-5.888345092535018921e-02
5.475599765777587891e-01
6.994025707244873047e-01
-4.519933089613914490e-02
5.788261294364929199e-01
7.032956480979919434e-01
-3.519552573561668396e-02
5.975636839866638184e-01
7.721691131591796875e-01
-5.058825016021728516e-02
5.330916643142700195e-01
7.474013566970825195e-01
-5.754511803388595581e-02
5.562158226966857910e-01
7.462949752807617188e-01
-4.489457234740257263e-02
5.822703242301940918e-01
7.522616982460021973e-01
-3.426630795001983643e-02
