5.252218246459960938e-01
8.140048384666442871e-01
2.474669713592447806e-07
5.033282041549682617e-01
7.773044109344482422e-01
-2.341014146804809570e-02
4.898329079151153564e-01
7.426252365112304688e-01
-4.233320057392120361e-02
4.729060530662536621e-01
7.269001603126525879e-01
-5.794154107570648193e-02
4.510486721992492676e-01
7.293863296508789062e-01
-7.503076642751693726e-02
5.293527245521545410e-01
7.639119625091552734e-01
-4.974669963121414185e-02
5.465235114097595215e-01
7.419696450233459473e-01
-6.733262538909912109e-02
5.618225932121276855e-01
7.219599485397338867e-01
-7.917460799217224121e-02
5.766206979751586914e-01
7.045556306838989258e-01
-8.762410283088684082e-02
5.589628815650939941e-01
7.760330438613891602e-01
-4.774048179388046265e-02
5.865337848663330078e-01
7.419874072074890137e-01
-6.271030753850936890e-02
6.072725057601928711e-01
7.125487327575683594e-01
-7.146716862916946411e-02
6.236953735351562500e-01
6.896324753761291504e-01
-7.918493449687957764e-02
5.804657936096191406e-01
7.839198112487792969e-01
-4.594470188021659851e-02
6.099157333374023438e-01
7.507970333099365234e-01
-5.913893505930900574e-02
6.305656433105468750e-01
7.220826148986816406e-01
-6.907521933317184448e-02
6.470996141433715820e-01
6.981019377708435059e-01
-7.635784894227981567e-02
5.931391119956970215e-01
7.892359495162963867e-01
-4.550883919000625610e-02
6.219006776809692383e-01
7.684877514839172363e-01
-5.563992261886596680e-02
6.421643495559692383e-01
7.517527341842651367e-01
-6.140791997313499451e-02
6.584289073944091797e-01
7.387188673019409180e-01
-6.642752140760421753e-02
