7.940344214439392090e-01
3.887149095535278320e-01
2.591810925878235139e-07
8.135131001472473145e-01
3.305466175079345703e-01
-8.606783114373683929e-03
8.135231733322143555e-01
2.726746201515197754e-01
-1.662604510784149170e-02
8.135595917701721191e-01
2.241853177547454834e-01
-2.452082186937332153e-02
8.254705667495727539e-01
1.904211342334747314e-01
-3.329708054661750793e-02
7.592847347259521484e-01
2.498847544193267822e-01
-1.900794170796871185e-02
7.273408174514770508e-01
2.021158039569854736e-01
-2.856138348579406738e-02
7.050240635871887207e-01
1.740213334560394287e-01
-3.526104241609573364e-02
6.872776150703430176e-01
1.520653814077377319e-01
-4.043242335319519043e-02
7.337423563003540039e-01
2.711077630519866943e-01
-2.170846052467823029e-02
6.970358490943908691e-01
2.216201424598693848e-01
-2.905567176640033722e-02
6.732034087181091309e-01
1.912586688995361328e-01
-3.422646597027778625e-02
6.552248001098632812e-01
1.691546142101287842e-01
-3.864727169275283813e-02
7.155444622039794922e-01
2.999340891838073730e-01
-2.453075535595417023e-02
6.786140799522399902e-01
2.587397992610931396e-01
-3.084622509777545929e-02
6.544904708862304688e-01
2.354312688112258911e-01
-3.613821417093276978e-02
6.372703313827514648e-01
2.181647717952728271e-01
-4.061876982450485229e-02
7.040985226631164551e-01
3.325397074222564697e-01
-2.794656902551651001e-02
6.715173125267028809e-01
3.100459873676300049e-01
-3.467328473925590515e-02
6.504895091056823730e-01
2.961452901363372803e-01
-3.791519999504089355e-02
6.346377730369567871e-01
2.847652137279510498e-01
-3.982076048851013184e-02
