6.626911163330078125e-01
7.566686272621154785e-01
-2.823192346568248468e-07
6.044663190841674805e-01
7.017470002174377441e-01
-3.819517418742179871e-02
4.885032773017883301e-01
6.517689824104309082e-01
-7.673588395118713379e-02
3.832355737686157227e-01
6.943582296371459961e-01
-1.019160598516464233e-01
3.142051100730895996e-01
7.819063067436218262e-01
-1.262017935514450073e-01
5.543484091758728027e-01
6.095865368843078613e-01
-1.548748910427093506e-01
4.072476029396057129e-01
6.577652096748352051e-01
-1.902009993791580200e-01
4.317321181297302246e-01
6.908656954765319824e-01
-1.889536529779434204e-01
4.819732308387756348e-01
6.912893056869506836e-01
-1.827123165130615234e-01
5.727694630622863770e-01
6.774330139160156250e-01
-1.465791314840316772e-01
4.128802120685577393e-01
7.175263166427612305e-01
-1.786582171916961670e-01
4.359773695468902588e-01
7.474830150604248047e-01
-1.669247001409530640e-01
4.878664016723632812e-01
7.418955564498901367e-01
-1.604572981595993042e-01
5.753555297851562500e-01
7.445855140686035156e-01
-1.328122913837432861e-01
4.244448542594909668e-01
7.765133380889892578e-01
-1.528640240430831909e-01
4.456909298896789551e-01
7.918478250503540039e-01
-1.291369944810867310e-01
4.965388178825378418e-01
7.815241813659667969e-01
-1.159744262695312500e-01
5.579661726951599121e-01
8.124580383300781250e-01
-1.192811504006385803e-01
4.466876685619354248e-01
8.274623155593872070e-01
-1.397451311349868774e-01
4.622431397438049316e-01
8.323748707771301270e-01
-1.296780109405517578e-01
5.056420564651489258e-01
8.247056603431701660e-01
-1.227451711893081665e-01
