6.763250827789306641e-01
7.477040290832519531e-01
-3.856950172576034674e-07
5.784693956375122070e-01
7.651501297950744629e-01
-3.339817747473716736e-02
4.579012989997863770e-01
7.937422990798950195e-01
-6.277004629373550415e-02
3.611488938331604004e-01
8.440353274345397949e-01
-8.081825822591781616e-02
2.933461666107177734e-01
8.983114361763000488e-01
-9.232152253389358521e-02
5.454486608505249023e-01
7.343404889106750488e-01
-1.178820654749870300e-01
4.020242989063262939e-01
7.523583769798278809e-01
-1.575245857238769531e-01
4.239982366561889648e-01
7.788549065589904785e-01
-1.565527319908142090e-01
4.659446179866790771e-01
7.902945876121520996e-01
-1.450625211000442505e-01
5.757685303688049316e-01
7.194314599037170410e-01
-1.093825474381446838e-01
4.171545505523681641e-01
7.447453141212463379e-01
-1.433355659246444702e-01
4.435378611087799072e-01
7.724212408065795898e-01
-1.273530125617980957e-01
4.896715879440307617e-01
7.600477337837219238e-01
-1.125789135694503784e-01
5.871872305870056152e-01
7.207662463188171387e-01
-9.890708327293395996e-02
4.306787252426147461e-01
7.526148557662963867e-01
-1.202705204486846924e-01
4.599778950214385986e-01
7.752109169960021973e-01
-8.779038488864898682e-02
5.047866106033325195e-01
7.609930038452148438e-01
-6.279408931732177734e-02
5.865808725357055664e-01
7.375898957252502441e-01
-8.922733366489410400e-02
4.567868113517761230e-01
7.719416022300720215e-01
-8.921194076538085938e-02
4.839064776897430420e-01
7.915401458740234375e-01
-6.159213185310363770e-02
5.294773578643798828e-01
7.822082042694091797e-01
-4.332697018980979919e-02
