7.792639732360839844e-01
6.632733941078186035e-01
-2.123579747603798751e-07
7.365131378173828125e-01
5.763039588928222656e-01
-1.933795399963855743e-03
6.749424338340759277e-01
5.131688117980957031e-01
-9.434703737497329712e-03
6.086705923080444336e-01
4.939754009246826172e-01
-1.729692704975605011e-02
5.613913536071777344e-01
5.110656619071960449e-01
-2.474191226065158844e-02
6.477476954460144043e-01
5.530899167060852051e-01
-3.477547690272331238e-02
5.327589511871337891e-01
5.745087862014770508e-01
-5.787087231874465942e-02
5.482609272003173828e-01
5.771691799163818359e-01
-6.669693440198898315e-02
5.847200155258178711e-01
5.718546509742736816e-01
-6.676761060953140259e-02
6.453266739845275879e-01
6.224071979522705078e-01
-4.080757871270179749e-02
5.306798219680786133e-01
6.367079019546508789e-01
-5.977141484618186951e-02
5.515332221984863281e-01
6.377968788146972656e-01
-6.148925796151161194e-02
5.923185348510742188e-01
6.357111334800720215e-01
-5.943392217159271240e-02
6.455718874931335449e-01
6.868917942047119141e-01
-4.564400762319564819e-02
5.375685691833496094e-01
6.940296888351440430e-01
-5.927109345793724060e-02
5.576089620590209961e-01
6.931318044662475586e-01
-4.901548475027084351e-02
5.940679311752319336e-01
6.910471916198730469e-01
-3.925925120711326599e-02
6.478693485260009766e-01
7.433829307556152344e-01
-4.988507926464080811e-02
5.584162473678588867e-01
7.487546205520629883e-01
-6.066383421421051025e-02
5.718131065368652344e-01
7.464684247970581055e-01
-5.156130343675613403e-02
6.018042564392089844e-01
7.437046766281127930e-01
-4.180962592363357544e-02
