6.476946473121643066e-01
7.566858530044555664e-01
-4.328059333147393772e-07
6.123218536376953125e-01
6.733801960945129395e-01
-1.845331629738211632e-03
5.470380187034606934e-01
5.887877345085144043e-01
-1.474276650696992874e-02
4.743019044399261475e-01
5.554970502853393555e-01
-2.666346542537212372e-02
4.166659712791442871e-01
5.512828826904296875e-01
-3.934206068515777588e-02
5.498570203781127930e-01
5.900598764419555664e-01
-6.212309002876281738e-02
4.237192869186401367e-01
6.171917319297790527e-01
-9.275048971176147461e-02
4.476479291915893555e-01
6.412763595581054688e-01
-1.018583253026008606e-01
4.912251532077789307e-01
6.491206288337707520e-01
-1.028220951557159424e-01
5.558791160583496094e-01
6.586248874664306641e-01
-7.284067571163177490e-02
4.214051961898803711e-01
6.943310499191284180e-01
-9.792842715978622437e-02
4.491498470306396484e-01
7.087516188621520996e-01
-9.331672638654708862e-02
4.901919960975646973e-01
7.087619304656982422e-01
-9.049947559833526611e-02
5.539957880973815918e-01
7.273112535476684570e-01
-8.146443963050842285e-02
4.280323088169097900e-01
7.565138339996337891e-01
-1.036185771226882935e-01
4.585190415382385254e-01
7.690169811248779297e-01
-8.441244810819625854e-02
4.989026188850402832e-01
7.668414711952209473e-01
-7.108787447214126587e-02
5.451139211654663086e-01
7.980515956878662109e-01
-8.900813013315200806e-02
4.443739950656890869e-01
8.113178014755249023e-01
-1.101137846708297729e-01
4.744817018508911133e-01
8.197219967842102051e-01
-9.768305718898773193e-02
5.131928324699401855e-01
8.201700448989868164e-01
-8.623035252094268799e-02
