7.608104348182678223e-01
3.388512134552001953e-01
-2.862992118934926111e-07
7.578308582305908203e-01
2.675420045852661133e-01
-1.165593130281195045e-04
7.385666370391845703e-01
1.870462894439697266e-01
-7.089219987392425537e-03
7.185240387916564941e-01
1.285268515348434448e-01
-1.499756425619125366e-02
7.044747471809387207e-01
8.391164243221282959e-02
-2.281389571726322174e-02
7.214030027389526367e-01
1.731842607259750366e-01
-2.811855264008045197e-02
6.456529498100280762e-01
1.551910191774368286e-01
-4.764923080801963806e-02
6.533657908439636230e-01
1.809770762920379639e-01
-5.519238859415054321e-02
6.756449341773986816e-01
1.941196322441101074e-01
-5.711631849408149719e-02
7.075464725494384766e-01
2.126795947551727295e-01
-3.559881448745727539e-02
6.315224766731262207e-01
1.999621242284774780e-01
-5.076241865754127502e-02
6.429291963577270508e-01
2.229144424200057983e-01
-4.858132079243659973e-02
6.656528115272521973e-01
2.296636700630187988e-01
-4.699639603495597839e-02
6.920709609985351562e-01
2.575852274894714355e-01
-4.285705089569091797e-02
6.252416968345642090e-01
2.401663511991500854e-01
-5.540174618363380432e-02
6.356544494628906250e-01
2.605750262737274170e-01
-4.486910998821258545e-02
6.578611135482788086e-01
2.684717178344726562e-01
-3.706999495625495911e-02
6.752216219902038574e-01
3.033808469772338867e-01
-4.980710521340370178e-02
6.250745058059692383e-01
2.821723520755767822e-01
-5.951219424605369568e-02
6.268161535263061523e-01
2.908854484558105469e-01
-5.352447181940078735e-02
6.388430595397949219e-01
2.970293164253234863e-01
-4.736898466944694519e-02
