8.084428310394287109e-01
4.069197177886962891e-01
-1.431702685295022093e-07
8.053157925605773926e-01
3.503915965557098389e-01
1.844694837927818298e-02
7.880681157112121582e-01
2.996166050434112549e-01
2.238490618765354156e-02
7.756775021553039551e-01
2.601817250251770020e-01
2.301043085753917694e-02
7.803726196289062500e-01
2.288227677345275879e-01
2.140236459672451019e-02
7.714866399765014648e-01
2.695769667625427246e-01
-4.162965808063745499e-03
7.310815453529357910e-01
2.213978320360183716e-01
-1.288385037332773209e-02
7.022890448570251465e-01
2.021869868040084839e-01
-1.661794073879718781e-02
6.802939176559448242e-01
1.921365708112716675e-01
-1.835403777658939362e-02
7.634937763214111328e-01
2.882072329521179199e-01
-1.758412085473537445e-02
7.101272940635681152e-01
2.398353219032287598e-01
-2.495709806680679321e-02
6.751220822334289551e-01
2.232099920511245728e-01
-2.600783482193946838e-02
6.485780477523803711e-01
2.141422033309936523e-01
-2.688820660114288330e-02
7.538331747055053711e-01
3.154736757278442383e-01
-2.884471416473388672e-02
7.005843520164489746e-01
2.735764086246490479e-01
-3.441260382533073425e-02
6.676124930381774902e-01
2.603628933429718018e-01
-3.483463078737258911e-02
6.422910690307617188e-01
2.515877485275268555e-01
-3.578523918986320496e-02
7.433145046234130859e-01
3.497868180274963379e-01
-3.798950836062431335e-02
7.020614743232727051e-01
3.231382071971893311e-01
-4.492054134607315063e-02
6.784323453903198242e-01
3.139280676841735840e-01
-4.625686258077621460e-02
6.581383943557739258e-01
3.063746988773345947e-01
-4.670551791787147522e-02
