6.736334562301635742e-01
6.254011988639831543e-01
-1.664523807676232536e-07
6.428476572036743164e-01
5.821387171745300293e-01
8.824956021271646023e-04
5.985711216926574707e-01
5.502769947052001953e-01
-5.758509971201419830e-03
5.577014684677124023e-01
5.436650514602661133e-01
-1.298720575869083405e-02
5.294491052627563477e-01
5.579407811164855957e-01
-2.062401175498962402e-02
5.847985744476318359e-01
5.178351998329162598e-01
-1.683297753334045410e-02
5.169225931167602539e-01
5.285529494285583496e-01
-3.042751736938953400e-02
5.242674946784973145e-01
5.538094043731689453e-01
-3.529899194836616516e-02
5.429492592811584473e-01
5.594294071197509766e-01
-3.640187531709671021e-02
5.921380519866943359e-01
5.503202080726623535e-01
-2.338815294206142426e-02
5.250214338302612305e-01
5.673791766166687012e-01
-3.223292902112007141e-02
5.292071104049682617e-01
5.893644690513610840e-01
-3.030451387166976929e-02
5.435407161712646484e-01
5.931606888771057129e-01
-2.968131937086582184e-02
5.983567833900451660e-01
5.873013734817504883e-01
-2.976108901202678680e-02
5.390169620513916016e-01
6.025571823120117188e-01
-3.796865418553352356e-02
5.405596494674682617e-01
6.229293346405029297e-01
-3.047437407076358795e-02
5.529567003250122070e-01
6.273222565650939941e-01
-2.552836015820503235e-02
6.056241989135742188e-01
6.224609017372131348e-01
-3.544101119041442871e-02
5.538896918296813965e-01
6.346686482429504395e-01
-4.046477749943733215e-02
5.544481873512268066e-01
6.506358385086059570e-01
-3.293071314692497253e-02
5.656264424324035645e-01
6.558312773704528809e-01
-2.650758437812328339e-02
