6.671129465103149414e-01
6.444130539894104004e-01
-1.515270326990503236e-07
6.435717344284057617e-01
5.891945362091064453e-01
-1.253688707947731018e-03
6.004376411437988281e-01
5.474100708961486816e-01
-1.056788396090269089e-02
5.542614459991455078e-01
5.519059300422668457e-01
-1.981141045689582825e-02
5.269662141799926758e-01
5.806625485420227051e-01
-2.922189794480800629e-02
5.829160809516906738e-01
5.240682363510131836e-01
-2.774990908801555634e-02
5.127408504486083984e-01
5.348919630050659180e-01
-4.460952058434486389e-02
5.258978009223937988e-01
5.544710755348205566e-01
-5.175203084945678711e-02
5.496921539306640625e-01
5.590064525604248047e-01
-5.413550138473510742e-02
5.778326988220214844e-01
5.689501166343688965e-01
-3.507634252309799194e-02
5.055850148200988770e-01
5.772535800933837891e-01
-4.912962764501571655e-02
5.214982628822326660e-01
5.949825048446655273e-01
-4.912084341049194336e-02
5.451154708862304688e-01
5.985375046730041504e-01
-4.742829129099845886e-02
5.744090676307678223e-01
6.165432333946228027e-01
-4.138831049203872681e-02
5.073601007461547852e-01
6.215196847915649414e-01
-5.348892509937286377e-02
5.229107141494750977e-01
6.355482339859008789e-01
-4.555393010377883911e-02
5.444182157516479492e-01
6.371766328811645508e-01
-3.840212896466255188e-02
5.719898343086242676e-01
6.624588370323181152e-01
-4.691369086503982544e-02
5.196887850761413574e-01
6.671595573425292969e-01
-5.542476847767829895e-02
5.318759679794311523e-01
6.773620843887329102e-01
-4.717929288744926453e-02
5.497510433197021484e-01
6.797755956649780273e-01
-3.911814093589782715e-02
