5.201221108436584473e-01
8.281121850013732910e-01
2.395107401298446348e-07
4.968343079090118408e-01
7.883293032646179199e-01
-2.366506122052669525e-02
4.808214604854583740e-01
7.533164024353027344e-01
-4.352119937539100647e-02
4.629980325698852539e-01
7.388046383857727051e-01
-6.020904704928398132e-02
4.408724904060363770e-01
7.404245138168334961e-01
-7.853513956069946289e-02
5.201553702354431152e-01
7.749076485633850098e-01
-5.132428929209709167e-02
5.370873212814331055e-01
7.539660334587097168e-01
-6.938188523054122925e-02
5.523840785026550293e-01
7.347131371498107910e-01
-8.153320103883743286e-02
5.675315856933593750e-01
7.180452346801757812e-01
-9.031259268522262573e-02
5.509332418441772461e-01
7.886435985565185547e-01
-5.004913732409477234e-02
5.793979167938232422e-01
7.547613382339477539e-01
-6.535677611827850342e-02
6.011394262313842773e-01
7.249379158020019531e-01
-7.448838651180267334e-02
6.188731789588928223e-01
7.009380459785461426e-01
-8.291003853082656860e-02
5.734388828277587891e-01
7.987273931503295898e-01
-4.900395125150680542e-02
6.043408513069152832e-01
7.659570574760437012e-01
-6.311606615781784058e-02
6.257781982421875000e-01
7.373003363609313965e-01
-7.319024950265884399e-02
6.432683467864990234e-01
7.119669318199157715e-01
-8.069342374801635742e-02
5.874940752983093262e-01
8.067064285278320312e-01
-4.927749559283256531e-02
6.161029338836669922e-01
7.844637036323547363e-01
-5.995507910847663879e-02
6.362488269805908203e-01
7.655420303344726562e-01
-6.553314626216888428e-02
6.523057222366333008e-01
7.494667172431945801e-01
-7.066380977630615234e-02
