4.499190449714660645e-01
5.698027014732360840e-01
2.647449264259194024e-07
4.704381525516510010e-01
5.176540613174438477e-01
-1.221223082393407822e-02
5.017614960670471191e-01
4.806114435195922852e-01
-2.289889007806777954e-02
5.333700776100158691e-01
4.694572687149047852e-01
-3.023098595440387726e-02
5.595061779022216797e-01
4.750401973724365234e-01
-3.679188713431358337e-02
5.063646435737609863e-01
5.096998214721679688e-01
-3.651235625147819519e-02
5.479514598846435547e-01
5.157231092453002930e-01
-4.788985103368759155e-02
5.728319883346557617e-01
5.216216444969177246e-01
-5.142629891633987427e-02
5.915927886962890625e-01
5.253215432167053223e-01
-5.300482362508773804e-02
5.044966936111450195e-01
5.522120594978332520e-01
-3.590533137321472168e-02
5.465106964111328125e-01
5.591512918472290039e-01
-4.620187729597091675e-02
5.731543302536010742e-01
5.625633001327514648e-01
-4.844804108142852783e-02
5.937057733535766602e-01
5.627061128616333008e-01
-5.015140771865844727e-02
5.013914704322814941e-01
5.909710526466369629e-01
-3.438224270939826965e-02
5.382631421089172363e-01
5.978151559829711914e-01
-4.395012930035591125e-02
5.642036795616149902e-01
5.959998965263366699e-01
-4.398977383971214294e-02
5.841164588928222656e-01
5.931748747825622559e-01
-4.333569481968879700e-02
4.994962811470031738e-01
6.240338683128356934e-01
-3.287554532289505005e-02
5.317337512969970703e-01
6.225353479385375977e-01
-4.103649780154228210e-02
5.542355775833129883e-01
6.172327995300292969e-01
-4.093157500028610229e-02
5.720070004463195801e-01
6.127828955650329590e-01
-3.958860039710998535e-02
