5.075250864028930664e-01
8.017501831054687500e-01
2.502735014786594547e-07
4.835337102413177490e-01
7.604788541793823242e-01
-2.207193337380886078e-02
4.699652791023254395e-01
7.189658880233764648e-01
-4.025316983461380005e-02
4.525648057460784912e-01
6.966143846511840820e-01
-5.560352280735969543e-02
4.246399104595184326e-01
6.900598406791687012e-01
-7.242561876773834229e-02
5.075734853744506836e-01
7.377693653106689453e-01
-4.753390327095985413e-02
5.277196764945983887e-01
7.133966088294982910e-01
-6.555379182100296021e-02
5.448324680328369141e-01
6.900424361228942871e-01
-7.749769091606140137e-02
5.621258020401000977e-01
6.670854091644287109e-01
-8.615449815988540649e-02
5.384477972984313965e-01
7.549243569374084473e-01
-4.728672280907630920e-02
5.683190822601318359e-01
7.146012783050537109e-01
-6.212939694523811340e-02
5.888635516166687012e-01
6.765432953834533691e-01
-7.048085331916809082e-02
6.057962179183959961e-01
6.430696249008178711e-01
-7.874814420938491821e-02
5.623940825462341309e-01
7.672990560531616211e-01
-4.748488217592239380e-02
5.947030782699584961e-01
7.284572124481201172e-01
-6.124670431017875671e-02
6.150963306427001953e-01
6.924033164978027344e-01
-6.966336816549301147e-02
6.300919651985168457e-01
6.593195796012878418e-01
-7.601028680801391602e-02
5.786031484603881836e-01
7.768270373344421387e-01
-4.910551384091377258e-02
6.109565496444702148e-01
7.506775856018066406e-01
-5.893505737185478210e-02
6.302959918975830078e-01
7.275702357292175293e-01
-6.371030211448669434e-02
6.451190114021301270e-01
7.043791413307189941e-01
-6.849493831396102905e-02
