6.737846136093139648e-01
6.712737679481506348e-01
-1.127540016909733822e-07
6.603578925132751465e-01
5.999104380607604980e-01
-9.063129313290119171e-03
6.250777840614318848e-01
5.311004519462585449e-01
-1.828070543706417084e-02
5.864853262901306152e-01
4.915302395820617676e-01
-2.633467689156532288e-02
5.554707050323486328e-01
4.584397077560424805e-01
-3.489415720105171204e-02
6.074441075325012207e-01
5.615203976631164551e-01
-3.059566952288150787e-02
5.475969314575195312e-01
5.553342700004577637e-01
-4.845852777361869812e-02
5.599735975265502930e-01
5.623466372489929199e-01
-5.756360664963722229e-02
5.835373997688293457e-01
5.667347311973571777e-01
-6.073133274912834167e-02
6.012847423553466797e-01
6.131932139396667480e-01
-3.299110382795333862e-02
5.353058576583862305e-01
6.065202355384826660e-01
-4.872101172804832458e-02
5.501713752746582031e-01
6.097352504730224609e-01
-5.324252694845199585e-02
5.765640139579772949e-01
6.156764626502990723e-01
-5.513259023427963257e-02
5.952429771423339844e-01
6.599358320236206055e-01
-3.532901406288146973e-02
5.321741104125976562e-01
6.545551419258117676e-01
-4.816882684826850891e-02
5.479226112365722656e-01
6.555318832397460938e-01
-4.318610578775405884e-02
5.726011991500854492e-01
6.588920950889587402e-01
-3.838425129652023315e-02
5.894144773483276367e-01
7.022619843482971191e-01
-3.767091780900955200e-02
5.365626811981201172e-01
6.939216852188110352e-01
-4.805736988782882690e-02
5.531879067420959473e-01
6.944535374641418457e-01
-4.283801466226577759e-02
5.762891173362731934e-01
6.972427368164062500e-01
-3.712576627731323242e-02
