8.079099059104919434e-01
3.960955440998077393e-01
-8.039893373279483058e-08
8.024019598960876465e-01
3.441392779350280762e-01
1.306485012173652649e-02
7.862143516540527344e-01
2.924661934375762939e-01
1.417131815105676651e-02
7.745673656463623047e-01
2.543503642082214355e-01
1.334808766841888428e-02
7.778803706169128418e-01
2.246402502059936523e-01
1.045696996152400970e-02
7.736625671386718750e-01
2.645708918571472168e-01
-1.402766630053520203e-02
7.337326407432556152e-01
2.167090475559234619e-01
-2.473883330821990967e-02
7.037835717201232910e-01
1.967301964759826660e-01
-2.849071472883224487e-02
6.808992028236389160e-01
1.864728033542633057e-01
-2.997793443500995636e-02
7.659301161766052246e-01
2.836883068084716797e-01
-2.563641592860221863e-02
7.141904830932617188e-01
2.350464165210723877e-01
-3.655134141445159912e-02
6.787954568862915039e-01
2.165540456771850586e-01
-3.869922086596488953e-02
6.517199873924255371e-01
2.067097276449203491e-01
-3.957684710621833801e-02
7.559567093849182129e-01
3.118402361869812012e-01
-3.500913828611373901e-02
7.039266824722290039e-01
2.694343626499176025e-01
-4.409511014819145203e-02
6.708827018737792969e-01
2.549616098403930664e-01
-4.567810893058776855e-02
6.457796096801757812e-01
2.465735673904418945e-01
-4.636457562446594238e-02
7.444491386413574219e-01
3.473460972309112549e-01
-4.233280196785926819e-02
7.039975523948669434e-01
3.208417892456054688e-01
-5.165154486894607544e-02
6.808370351791381836e-01
3.104714751243591309e-01
-5.358328297734260559e-02
6.610209941864013672e-01
3.023955821990966797e-01
-5.377560481429100037e-02
