7.349280118942260742e-01
5.715789794921875000e-01
6.018126441631466150e-07
6.596511006355285645e-01
6.421750783920288086e-01
-8.148283511400222778e-02
5.621979832649230957e-01
6.888792514801025391e-01
-1.667987555265426636e-01
4.798116385936737061e-01
6.882334351539611816e-01
-2.420562058687210083e-01
4.304985702037811279e-01
6.460216045379638672e-01
-3.218737542629241943e-01
6.494570374488830566e-01
7.038002014160156250e-01
-2.269971221685409546e-01
6.154745817184448242e-01
6.919447183609008789e-01
-3.331423997879028320e-01
6.514913439750671387e-01
6.891453266143798828e-01
-4.041717350482940674e-01
6.843976378440856934e-01
6.685166954994201660e-01
-4.485207796096801758e-01
6.924086809158325195e-01
5.927346944808959961e-01
-2.259432077407836914e-01
5.552299022674560547e-01
5.523727536201477051e-01
-3.140352070331573486e-01
5.696480274200439453e-01
5.638980269432067871e-01
-3.279371261596679688e-01
5.940254330635070801e-01
5.621767044067382812e-01
-3.379248678684234619e-01
7.021214365959167480e-01
4.867605865001678467e-01
-2.267336547374725342e-01
5.485314130783081055e-01
4.674426019191741943e-01
-2.838717103004455566e-01
5.599314570426940918e-01
4.928407669067382812e-01
-2.523724734783172607e-01
5.830498933792114258e-01
5.110284090042114258e-01
-2.303347140550613403e-01
6.901004910469055176e-01
3.955647051334381104e-01
-2.386117279529571533e-01
5.600587129592895508e-01
3.877943158149719238e-01
-2.871944606304168701e-01
5.618187785148620605e-01
4.209359288215637207e-01
-2.770974338054656982e-01
5.870423316955566406e-01
4.567726254463195801e-01
-2.652659118175506592e-01
