7.604179978370666504e-01
4.287594556808471680e-01
1.912334255393943749e-07
7.779303193092346191e-01
3.636001348495483398e-01
-2.806031843647360802e-04
7.753126025199890137e-01
3.003873825073242188e-01
-6.098533980548381805e-03
7.739768624305725098e-01
2.481445074081420898e-01
-1.206725649535655975e-02
7.855551838874816895e-01
2.140321433544158936e-01
-1.998574286699295044e-02
7.350325584411621094e-01
2.828981876373291016e-01
-2.367937751114368439e-02
6.918113827705383301e-01
2.283791899681091309e-01
-3.282913193106651306e-02
6.629447937011718750e-01
1.988032907247543335e-01
-3.717570379376411438e-02
6.395125389099121094e-01
1.785605251789093018e-01
-4.009139165282249451e-02
7.101496458053588867e-01
3.073282539844512939e-01
-2.958274260163307190e-02
6.625404953956604004e-01
2.493253946304321289e-01
-3.717982396483421326e-02
6.320385932922363281e-01
2.181204557418823242e-01
-4.057595506310462952e-02
6.093854904174804688e-01
1.974306553602218628e-01
-4.343772307038307190e-02
6.886960864067077637e-01
3.387799859046936035e-01
-3.370935842394828796e-02
6.447339057922363281e-01
2.867907583713531494e-01
-3.852759674191474915e-02
6.182301044464111328e-01
2.599936723709106445e-01
-4.059396684169769287e-02
5.998396873474121094e-01
2.424700856208801270e-01
-4.303785413503646851e-02
6.711165904998779297e-01
3.740597963333129883e-01
-3.726977482438087463e-02
6.333301663398742676e-01
3.438608944416046143e-01
-4.203145578503608704e-02
6.115933656692504883e-01
3.273365795612335205e-01
-4.214977473020553589e-02
5.951707959175109863e-01
3.136864602565765381e-01
-4.172823950648307800e-02
