4.549214541912078857e-01
5.666816830635070801e-01
2.854338845281745307e-07
4.734694063663482666e-01
5.150615572929382324e-01
-1.194322481751441956e-02
5.028110742568969727e-01
4.784902632236480713e-01
-2.278598770499229431e-02
5.335751175880432129e-01
4.663715362548828125e-01
-3.045471943914890289e-02
5.588577985763549805e-01
4.708706736564636230e-01
-3.776998817920684814e-02
5.069624781608581543e-01
5.094038844108581543e-01
-3.684500604867935181e-02
5.473085641860961914e-01
5.141419172286987305e-01
-4.929954186081886292e-02
5.721793770790100098e-01
5.184026360511779785e-01
-5.423582345247268677e-02
5.910944342613220215e-01
5.214850902557373047e-01
-5.678488314151763916e-02
5.049002766609191895e-01
5.503288507461547852e-01
-3.678220883011817932e-02
5.477558970451354980e-01
5.567497014999389648e-01
-4.776996746659278870e-02
5.749456286430358887e-01
5.596778988838195801e-01
-5.066834762692451477e-02
5.954108834266662598e-01
5.605264306068420410e-01
-5.288459360599517822e-02
5.023469328880310059e-01
5.865501761436462402e-01
-3.581622987985610962e-02
5.423352122306823730e-01
5.936883687973022461e-01
-4.597328603267669678e-02
5.687622427940368652e-01
5.929561257362365723e-01
-4.645281657576560974e-02
5.886313319206237793e-01
5.910885930061340332e-01
-4.623296111822128296e-02
5.009894371032714844e-01
6.159577965736389160e-01
-3.482629358768463135e-02
5.336399674415588379e-01
6.175490021705627441e-01
-4.362276196479797363e-02
5.565387606620788574e-01
6.146621704101562500e-01
-4.394431039690971375e-02
5.752447843551635742e-01
6.122413873672485352e-01
-4.306746646761894226e-02
