6.643442511558532715e-01
6.581745147705078125e-01
-1.164531369113319670e-07
6.390926837921142578e-01
6.024712324142456055e-01
-3.821006743237376213e-03
5.929203033447265625e-01
5.619885921478271484e-01
-1.467017922550439835e-02
5.495656728744506836e-01
5.607354640960693359e-01
-2.478692680597305298e-02
5.207570195198059082e-01
5.898819565773010254e-01
-3.618041798472404480e-02
5.811765193939208984e-01
5.370973348617553711e-01
-3.786703571677207947e-02
4.950336813926696777e-01
5.475569963455200195e-01
-5.395380035042762756e-02
5.063689947128295898e-01
5.765399336814880371e-01
-5.796577408909797668e-02
5.319356918334960938e-01
5.863910317420959473e-01
-5.868045613169670105e-02
5.864526033401489258e-01
5.825132727622985840e-01
-4.411583766341209412e-02
5.009214878082275391e-01
5.993521809577941895e-01
-5.501988157629966736e-02
5.117313861846923828e-01
6.199728250503540039e-01
-5.007399991154670715e-02
5.313534736633300781e-01
6.253035068511962891e-01
-4.862165451049804688e-02
5.889343023300170898e-01
6.338235139846801758e-01
-4.933941736817359924e-02
5.106288194656372070e-01
6.460101604461669922e-01
-5.746544897556304932e-02
5.203848481178283691e-01
6.605547070503234863e-01
-4.604372009634971619e-02
5.385147929191589355e-01
6.645404696464538574e-01
-3.978625684976577759e-02
5.908696055412292480e-01
6.834328174591064453e-01
-5.428610742092132568e-02
5.272351503372192383e-01
6.863254308700561523e-01
-6.023843586444854736e-02
5.342448949813842773e-01
6.962949037551879883e-01
-4.997533187270164490e-02
5.501558780670166016e-01
7.022744417190551758e-01
-4.233134537935256958e-02
