6.363018155097961426e-01
6.995744705200195312e-01
1.622204059970044909e-08
6.236736178398132324e-01
6.320984959602355957e-01
-1.485641393810510635e-02
5.873573422431945801e-01
5.723251700401306152e-01
-3.076916560530662537e-02
5.477255582809448242e-01
5.416530966758728027e-01
-4.385697096586227417e-02
5.128895044326782227e-01
5.192446112632751465e-01
-6.097942963242530823e-02
5.842748284339904785e-01
5.844814181327819824e-01
-5.883297696709632874e-02
5.306736826896667480e-01
5.884839892387390137e-01
-8.727014064788818359e-02
4.951395094394683838e-01
5.959237217903137207e-01
-1.047111153602600098e-01
4.641189575195312500e-01
6.049758195877075195e-01
-1.164600253105163574e-01
5.861321091651916504e-01
6.362698674201965332e-01
-6.520713865756988525e-02
5.201628208160400391e-01
6.487194299697875977e-01
-9.485875070095062256e-02
4.846923351287841797e-01
6.617197990417480469e-01
-1.101808026432991028e-01
4.564068913459777832e-01
6.729893684387207031e-01
-1.214865297079086304e-01
5.873108506202697754e-01
6.896933317184448242e-01
-7.043235749006271362e-02
5.257519483566284180e-01
7.100264430046081543e-01
-9.757464379072189331e-02
4.888153374195098877e-01
7.197172045707702637e-01
-1.042400375008583069e-01
4.577281475067138672e-01
7.221872210502624512e-01
-1.083725839853286743e-01
5.852772593498229980e-01
7.413358688354492188e-01
-7.517445087432861328e-02
5.400382280349731445e-01
7.541500329971313477e-01
-9.885643422603607178e-02
5.099254250526428223e-01
7.572679519653320312e-01
-1.037398427724838257e-01
4.820882081985473633e-01
7.542750835418701172e-01
-1.061275452375411987e-01
