7.962338924407958984e-01
4.154106974601745605e-01
-2.789084874166292138e-07
7.968059778213500977e-01
3.578180372714996338e-01
1.360570359975099564e-02
7.826831936836242676e-01
3.007141947746276855e-01
1.611570082604885101e-02
7.713895440101623535e-01
2.572044730186462402e-01
1.565248519182205200e-02
7.744780778884887695e-01
2.231548875570297241e-01
1.505543105304241180e-02
7.645831108093261719e-01
2.718838751316070557e-01
-2.710889559239149094e-03
7.179663777351379395e-01
2.286337614059448242e-01
-1.100844610482454300e-02
6.956493854522705078e-01
2.441399395465850830e-01
-1.219534315168857574e-02
6.931469440460205078e-01
2.631401419639587402e-01
-1.087109837681055069e-02
7.511045336723327637e-01
2.917734086513519287e-01
-1.184368506073951721e-02
6.993979215621948242e-01
2.537551522254943848e-01
-1.892872340977191925e-02
6.881219148635864258e-01
2.773883044719696045e-01
-1.442002225667238235e-02
6.959961652755737305e-01
2.955081760883331299e-01
-9.773559868335723877e-03
7.354479432106018066e-01
3.189945220947265625e-01
-1.964933611452579498e-02
6.873220801353454590e-01
2.865849435329437256e-01
-2.363946661353111267e-02
6.829596161842346191e-01
3.065001368522644043e-01
-1.399063039571046829e-02
6.938109993934631348e-01
3.217535614967346191e-01
-6.631554104387760162e-03
7.207468748092651367e-01
3.506677448749542236e-01
-2.616783417761325836e-02
6.817892789840698242e-01
3.279719650745391846e-01
-2.775100804865360260e-02
6.755369305610656738e-01
3.333948850631713867e-01
-2.105221152305603027e-02
6.805959939956665039e-01
3.389035463333129883e-01
-1.504422631114721298e-02
