6.462878584861755371e-01
6.744560003280639648e-01
-2.145110045148612699e-07
6.111924648284912109e-01
5.990567803382873535e-01
-2.042851410806179047e-02
5.447725057601928711e-01
5.328974723815917969e-01
-4.928055778145790100e-02
4.705555737018585205e-01
5.186924934387207031e-01
-7.134647667407989502e-02
4.219047725200653076e-01
5.488317012786865234e-01
-9.407740086317062378e-02
5.521768927574157715e-01
5.098508000373840332e-01
-1.108437627553939819e-01
4.265527129173278809e-01
5.489994883537292480e-01
-1.443502604961395264e-01
4.392801225185394287e-01
5.786265134811401367e-01
-1.451195925474166870e-01
4.706181287765502930e-01
5.855544805526733398e-01
-1.414460092782974243e-01
5.636652112007141113e-01
5.640830993652343750e-01
-1.149424239993095398e-01
4.367471635341644287e-01
6.103226542472839355e-01
-1.448577493429183960e-01
4.566575288772583008e-01
6.329574584960937500e-01
-1.338787823915481567e-01
4.889753460884094238e-01
6.322250366210937500e-01
-1.279218047857284546e-01
5.639053583145141602e-01
6.306862831115722656e-01
-1.157944127917289734e-01
4.443378150463104248e-01
6.733708381652832031e-01
-1.399275213479995728e-01
4.683922529220581055e-01
6.876670122146606445e-01
-1.170141249895095825e-01
5.035855174064636230e-01
6.807886958122253418e-01
-1.033793315291404724e-01
5.538327693939208984e-01
7.000594735145568848e-01
-1.163490414619445801e-01
4.576264321804046631e-01
7.326673269271850586e-01
-1.391994953155517578e-01
4.788486957550048828e-01
7.422580122947692871e-01
-1.271211057901382446e-01
5.100935697555541992e-01
7.377740740776062012e-01
-1.170693114399909973e-01
