8.178104162216186523e-01
4.618432819843292236e-01
2.016350322264770512e-07
8.250977993011474609e-01
3.819804191589355469e-01
-7.004888262599706650e-03
8.035517334938049316e-01
3.067855238914489746e-01
-1.416703127324581146e-02
7.891175150871276855e-01
2.462263107299804688e-01
-2.153969928622245789e-02
8.010185956954956055e-01
2.050925046205520630e-01
-3.091358393430709839e-02
7.359004616737365723e-01
3.094946146011352539e-01
-2.047621645033359528e-02
6.776139140129089355e-01
2.829783558845520020e-01
-3.100335225462913513e-02
6.388430595397949219e-01
2.705663740634918213e-01
-3.874842077493667603e-02
6.088799238204956055e-01
2.626133859157562256e-01
-4.518280178308486938e-02
7.140075564384460449e-01
3.465355336666107178e-01
-2.600420080125331879e-02
6.500083208084106445e-01
3.153815269470214844e-01
-3.568368405103683472e-02
6.076306700706481934e-01
2.999582588672637939e-01
-4.331631958484649658e-02
5.755290389060974121e-01
2.890028655529022217e-01
-4.934584349393844604e-02
7.002353668212890625e-01
3.893550336360931396e-01
-3.116803802549839020e-02
6.396014094352722168e-01
3.531878888607025146e-01
-4.014692083001136780e-02
6.011029481887817383e-01
3.380867242813110352e-01
-4.794759303331375122e-02
5.720263719558715820e-01
3.264185786247253418e-01
-5.394856259226799011e-02
6.942356824874877930e-01
4.361018538475036621e-01
-3.647281229496002197e-02
6.461762785911560059e-01
4.197280108928680420e-01
-4.588136076927185059e-02
6.162922382354736328e-01
4.097267091274261475e-01
-5.035866796970367432e-02
5.929084420204162598e-01
3.991082012653350830e-01
-5.284021794795989990e-02
