7.583591938018798828e-01
4.293939769268035889e-01
1.906413444885401987e-07
7.770997881889343262e-01
3.644433319568634033e-01
-1.079179230146110058e-03
7.745186090469360352e-01
3.021369874477386475e-01
-7.117230910807847977e-03
7.727911472320556641e-01
2.493930160999298096e-01
-1.302481349557638168e-02
7.842237949371337891e-01
2.144412100315093994e-01
-2.077989839017391205e-02
7.336445450782775879e-01
2.830831110477447510e-01
-2.392220497131347656e-02
6.899915933609008789e-01
2.293457984924316406e-01
-3.260591626167297363e-02
6.612766981124877930e-01
2.002497315406799316e-01
-3.677975013852119446e-02
6.380411386489868164e-01
1.802933812141418457e-01
-3.966173529624938965e-02
7.078284025192260742e-01
3.071602880954742432e-01
-2.904005721211433411e-02
6.603599190711975098e-01
2.498508244752883911e-01
-3.590900078415870667e-02
6.302701830863952637e-01
2.190706580877304077e-01
-3.903343901038169861e-02
6.081953048706054688e-01
1.986382603645324707e-01
-4.177053272724151611e-02
6.863747835159301758e-01
3.383342027664184570e-01
-3.241401910781860352e-02
6.427617073059082031e-01
2.870111763477325439e-01
-3.666698932647705078e-02
6.161093115806579590e-01
2.602836489677429199e-01
-3.890733420848846436e-02
5.976539850234985352e-01
2.426034808158874512e-01
-4.163741692900657654e-02
6.697236299514770508e-01
3.735416829586029053e-01
-3.525492176413536072e-02
6.324782371520996094e-01
3.450417220592498779e-01
-3.988493606448173523e-02
6.106736660003662109e-01
3.290971815586090088e-01
-4.027518257498741150e-02
5.941539406776428223e-01
3.151168525218963623e-01
-4.006168618798255920e-02
