6.738438606262207031e-01
6.387874484062194824e-01
-1.259038384660016163e-07
6.594304442405700684e-01
5.709205865859985352e-01
-9.564635343849658966e-03
6.255872845649719238e-01
5.072580575942993164e-01
-2.128688246011734009e-02
5.873071551322937012e-01
4.715713560581207275e-01
-3.203468769788742065e-02
5.575355291366577148e-01
4.395914673805236816e-01
-4.236878454685211182e-02
6.001834273338317871e-01
5.299950242042541504e-01
-3.462721034884452820e-02
5.292846560478210449e-01
5.424957275390625000e-01
-5.569797381758689880e-02
5.442780256271362305e-01
5.506325960159301758e-01
-6.529528647661209106e-02
5.696592330932617188e-01
5.502975583076477051e-01
-6.765305995941162109e-02
5.960083603858947754e-01
5.825056433677673340e-01
-3.712126612663269043e-02
5.266920328140258789e-01
5.854927301406860352e-01
-5.489665269851684570e-02
5.426232814788818359e-01
5.897935032844543457e-01
-5.790986493229866028e-02
5.682996511459350586e-01
5.914650559425354004e-01
-5.800005793571472168e-02
5.907148122787475586e-01
6.301291584968566895e-01
-3.971757367253303528e-02
5.276859402656555176e-01
6.282893419265747070e-01
-5.235382914543151855e-02
5.420029163360595703e-01
6.308436393737792969e-01
-4.535236209630966187e-02
5.652776956558227539e-01
6.316393613815307617e-01
-3.880503773689270020e-02
5.848608613014221191e-01
6.731410026550292969e-01
-4.267423227429389954e-02
5.315990447998046875e-01
6.644822955131530762e-01
-5.079779028892517090e-02
5.450304150581359863e-01
6.663853526115417480e-01
-4.396589845418930054e-02
5.665239691734313965e-01
6.703766584396362305e-01
-3.691430389881134033e-02
