2.335136383771896362e-01
8.485015034675598145e-01
-5.524177026927645784e-08
2.685217559337615967e-01
8.813740015029907227e-01
-4.351365193724632263e-02
2.804562449455261230e-01
9.413751959800720215e-01
-6.886685639619827271e-02
2.681496441364288330e-01
9.970273375511169434e-01
-8.351383358240127563e-02
2.576389014720916748e-01
1.041134357452392578e+00
-9.577820450067520142e-02
2.217725813388824463e-01
9.153135418891906738e-01
-9.079396724700927734e-02
2.047596126794815063e-01
9.915673732757568359e-01
-1.176152899861335754e-01
2.070916742086410522e-01
1.041039943695068359e+00
-1.262573152780532837e-01
2.126444876194000244e-01
1.069265842437744141e+00
-1.298885345458984375e-01
1.868289262056350708e-01
9.165700674057006836e-01
-7.622071355581283569e-02
1.616268455982208252e-01
9.870730638504028320e-01
-1.032833531498908997e-01
1.604820191860198975e-01
1.040762186050415039e+00
-1.074736863374710083e-01
1.644781976938247681e-01
1.073446273803710938e+00
-1.101598441600799561e-01
1.639533042907714844e-01
9.247726202011108398e-01
-6.225696206092834473e-02
1.353615373373031616e-01
9.823432564735412598e-01
-8.707352727651596069e-02
1.306862086057662964e-01
1.029344320297241211e+00
-9.192207455635070801e-02
1.317712068557739258e-01
1.061823368072509766e+00
-9.357491880655288696e-02
1.523870825767517090e-01
9.346618056297302246e-01
-5.021277070045471191e-02
1.230138093233108521e-01
9.765340089797973633e-01
-7.133101671934127808e-02
1.102266162633895874e-01
1.010143160820007324e+00
-7.940113544464111328e-02
1.047582849860191345e-01
1.036563754081726074e+00
-8.380131423473358154e-02
