7.087070941925048828e-01
4.649471342563629150e-01
-1.044742958811184508e-07
7.096958160400390625e-01
4.031476974487304688e-01
1.658029621466994286e-03
6.916727423667907715e-01
3.422288596630096436e-01
-1.630825921893119812e-03
6.677983403205871582e-01
3.033148050308227539e-01
-5.598183255642652512e-03
6.438584327697753906e-01
2.893935739994049072e-01
-9.986536577343940735e-03
6.738253831863403320e-01
3.298076391220092773e-01
-1.316044852137565613e-02
6.226981878280639648e-01
3.078477680683135986e-01
-2.479473315179347992e-02
6.273110508918762207e-01
3.215516805648803711e-01
-3.209240734577178955e-02
6.440595388412475586e-01
3.352715075016021729e-01
-3.475508838891983032e-02
6.570005416870117188e-01
3.597742915153503418e-01
-1.775092445313930511e-02
6.091850399971008301e-01
3.369824886322021484e-01
-2.513448707759380341e-02
6.175586581230163574e-01
3.492683470249176025e-01
-2.705645747482776642e-02
6.349672079086303711e-01
3.629797995090484619e-01
-2.806071937084197998e-02
6.414327025413513184e-01
3.920511007308959961e-01
-2.157446742057800293e-02
6.002445816993713379e-01
3.691451251506805420e-01
-2.623921260237693787e-02
6.092649698257446289e-01
3.784699141979217529e-01
-2.119901962578296661e-02
6.253253817558288574e-01
3.890668749809265137e-01
-1.766182109713554382e-02
6.277207732200622559e-01
4.239528775215148926e-01
-2.492889761924743652e-02
5.967565774917602539e-01
4.000383615493774414e-01
-2.741526812314987183e-02
6.054426431655883789e-01
4.083679318428039551e-01
-2.061439864337444305e-02
6.187830567359924316e-01
4.185633957386016846e-01
-1.459166314452886581e-02
