5.167565941810607910e-01
7.750576734542846680e-01
2.800958611715032021e-07
4.857658147811889648e-01
7.439544796943664551e-01
-2.605639398097991943e-02
4.681679606437683105e-01
7.051221728324890137e-01
-4.540258646011352539e-02
4.528579711914062500e-01
6.783302426338195801e-01
-6.090347468852996826e-02
4.312654435634613037e-01
6.598379015922546387e-01
-7.746212929487228394e-02
5.174972414970397949e-01
7.029312252998352051e-01
-4.958628118038177490e-02
5.360342264175415039e-01
6.741942763328552246e-01
-6.949442625045776367e-02
5.520970225334167480e-01
6.483706235885620117e-01
-8.284684270620346069e-02
5.693182349205017090e-01
6.237310171127319336e-01
-9.229801595211029053e-02
5.504978895187377930e-01
7.144554257392883301e-01
-4.773636534810066223e-02
5.797452926635742188e-01
6.730931997299194336e-01
-6.334321945905685425e-02
5.982514619827270508e-01
6.367335319519042969e-01
-7.201895117759704590e-02
6.145192980766296387e-01
6.050884127616882324e-01
-8.052233606576919556e-02
5.747619867324829102e-01
7.250887751579284668e-01
-4.682009667158126831e-02
6.048113107681274414e-01
6.884996891021728516e-01
-6.182758510112762451e-02
6.228033304214477539e-01
6.561236977577209473e-01
-6.899258494377136230e-02
6.368211507797241211e-01
6.266832947731018066e-01
-7.481680065393447876e-02
5.907947421073913574e-01
7.372052669525146484e-01
-4.776588454842567444e-02
6.207885146141052246e-01
7.131407856941223145e-01
-5.920946970582008362e-02
6.386392116546630859e-01
6.930506229400634766e-01
-6.357843428850173950e-02
6.527521610260009766e-01
6.723421216011047363e-01
-6.795651465654373169e-02
