6.366945505142211914e-01
6.791068315505981445e-01
-1.023238738184772956e-08
6.289128065109252930e-01
6.160703897476196289e-01
-1.356199476867914200e-02
5.908700823783874512e-01
5.588667988777160645e-01
-2.739145234227180481e-02
5.440471172332763672e-01
5.319642424583435059e-01
-3.755712136626243591e-02
5.052464008331298828e-01
5.249895453453063965e-01
-5.015265196561813354e-02
5.872747302055358887e-01
5.642626285552978516e-01
-5.226998031139373779e-02
5.183829069137573242e-01
5.640841126441955566e-01
-7.422123849391937256e-02
4.986887276172637939e-01
5.745980143547058105e-01
-8.468510210514068604e-02
4.920262992382049561e-01
5.841514468193054199e-01
-9.058965742588043213e-02
5.823658704757690430e-01
6.077846288681030273e-01
-5.472640693187713623e-02
5.085806846618652344e-01
6.018369197845458984e-01
-7.364229857921600342e-02
4.912240207195281982e-01
6.141884922981262207e-01
-7.787369936704635620e-02
4.858784377574920654e-01
6.249915957450866699e-01
-8.182507753372192383e-02
5.759088397026062012e-01
6.555526256561279297e-01
-5.610738322138786316e-02
5.062072277069091797e-01
6.519533395767211914e-01
-7.349739223718643188e-02
4.944659471511840820e-01
6.613481044769287109e-01
-6.881556659936904907e-02
4.931202232837677002e-01
6.641536951065063477e-01
-6.543207913637161255e-02
5.668454170227050781e-01
7.024627327919006348e-01
-5.722286552190780640e-02
5.155574679374694824e-01
6.991884112358093262e-01
-7.278643548488616943e-02
5.052425861358642578e-01
7.020452618598937988e-01
-6.971902400255203247e-02
5.019735097885131836e-01
7.000167369842529297e-01
-6.621212512254714966e-02
