5.157716274261474609e-01
7.844564914703369141e-01
2.757107324669050286e-07
4.853737354278564453e-01
7.499666213989257812e-01
-2.343616075813770294e-02
4.680856466293334961e-01
7.086197137832641602e-01
-4.168447107076644897e-02
4.511355161666870117e-01
6.815152168273925781e-01
-5.669486150145530701e-02
4.274300634860992432e-01
6.680441498756408691e-01
-7.278124243021011353e-02
5.149832963943481445e-01
7.118934988975524902e-01
-4.645733907818794250e-02
5.376216769218444824e-01
6.812415122985839844e-01
-6.379812955856323242e-02
5.552151203155517578e-01
6.544017195701599121e-01
-7.525417953729629517e-02
5.728706121444702148e-01
6.289486289024353027e-01
-8.383735269308090210e-02
5.472959876060485840e-01
7.236733436584472656e-01
-4.560844972729682922e-02
5.781383514404296875e-01
6.808206439018249512e-01
-6.039265170693397522e-02
5.988321900367736816e-01
6.431407928466796875e-01
-6.930886954069137573e-02
6.165695786476135254e-01
6.099835038185119629e-01
-7.783525437116622925e-02
5.710819363594055176e-01
7.334671616554260254e-01
-4.531017318367958069e-02
6.034151315689086914e-01
6.924596428871154785e-01
-5.906511098146438599e-02
6.238379478454589844e-01
6.556945443153381348e-01
-6.822336465120315552e-02
6.398054361343383789e-01
6.228537559509277344e-01
-7.530630379915237427e-02
5.871137380599975586e-01
7.417877912521362305e-01
-4.651257395744323730e-02
6.190207600593566895e-01
7.145274877548217773e-01
-5.721271410584449768e-02
6.392055749893188477e-01
6.910076141357421875e-01
-6.298225373029708862e-02
6.553705334663391113e-01
6.678951382637023926e-01
-6.829979270696640015e-02
