7.033997774124145508e-01
5.118116736412048340e-01
2.603452173843834316e-07
7.145205140113830566e-01
4.499959945678710938e-01
-4.141541197896003723e-03
7.074797749519348145e-01
3.851272761821746826e-01
-1.006163470447063446e-02
7.047601938247680664e-01
3.322875499725341797e-01
-1.610982045531272888e-02
7.166491150856018066e-01
2.963058352470397949e-01
-2.313079312443733215e-02
6.614732146263122559e-01
3.776674568653106689e-01
-1.591200754046440125e-02
6.169454455375671387e-01
3.331694602966308594e-01
-2.431575953960418701e-02
5.866074562072753906e-01
3.087005317211151123e-01
-2.954905666410923004e-02
5.629865527153015137e-01
2.914768457412719727e-01
-3.363909572362899780e-02
6.369001865386962891e-01
4.035181701183319092e-01
-2.010418288409709930e-02
5.911119580268859863e-01
3.556844592094421387e-01
-2.807754836976528168e-02
5.615291595458984375e-01
3.282581567764282227e-01
-3.441819921135902405e-02
5.385547280311584473e-01
3.077334463596343994e-01
-3.923863545060157776e-02
6.168078184127807617e-01
4.342344403266906738e-01
-2.366126514971256256e-02
5.730734467506408691e-01
3.926791250705718994e-01
-2.929911576211452484e-02
5.453862547874450684e-01
3.679324090480804443e-01
-3.463519737124443054e-02
5.249160528182983398e-01
3.485017120838165283e-01
-3.912796080112457275e-02
6.019533872604370117e-01
4.666327238082885742e-01
-2.728518098592758179e-02
5.686374306678771973e-01
4.412397742271423340e-01
-3.160661458969116211e-02
5.472760796546936035e-01
4.255006015300750732e-01
-3.365711495280265808e-02
5.311331748962402344e-01
4.113236069679260254e-01
-3.493393585085868835e-02
