4.545670151710510254e-01
5.614610314369201660e-01
2.751503416220657527e-07
4.736956357955932617e-01
5.112758278846740723e-01
-1.153397560119628906e-02
5.039628148078918457e-01
4.779031276702880859e-01
-2.059524320065975189e-02
5.344862937927246094e-01
4.698929190635681152e-01
-2.636163122951984406e-02
5.577814579010009766e-01
4.797073602676391602e-01
-3.132214769721031189e-02
5.069959759712219238e-01
5.095548033714294434e-01
-3.063197806477546692e-02
5.463799834251403809e-01
5.157371163368225098e-01
-4.040240123867988586e-02
5.705084204673767090e-01
5.215592384338378906e-01
-4.413345456123352051e-02
5.886800289154052734e-01
5.257595181465148926e-01
-4.606883972883224487e-02
5.052753686904907227e-01
5.496054887771606445e-01
-2.938249334692955017e-02
5.452118515968322754e-01
5.546272397041320801e-01
-3.706904500722885132e-02
5.710707902908325195e-01
5.561450123786926270e-01
-3.893063217401504517e-02
5.908285379409790039e-01
5.548575520515441895e-01
-4.071711376309394836e-02
5.019532442092895508e-01
5.840212106704711914e-01
-2.751898951828479767e-02
5.374704599380493164e-01
5.878713130950927734e-01
-3.460083529353141785e-02
5.625234246253967285e-01
5.848207473754882812e-01
-3.475361689925193787e-02
5.815838575363159180e-01
5.805118083953857422e-01
-3.471366688609123230e-02
4.988869726657867432e-01
6.119153499603271484e-01
-2.576564624905586243e-02
5.276091694831848145e-01
6.128798127174377441e-01
-3.225792944431304932e-02
5.475711226463317871e-01
6.093953251838684082e-01
-3.206052631139755249e-02
5.635294318199157715e-01
6.052787899971008301e-01
-3.103926777839660645e-02
