4.097649455070495605e-01
6.069757342338562012e-01
3.898743159425066551e-07
4.268774092197418213e-01
5.612525939941406250e-01
-1.644494198262691498e-02
4.614326655864715576e-01
5.201739668846130371e-01
-3.017465025186538696e-02
4.915713369846343994e-01
4.989191889762878418e-01
-4.069481045007705688e-02
5.183866620063781738e-01
4.994068741798400879e-01
-5.200041458010673523e-02
4.744046330451965332e-01
5.496076941490173340e-01
-4.057548940181732178e-02
5.153939127922058105e-01
5.457457900047302246e-01
-5.982516705989837646e-02
5.437446832656860352e-01
5.489445924758911133e-01
-7.079613953828811646e-02
5.655766129493713379e-01
5.547298192977905273e-01
-7.743409276008605957e-02
4.766068160533905029e-01
5.841630697250366211e-01
-4.112609103322029114e-02
5.232585668563842773e-01
5.927456021308898926e-01
-5.868117883801460266e-02
5.558798313140869141e-01
6.012541055679321289e-01
-6.776525825262069702e-02
5.813186764717102051e-01
6.117349267005920410e-01
-7.380378246307373047e-02
4.736320674419403076e-01
6.190623641014099121e-01
-4.165669903159141541e-02
5.206299424171447754e-01
6.255407929420471191e-01
-5.774990096688270569e-02
5.516973137855529785e-01
6.340252757072448730e-01
-6.299841403961181641e-02
5.773016810417175293e-01
6.446849107742309570e-01
-6.592851877212524414e-02
4.678839743137359619e-01
6.511121392250061035e-01
-4.249630495905876160e-02
4.999748766422271729e-01
6.593966484069824219e-01
-5.643072351813316345e-02
5.231198668479919434e-01
6.666515469551086426e-01
-5.992156267166137695e-02
5.435933470726013184e-01
6.767398715019226074e-01
-6.145801395177841187e-02
