7.742414474487304688e-01
4.159463644027709961e-01
1.160374338837755204e-07
7.881957292556762695e-01
3.546455502510070801e-01
1.289312378503382206e-03
7.845309376716613770e-01
2.895003855228424072e-01
-3.032763022929430008e-03
7.830204367637634277e-01
2.386723011732101440e-01
-8.167251013219356537e-03
7.928122282028198242e-01
2.047761976718902588e-01
-1.508836634457111359e-02
7.488451600074768066e-01
2.712423801422119141e-01
-2.000576443970203400e-02
7.075369358062744141e-01
2.177534401416778564e-01
-2.942435815930366516e-02
6.799616217613220215e-01
1.885608285665512085e-01
-3.412507474422454834e-02
6.573173999786376953e-01
1.689058393239974976e-01
-3.736196458339691162e-02
7.272683382034301758e-01
2.935840487480163574e-01
-2.726097777485847473e-02
6.802330613136291504e-01
2.358929961919784546e-01
-3.597107157111167908e-02
6.497004628181457520e-01
2.053966671228408813e-01
-4.007996618747711182e-02
6.254533529281616211e-01
1.844679862260818481e-01
-4.321825876832008362e-02
7.078741192817687988e-01
3.223505020141601562e-01
-3.300426155328750610e-02
6.635311841964721680e-01
2.701717317104339600e-01
-3.934352099895477295e-02
6.358015537261962891e-01
2.435906231403350830e-01
-4.254063963890075684e-02
6.145143508911132812e-01
2.250655293464660645e-01
-4.550348594784736633e-02
6.910851597785949707e-01
3.552374839782714844e-01
-3.810932859778404236e-02
6.550680398941040039e-01
3.254679441452026367e-01
-4.446873068809509277e-02
6.324027776718139648e-01
3.102226853370666504e-01
-4.616104438900947571e-02
6.137627363204956055e-01
2.984616756439208984e-01
-4.680308699607849121e-02
