8.040205836296081543e-01
4.034467041492462158e-01
-1.734251355856031296e-07
8.021499514579772949e-01
3.463621735572814941e-01
2.489269524812698364e-02
7.867313623428344727e-01
2.969720363616943359e-01
3.139927983283996582e-02
7.733255624771118164e-01
2.581385672092437744e-01
3.378572687506675720e-02
7.753819823265075684e-01
2.266969233751296997e-01
3.360389173030853271e-02
7.667306065559387207e-01
2.665260732173919678e-01
-1.134290941990911961e-03
7.253008484840393066e-01
2.179670631885528564e-01
-7.995848543941974640e-03
6.965580582618713379e-01
2.013913691043853760e-01
-9.456129744648933411e-03
6.752405762672424316e-01
1.941771209239959717e-01
-9.322306141257286072e-03
7.585064768791198730e-01
2.850959002971649170e-01
-1.654080674052238464e-02
7.052491903305053711e-01
2.369960546493530273e-01
-2.379155345261096954e-02
6.707915663719177246e-01
2.219145894050598145e-01
-2.268167026340961456e-02
6.454219222068786621e-01
2.149705439805984497e-01
-2.147588320076465607e-02
7.485309243202209473e-01
3.130298852920532227e-01
-2.906302921473979950e-02
6.960411071777343750e-01
2.714016437530517578e-01
-3.362564742565155029e-02
6.637935042381286621e-01
2.594317197799682617e-01
-3.132626786828041077e-02
6.389079689979553223e-01
2.524695694446563721e-01
-3.008718043565750122e-02
7.377731800079345703e-01
3.486879169940948486e-01
-3.882367163896560669e-02
6.969097852706909180e-01
3.210752606391906738e-01
-4.391507804393768311e-02
6.736181974411010742e-01
3.120214641094207764e-01
-4.324983060359954834e-02
6.534323692321777344e-01
3.056935071945190430e-01
-4.214851185679435730e-02
