6.443855762481689453e-01
7.153091430664062500e-01
-3.652139355381223140e-07
6.107354164123535156e-01
6.245561242103576660e-01
-5.394821520894765854e-03
5.572158098220825195e-01
5.279715657234191895e-01
-2.256494574248790741e-02
5.026948451995849609e-01
4.779068827629089355e-01
-3.810713067650794983e-02
4.590738713741302490e-01
5.089533329010009766e-01
-5.559086054563522339e-02
5.584066510200500488e-01
5.455018877983093262e-01
-7.149328291416168213e-02
4.376855194568634033e-01
5.662755370140075684e-01
-1.037499830126762390e-01
4.584249854087829590e-01
5.937381982803344727e-01
-1.144779250025749207e-01
4.978438317775726318e-01
5.993524789810180664e-01
-1.168471276760101318e-01
5.647179484367370605e-01
6.143897771835327148e-01
-8.144804835319519043e-02
4.358511567115783691e-01
6.438883543014526367e-01
-1.076069399714469910e-01
4.587466716766357422e-01
6.630193591117858887e-01
-1.028441786766052246e-01
4.989706873893737793e-01
6.615591049194335938e-01
-9.976242482662200928e-02
5.638504624366760254e-01
6.841173171997070312e-01
-8.906231820583343506e-02
4.426806569099426270e-01
7.108008861541748047e-01
-1.104999333620071411e-01
4.654416143894195557e-01
7.241643071174621582e-01
-9.245330095291137695e-02
5.047312378883361816e-01
7.198073267936706543e-01
-7.978647947311401367e-02
5.542906522750854492e-01
7.507231831550598145e-01
-9.601064026355743408e-02
4.572113454341888428e-01
7.721545696258544922e-01
-1.129420921206474304e-01
4.761282205581665039e-01
7.822915911674499512e-01
-1.003758832812309265e-01
5.093045830726623535e-01
7.801795005798339844e-01
-8.978664875030517578e-02
