5.177223682403564453e-01
7.796787023544311523e-01
3.135733948056440568e-07
4.859664440155029297e-01
7.510913610458374023e-01
-2.898103930056095123e-02
4.664379060268402100e-01
7.151656150817871094e-01
-5.034543201327323914e-02
4.487582445144653320e-01
6.950144171714782715e-01
-6.745114922523498535e-02
4.264527559280395508e-01
6.866346597671508789e-01
-8.564202487468719482e-02
5.235151648521423340e-01
7.155707478523254395e-01
-5.226459354162216187e-02
5.392922759056091309e-01
6.899961829185485840e-01
-7.228042930364608765e-02
5.553213953971862793e-01
6.664174795150756836e-01
-8.639712631702423096e-02
5.726962685585021973e-01
6.437826156616210938e-01
-9.667170047760009766e-02
5.542150139808654785e-01
7.232629656791687012e-01
-4.934522509574890137e-02
5.804767012596130371e-01
6.843549013137817383e-01
-6.633684039115905762e-02
6.000096797943115234e-01
6.504607200622558594e-01
-7.648863643407821655e-02
6.189017891883850098e-01
6.204260587692260742e-01
-8.585542440414428711e-02
5.758973956108093262e-01
7.307410836219787598e-01
-4.746646434068679810e-02
6.046768426895141602e-01
6.945167183876037598e-01
-6.319130957126617432e-02
6.250327825546264648e-01
6.629428267478942871e-01
-7.206304371356964111e-02
6.434365510940551758e-01
6.340749263763427734e-01
-7.892434298992156982e-02
5.888229012489318848e-01
7.393780946731567383e-01
-4.763948917388916016e-02
6.173677444458007812e-01
7.133439779281616211e-01
-5.916914343833923340e-02
6.366775631904602051e-01
6.929789781570434570e-01
-6.407187134027481079e-02
6.542838215827941895e-01
6.730236411094665527e-01
-6.884896755218505859e-02
