7.397896051406860352e-01
6.411197185516357422e-01
-2.732784309955604840e-07
6.969341635704040527e-01
5.546560883522033691e-01
4.144258797168731689e-03
6.416553258895874023e-01
4.848936498165130615e-01
-6.974067073315382004e-03
5.926566123962402344e-01
4.311764240264892578e-01
-2.076549641788005829e-02
5.681077241897583008e-01
3.691791892051696777e-01
-3.480195999145507812e-02
5.995655655860900879e-01
5.151715874671936035e-01
-3.441679105162620544e-02
4.958843588829040527e-01
5.256457924842834473e-01
-5.461967736482620239e-02
5.167742371559143066e-01
5.388430953025817871e-01
-6.086933985352516174e-02
5.548392534255981445e-01
5.397092103958129883e-01
-6.073074042797088623e-02
5.949219465255737305e-01
5.834098458290100098e-01
-4.460294917225837708e-02
4.965611398220062256e-01
5.951976180076599121e-01
-5.843115597963333130e-02
5.195109844207763672e-01
6.035087704658508301e-01
-5.572976917028427124e-02
5.552147030830383301e-01
6.034404635429382324e-01
-5.364210531115531921e-02
5.950074195861816406e-01
6.554461717605590820e-01
-5.322838574647903442e-02
4.982983469963073730e-01
6.558434963226318359e-01
-6.151471287012100220e-02
5.190442800521850586e-01
6.631686091423034668e-01
-4.920156300067901611e-02
5.521649718284606934e-01
6.659753322601318359e-01
-4.134825989603996277e-02
5.966205596923828125e-01
7.217111587524414062e-01
-6.093580648303031921e-02
5.105127692222595215e-01
7.198483943939208984e-01
-6.940343230962753296e-02
4.984845221042633057e-01
7.268233299255371094e-01
-6.371570378541946411e-02
5.022114515304565430e-01
7.374135851860046387e-01
-5.845754966139793396e-02
