6.378101110458374023e-01
6.993789076805114746e-01
-3.505431038774986519e-07
6.064299345016479492e-01
6.138101816177368164e-01
-3.843901213258504868e-03
5.512643456459045410e-01
5.217080712318420410e-01
-1.890632696449756622e-02
4.919692277908325195e-01
4.842585921287536621e-01
-3.147538378834724426e-02
4.475844204425811768e-01
5.131390094757080078e-01
-4.524201154708862305e-02
5.548111200332641602e-01
5.426404476165771484e-01
-7.200412452220916748e-02
4.353169202804565430e-01
5.596399903297424316e-01
-1.020052060484886169e-01
4.570320248603820801e-01
5.836926698684692383e-01
-1.095815896987915039e-01
4.966467618942260742e-01
5.886788964271545410e-01
-1.096856743097305298e-01
5.602706074714660645e-01
6.081822514533996582e-01
-8.077476918697357178e-02
4.325805902481079102e-01
6.314573884010314941e-01
-1.061554178595542908e-01
4.593244791030883789e-01
6.473531126976013184e-01
-9.990047663450241089e-02
5.005772709846496582e-01
6.482501626014709473e-01
-9.540591388940811157e-02
5.576369166374206543e-01
6.737616062164306641e-01
-8.669219166040420532e-02
4.381431341171264648e-01
6.937282085418701172e-01
-1.061638295650482178e-01
4.668082892894744873e-01
7.053392529487609863e-01
-8.687840402126312256e-02
5.080280303955078125e-01
7.040675282478332520e-01
-7.366228103637695312e-02
5.469056963920593262e-01
7.383328676223754883e-01
-9.171630442142486572e-02
4.540487527847290039e-01
7.512917518615722656e-01
-1.076914295554161072e-01
4.772269427776336670e-01
7.609764933586120605e-01
-9.499157220125198364e-02
5.123627781867980957e-01
7.636679410934448242e-01
-8.441130816936492920e-02
