5.076830387115478516e-01
8.125550746917724609e-01
2.834244128280261066e-07
4.834042191505432129e-01
7.675781846046447754e-01
-2.107696607708930969e-02
4.691202044486999512e-01
7.239910364151000977e-01
-3.902718424797058105e-02
4.499099254608154297e-01
6.996366381645202637e-01
-5.421048402786254883e-02
4.204208552837371826e-01
6.911475062370300293e-01
-7.115191966295242310e-02
5.020174384117126465e-01
7.483900189399719238e-01
-5.006902664899826050e-02
5.237942934036254883e-01
7.202091813087463379e-01
-6.959521770477294922e-02
5.428272485733032227e-01
6.938965916633605957e-01
-8.201913535594940186e-02
5.621354579925537109e-01
6.692484021186828613e-01
-9.088802337646484375e-02
5.339148044586181641e-01
7.673394680023193359e-01
-5.050727352499961853e-02
5.642281174659729004e-01
7.238684296607971191e-01
-6.705494970083236694e-02
5.862163305282592773e-01
6.830812692642211914e-01
-7.613061368465423584e-02
6.043826937675476074e-01
6.473856568336486816e-01
-8.490573614835739136e-02
5.590965747833251953e-01
7.806050181388854980e-01
-5.114147812128067017e-02
5.909012556076049805e-01
7.390605807304382324e-01
-6.655180454254150391e-02
6.127581000328063965e-01
7.022268176078796387e-01
-7.513298839330673218e-02
6.295964717864990234e-01
6.687594056129455566e-01
-8.146252483129501343e-02
5.769500136375427246e-01
7.896890640258789062e-01
-5.295551940798759460e-02
6.081555485725402832e-01
7.605692148208618164e-01
-6.432516872882843018e-02
6.287323236465454102e-01
7.358964681625366211e-01
-6.982971727848052979e-02
6.452623605728149414e-01
7.117861509323120117e-01
-7.519605010747909546e-02
