7.966873645782470703e-01
5.577310323715209961e-01
1.897593193689317559e-07
7.881376743316650391e-01
4.831419885158538818e-01
-1.619103178381919861e-02
7.566896677017211914e-01
4.160358011722564697e-01
-2.988012321293354034e-02
7.368116974830627441e-01
3.568400442600250244e-01
-4.090102761983871460e-02
7.414737343788146973e-01
3.075069189071655273e-01
-5.410998314619064331e-02
7.098467946052551270e-01
4.476377665996551514e-01
-4.718712344765663147e-02
6.422409415245056152e-01
4.336876869201660156e-01
-6.667852401733398438e-02
5.988178253173828125e-01
4.300985932350158691e-01
-7.850205153226852417e-02
5.647671818733215332e-01
4.300246238708496094e-01
-8.685086667537689209e-02
7.019644379615783691e-01
4.943558573722839355e-01
-4.987663403153419495e-02
6.313770413398742676e-01
4.821477532386779785e-01
-6.805081665515899658e-02
5.880029797554016113e-01
4.748128354549407959e-01
-7.857833802700042725e-02
5.542466044425964355e-01
4.690762162208557129e-01
-8.687944710254669189e-02
7.014111280441284180e-01
5.373253226280212402e-01
-5.194214358925819397e-02
6.385722160339355469e-01
5.322785973548889160e-01
-6.603932380676269531e-02
5.985038280487060547e-01
5.250602364540100098e-01
-7.420112192630767822e-02
5.669051408767700195e-01
5.187419056892395020e-01
-8.044237643480300903e-02
7.059945464134216309e-01
5.744637250900268555e-01
-5.479926615953445435e-02
6.596013307571411133e-01
5.780394673347473145e-01
-6.618235260248184204e-02
6.278955340385437012e-01
5.780550837516784668e-01
-7.125371694564819336e-02
6.011495590209960938e-01
5.755746364593505859e-01
-7.462014257907867432e-02
