7.963681817054748535e-01
3.963652849197387695e-01
-4.560432742550801777e-08
7.935629487037658691e-01
3.442398309707641602e-01
1.133360899984836578e-02
7.780697941780090332e-01
2.924255728721618652e-01
1.207424048334360123e-02
7.662423849105834961e-01
2.541688680648803711e-01
1.078740879893302917e-02
7.684582471847534180e-01
2.245547175407409668e-01
7.695895154029130936e-03
7.626641392707824707e-01
2.670723795890808105e-01
-1.057280413806438446e-02
7.228569984436035156e-01
2.224617898464202881e-01
-1.906764693558216095e-02
6.946576237678527832e-01
2.020804435014724731e-01
-2.241961285471916199e-02
6.725745201110839844e-01
1.901721954345703125e-01
-2.420076914131641388e-02
7.529082894325256348e-01
2.859326303005218506e-01
-2.101345732808113098e-02
7.019699811935424805e-01
2.413167655467987061e-01
-2.919815294444561005e-02
6.695281863212585449e-01
2.228196561336517334e-01
-3.157186508178710938e-02
6.438450813293457031e-01
2.126070559024810791e-01
-3.317116945981979370e-02
7.421218156814575195e-01
3.128060102462768555e-01
-2.941196039319038391e-02
6.923178434371948242e-01
2.742538154125213623e-01
-3.612696379423141479e-02
6.613632440567016602e-01
2.594773471355438232e-01
-3.764515370130538940e-02
6.373432278633117676e-01
2.514061927795410156e-01
-3.881962969899177551e-02
7.309049963951110840e-01
3.457256555557250977e-01
-3.615178167819976807e-02
6.931428909301757812e-01
3.226000368595123291e-01
-4.335946217179298401e-02
6.699026226997375488e-01
3.131929636001586914e-01
-4.479197040200233459e-02
6.500954627990722656e-01
3.072442114353179932e-01
-4.493353143334388733e-02
