6.718724370002746582e-01
6.194955110549926758e-01
1.948760086634138133e-08
6.680493354797363281e-01
5.563904643058776855e-01
-1.446557883173227310e-02
6.392806172370910645e-01
4.987649917602539062e-01
-2.545445598661899567e-02
6.037586331367492676e-01
4.596354365348815918e-01
-3.369941934943199158e-02
5.800999402999877930e-01
4.229727387428283691e-01
-4.161311686038970947e-02
6.226310729980468750e-01
5.269030928611755371e-01
-3.219119459390640259e-02
5.719314217567443848e-01
5.102566480636596680e-01
-4.851752519607543945e-02
5.770472288131713867e-01
5.181270241737365723e-01
-5.603513121604919434e-02
5.914452075958251953e-01
5.262044072151184082e-01
-5.856481194496154785e-02
6.128315329551696777e-01
5.719025135040283203e-01
-2.967460453510284424e-02
5.634345412254333496e-01
5.563477873802185059e-01
-4.146305844187736511e-02
5.679550170898437500e-01
5.618665218353271484e-01
-4.455926641821861267e-02
5.802398324012756348e-01
5.702832937240600586e-01
-4.674772545695304871e-02
6.054178476333618164e-01
6.128149628639221191e-01
-2.778679318726062775e-02
5.629148483276367188e-01
5.960209965705871582e-01
-3.694491088390350342e-02
5.662651658058166504e-01
5.991659760475158691e-01
-3.365077823400497437e-02
5.754579305648803711e-01
6.052204370498657227e-01
-3.125821053981781006e-02
6.002317070960998535e-01
6.473243832588195801e-01
-2.630292996764183044e-02
5.644837617874145508e-01
6.338248848915100098e-01
-3.144944086670875549e-02
5.677616596221923828e-01
6.351989507675170898e-01
-2.709538675844669342e-02
5.747354626655578613e-01
6.406124234199523926e-01
-2.344466187059879303e-02
