6.537315249443054199e-01
7.952101230621337891e-01
-1.250193975010915892e-07
6.155641674995422363e-01
6.905191540718078613e-01
-1.647317223250865936e-02
5.506260395050048828e-01
5.999083518981933594e-01
-3.666303306818008423e-02
4.730361402034759521e-01
5.697470903396606445e-01
-4.903140291571617126e-02
4.198906421661376953e-01
6.015444993972778320e-01
-6.094017252326011658e-02
5.568940043449401855e-01
6.604464650154113770e-01
-1.001663208007812500e-01
4.168421626091003418e-01
6.648840904235839844e-01
-1.310994029045104980e-01
4.463706612586975098e-01
6.714110374450683594e-01
-1.337713301181793213e-01
4.966734349727630615e-01
6.682121753692626953e-01
-1.283938586711883545e-01
5.556508302688598633e-01
7.427813410758972168e-01
-9.887795150279998779e-02
4.100246727466583252e-01
7.395440936088562012e-01
-1.264162957668304443e-01
4.382463693618774414e-01
7.456657290458679199e-01
-1.187650337815284729e-01
4.865456819534301758e-01
7.501530051231384277e-01
-1.109452173113822937e-01
5.472167730331420898e-01
8.200716972351074219e-01
-9.337334334850311279e-02
4.142308831214904785e-01
8.156725168228149414e-01
-1.148386746644973755e-01
4.439711570739746094e-01
8.132506012916564941e-01
-9.369273483753204346e-02
4.893842935562133789e-01
8.112217187881469727e-01
-7.669982314109802246e-02
5.371398329734802246e-01
8.921301960945129395e-01
-8.666083961725234985e-02
4.265534877777099609e-01
8.824250698089599609e-01
-1.045267060399055481e-01
4.549041092395782471e-01
8.745222091674804688e-01
-8.897680789232254028e-02
4.982161223888397217e-01
8.700882196426391602e-01
-7.478269934654235840e-02
