7.843595743179321289e-01
4.321890175342559814e-01
-2.892920463182235835e-07
7.826152443885803223e-01
3.702753484249114990e-01
1.089666411280632019e-02
7.671159505844116211e-01
3.074233233928680420e-01
1.155284885317087173e-02
7.539936304092407227e-01
2.621531486511230469e-01
9.119969792664051056e-03
7.555021047592163086e-01
2.283999323844909668e-01
6.774027366191148758e-03
7.532711029052734375e-01
2.825379371643066406e-01
-3.630734747275710106e-03
6.988726258277893066e-01
2.469534426927566528e-01
-1.244758442044258118e-02
6.977491378784179688e-01
2.707480490207672119e-01
-1.597183384001255035e-02
7.132356166839599609e-01
2.899267971515655518e-01
-1.648907549679279327e-02
7.396317720413208008e-01
3.067858815193176270e-01
-1.267981342971324921e-02
6.835089921951293945e-01
2.720154821872711182e-01
-2.081349864602088928e-02
6.866118311882019043e-01
2.935657501220703125e-01
-1.933799684047698975e-02
7.036883831024169922e-01
3.097046315670013428e-01
-1.710099726915359497e-02
7.245610356330871582e-01
3.339803218841552734e-01
-2.049061283469200134e-02
6.731745004653930664e-01
2.997601628303527832e-01
-2.697166241705417633e-02
6.788606047630310059e-01
3.193419277667999268e-01
-1.869985461235046387e-02
6.954574584960937500e-01
3.348566293716430664e-01
-1.184143591672182083e-02
7.091903090476989746e-01
3.638415932655334473e-01
-2.715296670794487000e-02
6.699799895286560059e-01
3.310830891132354736e-01
-3.179115429520606995e-02
6.760495901107788086e-01
3.456615507602691650e-01
-2.417007088661193848e-02
6.905401349067687988e-01
3.617786467075347900e-01
-1.677149347960948944e-02
