5.163459777832031250e-01
8.371438980102539062e-01
2.889763095481612254e-07
4.915005266666412354e-01
8.008614182472229004e-01
-2.184872515499591827e-02
4.755132198333740234e-01
7.677688598632812500e-01
-4.045591130852699280e-02
4.581801295280456543e-01
7.528439760208129883e-01
-5.615284293889999390e-02
4.336394965648651123e-01
7.491239905357360840e-01
-7.361372560262680054e-02
5.151649117469787598e-01
7.817412614822387695e-01
-4.725476354360580444e-02
5.326268076896667480e-01
7.617555856704711914e-01
-6.396012008190155029e-02
5.470660924911499023e-01
7.418369650840759277e-01
-7.548362761735916138e-02
5.622256994247436523e-01
7.228118181228637695e-01
-8.384773135185241699e-02
5.444046258926391602e-01
7.962202429771423340e-01
-4.665598273277282715e-02
5.755730867385864258e-01
7.625249028205871582e-01
-5.964253842830657959e-02
5.979244112968444824e-01
7.340688109397888184e-01
-6.756876409053802490e-02
6.171412467956542969e-01
7.108119726181030273e-01
-7.552250474691390991e-02
5.663445591926574707e-01
8.073848485946655273e-01
-4.626350104808807373e-02
5.981469154357910156e-01
7.743968963623046875e-01
-5.698436126112937927e-02
6.199214458465576172e-01
7.485109567642211914e-01
-6.414295732975006104e-02
6.385532617568969727e-01
7.256262898445129395e-01
-7.038451731204986572e-02
5.806019902229309082e-01
8.169006109237670898e-01
-4.733263328671455383e-02
6.090813875198364258e-01
7.929822206497192383e-01
-5.443985760211944580e-02
6.285619139671325684e-01
7.757217884063720703e-01
-5.700626969337463379e-02
6.450318098068237305e-01
7.607496976852416992e-01
-6.060876324772834778e-02
