6.266511678695678711e-01
6.713319420814514160e-01
1.346511613320444667e-08
6.181785464286804199e-01
6.053681373596191406e-01
-1.555640902370214462e-02
5.794648528099060059e-01
5.527673363685607910e-01
-2.972789853811264038e-02
5.324971675872802734e-01
5.315518379211425781e-01
-4.038790985941886902e-02
4.932666718959808350e-01
5.355888605117797852e-01
-5.287632718682289124e-02
5.737025737762451172e-01
5.737122297286987305e-01
-5.426936596632003784e-02
5.081906318664550781e-01
5.770707726478576660e-01
-7.773014903068542480e-02
4.947003722190856934e-01
5.819327235221862793e-01
-8.924613147974014282e-02
4.956945180892944336e-01
5.871181488037109375e-01
-9.440704435110092163e-02
5.709311962127685547e-01
6.206486821174621582e-01
-5.447936803102493286e-02
5.071548819541931152e-01
6.254350543022155762e-01
-7.408355176448822021e-02
4.881257116794586182e-01
6.309918761253356934e-01
-8.114407211542129517e-02
4.823248386383056641e-01
6.377167701721191406e-01
-8.625132590532302856e-02
5.689738392829895020e-01
6.641420125961303711e-01
-5.395058915019035339e-02
5.126751065254211426e-01
6.671781539916992188e-01
-7.056225091218948364e-02
4.920668900012969971e-01
6.723356842994689941e-01
-7.035385072231292725e-02
4.809457063674926758e-01
6.759936213493347168e-01
-7.001151144504547119e-02
5.676988363265991211e-01
7.017854452133178711e-01
-5.331970378756523132e-02
5.230711698532104492e-01
7.055702209472656250e-01
-6.741953641176223755e-02
5.041644573211669922e-01
7.101517915725708008e-01
-6.714559346437454224e-02
4.916836023330688477e-01
7.131873369216918945e-01
-6.578819453716278076e-02
