4.468155205249786377e-01
5.659198760986328125e-01
2.468954676260182168e-07
4.638850986957550049e-01
5.179629325866699219e-01
-1.147618331015110016e-02
4.940984547138214111e-01
4.887972772121429443e-01
-1.940994150936603546e-02
5.216180682182312012e-01
4.816472232341766357e-01
-2.463185228407382965e-02
5.410934090614318848e-01
4.915512204170227051e-01
-2.967890165746212006e-02
5.054017305374145508e-01
5.133870244026184082e-01
-2.563992701470851898e-02
5.433252453804016113e-01
5.155459046363830566e-01
-3.479528054594993591e-02
5.659581422805786133e-01
5.208047628402709961e-01
-3.972397372126579285e-02
5.848221778869628906e-01
5.246021151542663574e-01
-4.288341104984283447e-02
5.049738287925720215e-01
5.464739203453063965e-01
-2.455808967351913452e-02
5.419206619262695312e-01
5.493633747100830078e-01
-3.234615549445152283e-02
5.668762922286987305e-01
5.511858463287353516e-01
-3.601193428039550781e-02
5.873195528984069824e-01
5.523954629898071289e-01
-3.893485665321350098e-02
5.014272928237915039e-01
5.788457393646240234e-01
-2.331510744988918304e-02
5.353776216506958008e-01
5.837351083755493164e-01
-3.100161626935005188e-02
5.603536367416381836e-01
5.823020935058593750e-01
-3.238395601511001587e-02
5.811987519264221191e-01
5.816812515258789062e-01
-3.309567645192146301e-02
4.971075952053070068e-01
6.087629199028015137e-01
-2.239215373992919922e-02
5.252364277839660645e-01
6.116250753402709961e-01
-2.957357093691825867e-02
5.449092984199523926e-01
6.099254488945007324e-01
-2.964727021753787994e-02
5.622870326042175293e-01
6.082569956779479980e-01
-2.887506596744060516e-02
