4.510171413421630859e-01
5.599510073661804199e-01
2.708853799049393274e-07
4.720275104045867920e-01
5.099728107452392578e-01
-1.118085533380508423e-02
5.028618574142456055e-01
4.791892170906066895e-01
-2.016723155975341797e-02
5.336468219757080078e-01
4.714853465557098389e-01
-2.595179900527000427e-02
5.578176975250244141e-01
4.791184961795806885e-01
-3.086864389479160309e-02
5.091146230697631836e-01
5.066220164299011230e-01
-3.106714785099029541e-02
5.494117736816406250e-01
5.139429569244384766e-01
-4.085197299718856812e-02
5.731545090675354004e-01
5.207677483558654785e-01
-4.415463656187057495e-02
5.903397798538208008e-01
5.247933864593505859e-01
-4.575602710247039795e-02
5.062863230705261230e-01
5.474513769149780273e-01
-3.019908256828784943e-02
5.458990335464477539e-01
5.539946556091308594e-01
-3.875407949090003967e-02
5.712485313415527344e-01
5.566776990890502930e-01
-4.113591834902763367e-02
5.900179743766784668e-01
5.554641485214233398e-01
-4.311098903417587280e-02
5.013094544410705566e-01
5.830075144767761230e-01
-2.864008210599422455e-02
5.342333912849426270e-01
5.900248885154724121e-01
-3.682447969913482666e-02
5.582404136657714844e-01
5.880092382431030273e-01
-3.772992640733718872e-02
5.763911604881286621e-01
5.840898156166076660e-01
-3.796060383319854736e-02
4.967532157897949219e-01
6.123490333557128906e-01
-2.711986377835273743e-02
5.237258672714233398e-01
6.137833595275878906e-01
-3.483028709888458252e-02
5.425755381584167480e-01
6.104089617729187012e-01
-3.521886840462684631e-02
5.569416880607604980e-01
6.068294048309326172e-01
-3.432567417621612549e-02
