4.160314798355102539e-01
5.891416072845458984e-01
4.060667606609058566e-07
4.294575452804565430e-01
5.993254780769348145e-01
-2.164284884929656982e-02
4.460425972938537598e-01
6.042689085006713867e-01
-4.518262669444084167e-02
4.582403600215911865e-01
6.094782352447509766e-01
-6.539253890514373779e-02
4.666795432567596436e-01
6.323617696762084961e-01
-8.581325411796569824e-02
4.764022827148437500e-01
5.958273410797119141e-01
-5.582037940621376038e-02
5.215409994125366211e-01
5.938541293144226074e-01
-8.036861568689346313e-02
5.459755659103393555e-01
6.000000834465026855e-01
-9.396308660507202148e-02
5.661895275115966797e-01
6.077486276626586914e-01
-1.021135523915290833e-01
4.797936677932739258e-01
5.790196061134338379e-01
-5.579043924808502197e-02
5.303537249565124512e-01
5.862352848052978516e-01
-7.762701809406280518e-02
5.609120726585388184e-01
5.995355844497680664e-01
-8.607066422700881958e-02
5.855074524879455566e-01
6.149839162826538086e-01
-9.138823300600051880e-02
4.794576466083526611e-01
5.672469139099121094e-01
-5.587206035852432251e-02
5.282853841781616211e-01
5.697559714317321777e-01
-7.272879034280776978e-02
5.575424432754516602e-01
5.828648805618286133e-01
-7.655404508113861084e-02
5.811037421226501465e-01
5.984166264533996582e-01
-7.841107249259948730e-02
4.777866899967193604e-01
5.575708150863647461e-01
-5.704067647457122803e-02
5.145817995071411133e-01
5.515526533126831055e-01
-6.787673383951187134e-02
5.378868579864501953e-01
5.529454946517944336e-01
-6.949530541896820068e-02
5.566450357437133789e-01
5.586712360382080078e-01
-7.014334946870803833e-02
