7.489239573478698730e-01
4.598078727722167969e-01
1.769911222027076292e-07
7.680512070655822754e-01
3.941833674907684326e-01
-2.044255845248699188e-03
7.668056488037109375e-01
3.251949548721313477e-01
-7.856720127165317535e-03
7.668764591217041016e-01
2.701784968376159668e-01
-1.358251832425594330e-02
7.778056859970092773e-01
2.349604815244674683e-01
-2.091140113770961761e-02
7.216435670852661133e-01
3.068551421165466309e-01
-2.097542211413383484e-02
6.784102320671081543e-01
2.545234858989715576e-01
-2.874722890555858612e-02
6.490662693977355957e-01
2.259429097175598145e-01
-3.250508010387420654e-02
6.269580721855163574e-01
2.074027061462402344e-01
-3.513784334063529968e-02
6.940963864326477051e-01
3.302529752254486084e-01
-2.543516643345355988e-02
6.488319635391235352e-01
2.740885615348815918e-01
-3.061323054134845734e-02
6.205382943153381348e-01
2.467086017131805420e-01
-3.270899504423141479e-02
6.013756990432739258e-01
2.305233776569366455e-01
-3.471332415938377380e-02
6.715573072433471680e-01
3.609890043735504150e-01
-2.861311659216880798e-02
6.295903921127319336e-01
3.103058338165283203e-01
-3.140931203961372375e-02
6.030424237251281738e-01
2.850693166255950928e-01
-3.303148970007896423e-02
5.857537388801574707e-01
2.693803012371063232e-01
-3.559996932744979858e-02
6.546636223793029785e-01
3.967079222202301025e-01
-3.154394775629043579e-02
6.184928417205810547e-01
3.705005049705505371e-01
-3.471776470541954041e-02
5.968469977378845215e-01
3.542721569538116455e-01
-3.471015393733978271e-02
5.815152525901794434e-01
3.400862216949462891e-01
-3.445637971162796021e-02
