4.533427655696868896e-01
5.665434598922729492e-01
2.631918221140949754e-07
4.715762436389923096e-01
5.183016061782836914e-01
-1.298020407557487488e-02
5.020112395286560059e-01
4.832441210746765137e-01
-2.245844341814517975e-02
5.318419337272644043e-01
4.717955887317657471e-01
-2.858787588775157928e-02
5.563363432884216309e-01
4.797756075859069824e-01
-3.375507518649101257e-02
5.087646842002868652e-01
5.124045610427856445e-01
-2.986394055187702179e-02
5.468319058418273926e-01
5.178620219230651855e-01
-3.975816443562507629e-02
5.699687004089355469e-01
5.238636136054992676e-01
-4.393133893609046936e-02
5.883809924125671387e-01
5.284069776535034180e-01
-4.635084420442581177e-02
5.068761706352233887e-01
5.527827143669128418e-01
-2.820821106433868408e-02
5.449140667915344238e-01
5.601012706756591797e-01
-3.580323979258537292e-02
5.696414113044738770e-01
5.638848543167114258e-01
-3.827657178044319153e-02
5.899310708045959473e-01
5.647367238998413086e-01
-4.066006839275360107e-02
5.026629567146301270e-01
5.884990692138671875e-01
-2.616932429373264313e-02
5.351326465606689453e-01
5.945621728897094727e-01
-3.335293754935264587e-02
5.579107999801635742e-01
5.924815535545349121e-01
-3.302701190114021301e-02
5.760980844497680664e-01
5.897818207740783691e-01
-3.266576305031776428e-02
4.984034001827239990e-01
6.179245710372924805e-01
-2.445751242339611053e-02
5.252813696861267090e-01
6.183547377586364746e-01
-3.044523671269416809e-02
5.428692698478698730e-01
6.146374344825744629e-01
-2.912271767854690552e-02
5.566614270210266113e-01
6.113274097442626953e-01
-2.738678455352783203e-02
