7.618424892425537109e-01
4.292210340499877930e-01
1.960425350944206002e-07
7.778938412666320801e-01
3.658556342124938965e-01
-1.338658737950026989e-03
7.752014994621276855e-01
3.012604415416717529e-01
-7.991805672645568848e-03
7.739689946174621582e-01
2.486820518970489502e-01
-1.481047645211219788e-02
7.855501770973205566e-01
2.140173316001892090e-01
-2.340844832360744476e-02
7.364441752433776855e-01
2.825441360473632812e-01
-2.439310960471630096e-02
6.935583949089050293e-01
2.286010384559631348e-01
-3.442544490098953247e-02
6.650645136833190918e-01
1.992815881967544556e-01
-3.941953182220458984e-02
6.418883204460144043e-01
1.790611147880554199e-01
-4.279799759387969971e-02
7.122073769569396973e-01
3.068190813064575195e-01
-3.039677441120147705e-02
6.638355851173400879e-01
2.491336017847061157e-01
-3.884581476449966431e-02
6.335512399673461914e-01
2.176258265972137451e-01
-4.268781468272209167e-02
6.108454465866088867e-01
1.966547816991806030e-01
-4.580846056342124939e-02
6.912504434585571289e-01
3.379991650581359863e-01
-3.482009470462799072e-02
6.465940475463867188e-01
2.865255475044250488e-01
-4.045670107007026672e-02
6.198031902313232422e-01
2.605411410331726074e-01
-4.261616617441177368e-02
6.009878516197204590e-01
2.439171671867370605e-01
-4.499100148677825928e-02
6.739415526390075684e-01
3.729732036590576172e-01
-3.882263228297233582e-02
6.364385485649108887e-01
3.429299294948577881e-01
-4.442589730024337769e-02
6.141291856765747070e-01
3.266245722770690918e-01
-4.494513571262359619e-02
5.966368913650512695e-01
3.135561347007751465e-01
-4.469461366534233093e-02
