7.564491033554077148e-01
4.421626627445220947e-01
1.901508710488997167e-07
7.729766368865966797e-01
3.779580295085906982e-01
-2.562873763963580132e-03
7.696614265441894531e-01
3.115710914134979248e-01
-8.834386244416236877e-03
7.682403922080993652e-01
2.582572996616363525e-01
-1.493461243808269501e-02
7.792851924896240234e-01
2.229300439357757568e-01
-2.246030792593955994e-02
7.272416949272155762e-01
2.909370958805084229e-01
-2.301808632910251617e-02
6.863581538200378418e-01
2.379809617996215820e-01
-3.242280706763267517e-02
6.577078104019165039e-01
2.086430191993713379e-01
-3.762178868055343628e-02
6.339286565780639648e-01
1.882128417491912842e-01
-4.121997952461242676e-02
7.017914056777954102e-01
3.152685165405273438e-01
-2.789819799363613129e-02
6.567401885986328125e-01
2.592357695102691650e-01
-3.537718951702117920e-02
6.264443397521972656e-01
2.290501743555068970e-01
-3.914476558566093445e-02
6.032527089118957520e-01
2.084842473268508911e-01
-4.234419390559196472e-02
6.803342700004577637e-01
3.461559414863586426e-01
-3.139124438166618347e-02
6.389969587326049805e-01
2.974376678466796875e-01
-3.578353300690650940e-02
6.128658056259155273e-01
2.715593874454498291e-01
-3.776888549327850342e-02
5.944482684135437012e-01
2.544851005077362061e-01
-4.021820425987243652e-02
6.632664203643798828e-01
3.813356757164001465e-01
-3.475343436002731323e-02
6.275967359542846680e-01
3.535762727260589600e-01
-3.870045393705368042e-02
6.056326627731323242e-01
3.368000090122222900e-01
-3.874628245830535889e-02
5.889132022857666016e-01
3.226893246173858643e-01
-3.834582120180130005e-02
