7.960605025291442871e-01
4.168419241905212402e-01
-2.724640353335416876e-07
7.960376143455505371e-01
3.574903905391693115e-01
1.418898254632949829e-02
7.823942899703979492e-01
3.006495237350463867e-01
1.639148034155368805e-02
7.714056372642517090e-01
2.574355006217956543e-01
1.526151411235332489e-02
7.746454477310180664e-01
2.239038944244384766e-01
1.391671970486640930e-02
7.639563679695129395e-01
2.726283073425292969e-01
-2.137580653652548790e-03
7.180672883987426758e-01
2.291420251131057739e-01
-1.055724732577800751e-02
6.958885192871093750e-01
2.438350468873977661e-01
-1.186931505799293518e-02
6.934790611267089844e-01
2.628825902938842773e-01
-1.061978377401828766e-02
7.501512169837951660e-01
2.927341461181640625e-01
-1.193966716527938843e-02
6.990900635719299316e-01
2.532208859920501709e-01
-1.930221915245056152e-02
6.873444914817810059e-01
2.761813402175903320e-01
-1.499346364289522171e-02
6.949511766433715820e-01
2.945990860462188721e-01
-1.039832830429077148e-02
7.344427704811096191e-01
3.200209736824035645e-01
-2.031411416828632355e-02
6.869726777076721191e-01
2.875187397003173828e-01
-2.446523122489452362e-02
6.825924515724182129e-01
3.069943189620971680e-01
-1.465277094393968582e-02
6.935122013092041016e-01
3.219910860061645508e-01
-7.133085280656814575e-03
7.196901440620422363e-01
3.521918654441833496e-01
-2.736515738070011139e-02
6.805483698844909668e-01
3.277561962604522705e-01
-2.864292822778224945e-02
6.752039790153503418e-01
3.328272998332977295e-01
-2.121502347290515900e-02
6.811519265174865723e-01
3.383623063564300537e-01
-1.466597989201545715e-02
