6.965057253837585449e-01
5.381848216056823730e-01
2.757587367341329809e-07
7.020058035850524902e-01
4.696432948112487793e-01
-1.750561874359846115e-03
6.862417459487915039e-01
4.082943201065063477e-01
-5.204815417528152466e-03
6.789109110832214355e-01
3.574993014335632324e-01
-9.609895758330821991e-03
6.862066388130187988e-01
3.193503022193908691e-01
-1.514743920415639877e-02
6.467457413673400879e-01
4.125662147998809814e-01
-9.692007675766944885e-03
6.005716919898986816e-01
3.726216256618499756e-01
-1.630912348628044128e-02
5.706418752670288086e-01
3.499086499214172363e-01
-2.056881599128246307e-02
5.478945970535278320e-01
3.330447673797607422e-01
-2.400466427206993103e-02
6.234222054481506348e-01
4.410471916198730469e-01
-1.424422860145568848e-02
5.738608241081237793e-01
3.988398313522338867e-01
-1.870671473443508148e-02
5.447707772254943848e-01
3.729626834392547607e-01
-2.318418957293033600e-02
5.237941741943359375e-01
3.519921302795410156e-01
-2.721664123237133026e-02
6.054111719131469727e-01
4.743683934211730957e-01
-1.852860301733016968e-02
5.578919053077697754e-01
4.362468421459197998e-01
-2.106569148600101471e-02
5.284121632575988770e-01
4.126161932945251465e-01
-2.578343823552131653e-02
5.073397755622863770e-01
3.931654691696166992e-01
-3.046853467822074890e-02
5.932928919792175293e-01
5.084108114242553711e-01
-2.289546281099319458e-02
5.566598773002624512e-01
4.872578382492065430e-01
-2.568603307008743286e-02
5.322360992431640625e-01
4.745390415191650391e-01
-2.765321731567382812e-02
5.135685205459594727e-01
4.631595611572265625e-01
-2.923349663615226746e-02
