7.552097439765930176e-01
5.072609782218933105e-01
1.968387550732586533e-07
7.646149992942810059e-01
4.396794140338897705e-01
-9.698871523141860962e-03
7.499610185623168945e-01
3.744550645351409912e-01
-1.902526430785655975e-02
7.345012426376342773e-01
3.228295445442199707e-01
-2.657761238515377045e-02
7.352851629257202148e-01
2.811714410781860352e-01
-3.534051030874252319e-02
7.088486552238464355e-01
3.776157498359680176e-01
-3.004853799939155579e-02
6.596177220344543457e-01
3.484167158603668213e-01
-4.364744573831558228e-02
6.275268793106079102e-01
3.342654705047607422e-01
-5.136293172836303711e-02
6.016340255737304688e-01
3.246418237686157227e-01
-5.652018263936042786e-02
6.867735385894775391e-01
4.126693010330200195e-01
-3.204829245805740356e-02
6.332281231880187988e-01
3.795170187950134277e-01
-4.556977376341819763e-02
5.994311571121215820e-01
3.582538366317749023e-01
-5.333769321441650391e-02
5.724403858184814453e-01
3.399064242839813232e-01
-5.887350067496299744e-02
6.696141362190246582e-01
4.479042589664459229e-01
-3.331297636032104492e-02
6.200260519981384277e-01
4.146871566772460938e-01
-4.422834143042564392e-02
5.889679193496704102e-01
3.930759429931640625e-01
-5.002549663186073303e-02
5.653743743896484375e-01
3.743751049041748047e-01
-5.392998829483985901e-02
6.578416228294372559e-01
4.798151850700378418e-01
-3.471539169549942017e-02
6.197994351387023926e-01
4.517629742622375488e-01
-4.382161051034927368e-02
5.959150791168212891e-01
4.332715272903442383e-01
-4.766270518302917480e-02
5.767329335212707520e-01
4.146160781383514404e-01
-4.947270452976226807e-02
