5.528923869132995605e-01
7.554417848587036133e-01
1.628235395401134156e-07
6.120622158050537109e-01
7.609789371490478516e-01
-5.781138781458139420e-03
6.696811914443969727e-01
7.995741367340087891e-01
-1.405757665634155273e-02
7.071260213851928711e-01
8.383387923240661621e-01
-2.224412746727466583e-02
7.385969758033752441e-01
8.647000789642333984e-01
-3.175017610192298889e-02
6.547511219978332520e-01
7.996349334716796875e-01
-3.297953680157661438e-02
6.641900539398193359e-01
8.435937166213989258e-01
-5.549469217658042908e-02
6.702443361282348633e-01
8.698340058326721191e-01
-7.054975628852844238e-02
6.789152026176452637e-01
8.814936280250549316e-01
-8.091548830270767212e-02
6.265597343444824219e-01
8.055940270423889160e-01
-4.319309070706367493e-02
6.437432169914245605e-01
8.582699298858642578e-01
-6.416268646717071533e-02
6.597837209701538086e-01
8.690713644027709961e-01
-7.497633248567581177e-02
6.701785326004028320e-01
8.599970340728759766e-01
-8.409856259822845459e-02
5.934055447578430176e-01
8.087606430053710938e-01
-5.376891791820526123e-02
6.075646281242370605e-01
8.565631508827209473e-01
-7.675545662641525269e-02
6.232322454452514648e-01
8.684788346290588379e-01
-8.727180957794189453e-02
6.383316516876220703e-01
8.684049844741821289e-01
-9.523119032382965088e-02
5.552299618721008301e-01
8.094840049743652344e-01
-6.376208364963531494e-02
5.532585978507995605e-01
8.648191094398498535e-01
-8.709966391324996948e-02
5.578483343124389648e-01
8.919310569763183594e-01
-9.737458825111389160e-02
5.643239617347717285e-01
9.076794385910034180e-01
-1.047792434692382812e-01
