7.982685565948486328e-01
4.059231281280517578e-01
-1.891116596652864246e-07
7.992817163467407227e-01
3.499589860439300537e-01
1.663227751851081848e-02
7.846390604972839355e-01
2.966212928295135498e-01
2.043932303786277771e-02
7.726832032203674316e-01
2.551625967025756836e-01
2.107770554721355438e-02
7.765357494354248047e-01
2.231530845165252686e-01
2.109594643115997314e-02
7.635353803634643555e-01
2.685337364673614502e-01
-1.097542233765125275e-03
7.194868922233581543e-01
2.237480878829956055e-01
-6.717262323945760727e-03
6.958355903625488281e-01
2.291472852230072021e-01
-5.728126503527164459e-03
6.896576285362243652e-01
2.437900900840759277e-01
-2.833313308656215668e-03
7.505230903625488281e-01
2.882777750492095947e-01
-1.084025856107473373e-02
7.008728384971618652e-01
2.445507645606994629e-01
-1.534610800445079803e-02
6.835229396820068359e-01
2.562817335128784180e-01
-1.018315181136131287e-02
6.836540102958679199e-01
2.736923992633819580e-01
-5.202363245189189911e-03
7.359088063240051270e-01
3.155963420867919922e-01
-1.875604316592216492e-02
6.892846226692199707e-01
2.787467539310455322e-01
-2.037958614528179169e-02
6.747333407402038574e-01
2.886146903038024902e-01
-1.230469346046447754e-02
6.745212674140930176e-01
3.024300932884216309e-01
-6.383925676345825195e-03
7.223597764968872070e-01
3.485453128814697266e-01
-2.493043057620525360e-02
6.835410594940185547e-01
3.229998946189880371e-01
-2.471558749675750732e-02
6.721931695938110352e-01
3.231267333030700684e-01
-1.875902712345123291e-02
6.704373359680175781e-01
3.277871906757354736e-01
-1.355211716145277023e-02
