8.529543280601501465e-01
3.463689684867858887e-01
-1.829523341712047113e-07
8.561684489250183105e-01
3.056581616401672363e-01
2.324404194951057434e-02
8.456747531890869141e-01
2.645494639873504639e-01
3.218885511159896851e-02
8.374288082122802734e-01
2.361712902784347534e-01
3.642496839165687561e-02
8.420812487602233887e-01
2.129811346530914307e-01
4.038789495825767517e-02
8.189017772674560547e-01
2.266721129417419434e-01
1.737442240118980408e-02
7.864822745323181152e-01
1.875449717044830322e-01
1.682597398757934570e-02
7.616775631904602051e-01
1.860781162977218628e-01
1.927487552165985107e-02
7.478070855140686035e-01
1.946507096290588379e-01
2.277229353785514832e-02
8.069872856140136719e-01
2.351557314395904541e-01
5.455511156469583511e-03
7.648999691009521484e-01
1.953910738229751587e-01
3.854431677609682083e-03
7.380751967430114746e-01
1.948796212673187256e-01
8.685202337801456451e-03
7.220102548599243164e-01
2.030091732740402222e-01
1.424699276685714722e-02
7.937012314796447754e-01
2.522259354591369629e-01
-5.046857986599206924e-03
7.521299123764038086e-01
2.178650051355361938e-01
-4.576798994094133377e-03
7.291210293769836426e-01
2.187547385692596436e-01
1.028639147989451885e-03
7.148775458335876465e-01
2.272823452949523926e-01
6.137201096862554550e-03
7.812601327896118164e-01
2.783831954002380371e-01
-1.352603081613779068e-02
7.464982271194458008e-01
2.566836774349212646e-01
-1.044430676847696304e-02
7.304691076278686523e-01
2.581584751605987549e-01
-4.718838725239038467e-03
7.207605838775634766e-01
2.685191035270690918e-01
4.824281495530158281e-04
