7.130824327468872070e-01
4.646660685539245605e-01
-1.638469768749928335e-07
7.125474214553833008e-01
4.061662852764129639e-01
2.065329463221132755e-04
6.935446858406066895e-01
3.446684479713439941e-01
-4.845353309065103531e-03
6.687956452369689941e-01
3.046369552612304688e-01
-1.068718731403350830e-02
6.431927084922790527e-01
2.931447029113769531e-01
-1.686651259660720825e-02
6.802473664283752441e-01
3.298691809177398682e-01
-1.704380288720130920e-02
6.244564056396484375e-01
3.075439631938934326e-01
-3.268136456608772278e-02
6.276292800903320312e-01
3.225061297416687012e-01
-4.176927730441093445e-02
6.454122662544250488e-01
3.375473022460937500e-01
-4.511483013629913330e-02
6.660060882568359375e-01
3.605116307735443115e-01
-2.255363389849662781e-02
6.109780669212341309e-01
3.377186655998229980e-01
-3.457166254520416260e-02
6.187600493431091309e-01
3.515710830688476562e-01
-3.752125427126884460e-02
6.377696990966796875e-01
3.646493256092071533e-01
-3.853860870003700256e-02
6.518564820289611816e-01
3.942193984985351562e-01
-2.763823792338371277e-02
6.030930876731872559e-01
3.715963959693908691e-01
-3.699300810694694519e-02
6.115906238555908203e-01
3.831565976142883301e-01
-3.183201327919960022e-02
6.293120384216308594e-01
3.941490054130554199e-01
-2.721124701201915741e-02
6.383642554283142090e-01
4.273190498352050781e-01
-3.233189880847930908e-02
6.016125679016113281e-01
4.038017988204956055e-01
-3.864335641264915466e-02
6.100816726684570312e-01
4.135752022266387939e-01
-3.255972638726234436e-02
6.252654194831848145e-01
4.244091510772705078e-01
-2.651634439826011658e-02
