7.871003150939941406e-01
4.021232426166534424e-01
6.121916840129415505e-08
7.923436164855957031e-01
3.428526520729064941e-01
6.386148277670145035e-03
7.855212092399597168e-01
2.825585007667541504e-01
2.011485630646348000e-03
7.822618484497070312e-01
2.350051254034042358e-01
-3.678892971947789192e-03
7.920631170272827148e-01
2.023662179708480835e-01
-1.190253160893917084e-02
7.625510096549987793e-01
2.621073126792907715e-01
-2.366162091493606567e-02
7.198947072029113770e-01
2.052358984947204590e-01
-3.681518509984016418e-02
6.892878413200378418e-01
1.765032261610031128e-01
-4.285214096307754517e-02
6.641362309455871582e-01
1.555888801813125610e-01
-4.677194356918334961e-02
7.500919103622436523e-01
2.828836441040039062e-01
-3.505192324519157410e-02
6.971983909606933594e-01
2.220267951488494873e-01
-4.901023209095001221e-02
6.615249514579772949e-01
1.904097646474838257e-01
-5.515503510832786560e-02
6.335041522979736328e-01
1.674726903438568115e-01
-5.953638628125190735e-02
7.358934879302978516e-01
3.133896887302398682e-01
-4.416669160127639771e-02
6.848062276840209961e-01
2.589799463748931885e-01
-5.679311230778694153e-02
6.508269906044006348e-01
2.311456650495529175e-01
-6.188255548477172852e-02
6.241995096206665039e-01
2.109186053276062012e-01
-6.517419219017028809e-02
7.209379673004150391e-01
3.500744402408599854e-01
-5.158185213804244995e-02
6.796525716781616211e-01
3.133264183998107910e-01
-6.477766484022140503e-02
6.535659432411193848e-01
2.960526645183563232e-01
-6.883377581834793091e-02
6.301306486129760742e-01
2.825420200824737549e-01
-7.051508128643035889e-02
