6.454560756683349609e-01
6.885783672332763672e-01
-8.700288844920578413e-08
6.318198442459106445e-01
6.257380843162536621e-01
-4.519998561590909958e-03
6.037148833274841309e-01
5.718095898628234863e-01
-1.118352729827165604e-02
5.731797218322753906e-01
5.354396104812622070e-01
-1.745440065860748291e-02
5.486018657684326172e-01
5.101415514945983887e-01
-2.619455009698867798e-02
6.021164059638977051e-01
5.610178709030151367e-01
-2.595256268978118896e-02
5.524062514305114746e-01
5.393486618995666504e-01
-4.351389408111572266e-02
5.198311805725097656e-01
5.343615412712097168e-01
-5.604432895779609680e-02
4.929410219192504883e-01
5.332154631614685059e-01
-6.392287462949752808e-02
5.982618331909179688e-01
5.939517021179199219e-01
-3.109218738973140717e-02
5.395348668098449707e-01
5.792198777198791504e-01
-4.552267119288444519e-02
5.020606517791748047e-01
5.839021205902099609e-01
-5.309178680181503296e-02
4.744660854339599609e-01
5.915935039520263672e-01
-5.938128009438514709e-02
5.925917029380798340e-01
6.329252719879150391e-01
-3.583167493343353271e-02
5.400158166885375977e-01
6.217233538627624512e-01
-4.902851954102516174e-02
5.059597492218017578e-01
6.222914457321166992e-01
-5.143276602029800415e-02
4.814006984233856201e-01
6.241585612297058105e-01
-5.295765399932861328e-02
5.871558189392089844e-01
6.736238598823547363e-01
-4.015447199344635010e-02
5.478939414024353027e-01
6.647113561630249023e-01
-5.169222503900527954e-02
5.237625837326049805e-01
6.617528796195983887e-01
-5.237046256661415100e-02
5.032771825790405273e-01
6.609799265861511230e-01
-5.160029232501983643e-02
