5.049484968185424805e-01
8.012725114822387695e-01
3.176750453803833807e-07
4.803076386451721191e-01
7.698489427566528320e-01
-2.668962441384792328e-02
4.640944600105285645e-01
7.320501804351806641e-01
-4.799421876668930054e-02
4.485853612422943115e-01
7.063496708869934082e-01
-6.541994959115982056e-02
4.288736581802368164e-01
6.900963187217712402e-01
-8.384915441274642944e-02
5.203759670257568359e-01
7.290562987327575684e-01
-5.013172701001167297e-02
5.402327775955200195e-01
7.002812027931213379e-01
-6.956391036510467529e-02
5.567089915275573730e-01
6.776770949363708496e-01
-8.347116410732269287e-02
5.740343332290649414e-01
6.570802927017211914e-01
-9.332524985074996948e-02
5.489885807037353516e-01
7.407391667366027832e-01
-4.797382652759552002e-02
5.793754458427429199e-01
6.974468231201171875e-01
-6.509801000356674194e-02
6.023969054222106934e-01
6.639625430107116699e-01
-7.621306180953979492e-02
6.238006353378295898e-01
6.357384324073791504e-01
-8.568217605352401733e-02
5.681773424148559570e-01
7.524870634078979492e-01
-4.653431475162506104e-02
6.013453602790832520e-01
7.143515348434448242e-01
-6.125102937221527100e-02
6.247400045394897461e-01
6.831184029579162598e-01
-7.139776647090911865e-02
6.450886726379394531e-01
6.552051305770874023e-01
-7.907205075025558472e-02
5.790556073188781738e-01
7.634326219558715820e-01
-4.678116738796234131e-02
6.102523207664489746e-01
7.380699515342712402e-01
-5.767593905329704285e-02
6.317424774169921875e-01
7.163307070732116699e-01
-6.337899714708328247e-02
6.503781080245971680e-01
6.957961320877075195e-01
-6.842461228370666504e-02
