7.557379603385925293e-01
4.542965888977050781e-01
1.774402136334174429e-07
7.727725505828857422e-01
3.861884474754333496e-01
-6.992332637310028076e-04
7.699556350708007812e-01
3.180057406425476074e-01
-5.999951623380184174e-03
7.688697576522827148e-01
2.642135024070739746e-01
-1.146787032485008240e-02
7.792724967002868652e-01
2.283136546611785889e-01
-1.857339218258857727e-02
7.257004976272583008e-01
2.991546988487243652e-01
-2.040198072791099548e-02
6.839504241943359375e-01
2.464194297790527344e-01
-2.862237021327018738e-02
6.549344658851623535e-01
2.180584669113159180e-01
-3.304417803883552551e-02
6.313757896423339844e-01
1.988648772239685059e-01
-3.626251593232154846e-02
6.994368433952331543e-01
3.229404389858245850e-01
-2.586110495030879974e-02
6.533744335174560547e-01
2.670876085758209229e-01
-3.226590156555175781e-02
6.230563521385192871e-01
2.384284585714340210e-01
-3.540173545479774475e-02
6.000548005104064941e-01
2.202746272087097168e-01
-3.812608122825622559e-02
6.774005293846130371e-01
3.545340299606323242e-01
-2.986881323158740997e-02
6.346076726913452148e-01
3.047154247760772705e-01
-3.372407332062721252e-02
6.069883704185485840e-01
2.789025604724884033e-01
-3.591102734208106995e-02
5.870208740234375000e-01
2.617004215717315674e-01
-3.870025649666786194e-02
6.605815887451171875e-01
3.910552859306335449e-01
-3.347738459706306458e-02
6.245579719543457031e-01
3.637114167213439941e-01
-3.717023879289627075e-02
6.025658249855041504e-01
3.470912873744964600e-01
-3.707407414913177490e-02
5.861237645149230957e-01
3.323764801025390625e-01
-3.669488430023193359e-02
