5.161806941032409668e-01
7.812755107879638672e-01
2.847776841008453630e-07
4.821015000343322754e-01
7.507473826408386230e-01
-2.654393948614597321e-02
4.630452990531921387e-01
7.142405509948730469e-01
-4.668734222650527954e-02
4.482614994049072266e-01
6.872961521148681641e-01
-6.304651498794555664e-02
4.276444613933563232e-01
6.714121103286743164e-01
-8.023719489574432373e-02
5.183140635490417480e-01
7.100747227668762207e-01
-4.820362851023674011e-02
5.394246578216552734e-01
6.814751625061035156e-01
-6.589255481958389282e-02
5.557201504707336426e-01
6.569687128067016602e-01
-7.808449119329452515e-02
5.724820494651794434e-01
6.341146826744079590e-01
-8.720976859331130981e-02
5.510986447334289551e-01
7.201722264289855957e-01
-4.601956531405448914e-02
5.798250436782836914e-01
6.790348291397094727e-01
-6.126847118139266968e-02
5.985801815986633301e-01
6.435700654983520508e-01
-7.096508145332336426e-02
6.153194308280944824e-01
6.124445199966430664e-01
-7.988294959068298340e-02
5.743143558502197266e-01
7.298433780670166016e-01
-4.465043917298316956e-02
6.042147874832153320e-01
6.894050240516662598e-01
-5.897663533687591553e-02
6.230133771896362305e-01
6.541965603828430176e-01
-6.880517303943634033e-02
6.386082172393798828e-01
6.229277253150939941e-01
-7.628695666790008545e-02
5.891471505165100098e-01
7.390179634094238281e-01
-4.501146450638771057e-02
6.194661855697631836e-01
7.117708921432495117e-01
-5.673272535204887390e-02
6.390983462333679199e-01
6.887356638908386230e-01
-6.325348466634750366e-02
6.557436585426330566e-01
6.669688820838928223e-01
-6.878735125064849854e-02
