7.564851641654968262e-01
4.518876671791076660e-01
1.873507073923974531e-07
7.731679677963256836e-01
3.854489624500274658e-01
-1.844006124883890152e-03
7.697327136993408203e-01
3.162886798381805420e-01
-7.433480583131313324e-03
7.680953741073608398e-01
2.616358399391174316e-01
-1.281408499926328659e-02
7.793567776679992676e-01
2.260270416736602783e-01
-1.979821920394897461e-02
7.267071008682250977e-01
2.983913123607635498e-01
-2.288864180445671082e-02
6.841803789138793945e-01
2.444684803485870361e-01
-3.137551993131637573e-02
6.549842357635498047e-01
2.153996974229812622e-01
-3.572042658925056458e-02
6.310774087905883789e-01
1.954054087400436401e-01
-3.882004320621490479e-02
7.003823518753051758e-01
3.229659795761108398e-01
-2.766600809991359711e-02
6.542637944221496582e-01
2.654213309288024902e-01
-3.419566154479980469e-02
6.239479780197143555e-01
2.356288880109786987e-01
-3.722345829010009766e-02
6.010478138923645020e-01
2.164311259984970093e-01
-3.990364074707031250e-02
6.782366037368774414e-01
3.543007969856262207e-01
-3.092364966869354248e-02
6.353101134300231934e-01
3.030408620834350586e-01
-3.457277640700340271e-02
6.076565980911254883e-01
2.769719362258911133e-01
-3.679300472140312195e-02
5.878337025642395020e-01
2.602898776531219482e-01
-3.961736708879470825e-02
6.611344814300537109e-01
3.895230889320373535e-01
-3.388926014304161072e-02
6.248429417610168457e-01
3.618509471416473389e-01
-3.759898245334625244e-02
6.022742390632629395e-01
3.451804816722869873e-01
-3.795625641942024231e-02
5.851106643676757812e-01
3.309846520423889160e-01
-3.787305951118469238e-02
