5.195458531379699707e-01
7.734726667404174805e-01
2.974053074922267115e-07
4.881238639354705811e-01
7.428010702133178711e-01
-2.720237150788307190e-02
4.689013957977294922e-01
7.046681642532348633e-01
-4.886088147759437561e-02
4.525575041770935059e-01
6.770988106727600098e-01
-6.649765372276306152e-02
4.296357929706573486e-01
6.575382947921752930e-01
-8.525107800960540771e-02
5.143023729324340820e-01
7.013480067253112793e-01
-5.614690482616424561e-02
5.352313518524169922e-01
6.717094779014587402e-01
-7.774899154901504517e-02
5.525917410850524902e-01
6.465597748756408691e-01
-9.136678278446197510e-02
5.701708197593688965e-01
6.231446266174316406e-01
-1.010414212942123413e-01
5.478495359420776367e-01
7.126145362854003906e-01
-5.415327101945877075e-02
5.780309438705444336e-01
6.711475253105163574e-01
-7.267934828996658325e-02
5.977501869201660156e-01
6.345201134681701660e-01
-8.242487162351608276e-02
6.143154501914978027e-01
6.025509238243103027e-01
-9.148430824279785156e-02
5.730306506156921387e-01
7.234598398208618164e-01
-5.280399695038795471e-02
6.035056114196777344e-01
6.861288547515869141e-01
-6.928703188896179199e-02
6.224843263626098633e-01
6.528755426406860352e-01
-7.811278104782104492e-02
6.371927261352539062e-01
6.229853630065917969e-01
-8.511493355035781860e-02
5.903424620628356934e-01
7.349688410758972168e-01
-5.324085801839828491e-02
6.202138066291809082e-01
7.110134959220886230e-01
-6.621167063713073730e-02
6.386950016021728516e-01
6.893134713172912598e-01
-7.276419550180435181e-02
6.533854603767395020e-01
6.670277714729309082e-01
-7.867011427879333496e-02
