4.527325332164764404e-01
5.650014877319335938e-01
2.411212562947184779e-07
4.717642664909362793e-01
5.166131258010864258e-01
-1.082537788897752762e-02
5.031282901763916016e-01
4.798216819763183594e-01
-1.971230097115039825e-02
5.315541625022888184e-01
4.650799036026000977e-01
-2.657872252166271210e-02
5.558624267578125000e-01
4.682162404060363770e-01
-3.324367851018905640e-02
5.087329149246215820e-01
5.104451775550842285e-01
-2.742206491529941559e-02
5.442972779273986816e-01
5.114750862121582031e-01
-4.033403843641281128e-02
5.679885149002075195e-01
5.149988532066345215e-01
-4.691061004996299744e-02
5.872517228126525879e-01
5.178273916244506836e-01
-5.088737607002258301e-02
5.082020163536071777e-01
5.461547374725341797e-01
-2.860637195408344269e-02
5.461573004722595215e-01
5.503722429275512695e-01
-4.083445668220520020e-02
5.722830295562744141e-01
5.525660514831542969e-01
-4.638263210654258728e-02
5.941101312637329102e-01
5.525344014167785645e-01
-5.023401603102684021e-02
5.060434937477111816e-01
5.805861949920654297e-01
-2.968304231762886047e-02
5.424677133560180664e-01
5.831716060638427734e-01
-4.184018075466156006e-02
5.680861473083496094e-01
5.820560455322265625e-01
-4.456863179802894592e-02
5.892899036407470703e-01
5.792206525802612305e-01
-4.542267695069313049e-02
5.035576820373535156e-01
6.121776700019836426e-01
-3.082060627639293671e-02
5.341874361038208008e-01
6.124271154403686523e-01
-4.123416915535926819e-02
5.565916895866394043e-01
6.083704233169555664e-01
-4.331794753670692444e-02
5.760894417762756348e-01
6.031332612037658691e-01
-4.372683539986610413e-02
