6.501092910766601562e-01
7.905717492103576660e-01
-1.523960122540302109e-07
6.126788258552551270e-01
6.851934790611267090e-01
-9.768553078174591064e-03
5.546125769615173340e-01
5.971240401268005371e-01
-2.700136229395866394e-02
4.821482300758361816e-01
5.700935721397399902e-01
-3.861317783594131470e-02
4.332125484943389893e-01
6.033827066421508789e-01
-5.003727972507476807e-02
5.541511774063110352e-01
6.481059789657592773e-01
-8.790493756532669067e-02
4.161097109317779541e-01
6.609969735145568848e-01
-1.165721639990806580e-01
4.478966295719146729e-01
6.676852703094482422e-01
-1.193525195121765137e-01
4.993384480476379395e-01
6.634064912796020508e-01
-1.144928708672523499e-01
5.571966767311096191e-01
7.345198988914489746e-01
-9.041898697614669800e-02
4.124624431133270264e-01
7.380101680755615234e-01
-1.158371940255165100e-01
4.417698085308074951e-01
7.413825988769531250e-01
-1.088192313909530640e-01
4.895834326744079590e-01
7.449064254760742188e-01
-1.017624288797378540e-01
5.531059503555297852e-01
8.155094385147094727e-01
-8.865488320589065552e-02
4.219896197319030762e-01
8.182624578475952148e-01
-1.075626835227012634e-01
4.488734900951385498e-01
8.159389495849609375e-01
-8.735473453998565674e-02
4.923578500747680664e-01
8.129649758338928223e-01
-7.152195274829864502e-02
5.470472574234008789e-01
8.918261528015136719e-01
-8.553443104028701782e-02
4.364079236984252930e-01
8.873546123504638672e-01
-1.009594425559043884e-01
4.608288109302520752e-01
8.777453899383544922e-01
-8.581151813268661499e-02
5.015934705734252930e-01
8.707474470138549805e-01
-7.226228713989257812e-02
