7.558895349502563477e-01
4.360851645469665527e-01
1.971800713818083750e-07
7.739179730415344238e-01
3.710711002349853516e-01
-1.710959477350115776e-03
7.716390490531921387e-01
3.051515221595764160e-01
-7.227946538478136063e-03
7.708802223205566406e-01
2.523698210716247559e-01
-1.279722992330789566e-02
7.820014357566833496e-01
2.188208699226379395e-01
-2.007028646767139435e-02
7.290346622467041016e-01
2.875108122825622559e-01
-2.174359373748302460e-02
6.875076889991760254e-01
2.340870350599288940e-01
-3.064579330384731293e-02
6.589906215667724609e-01
2.050466537475585938e-01
-3.553579002618789673e-02
6.358346939086914062e-01
1.850836426019668579e-01
-3.886799141764640808e-02
7.033866047859191895e-01
3.109558224678039551e-01
-2.684153988957405090e-02
6.580060124397277832e-01
2.535508871078491211e-01
-3.384674340486526489e-02
6.276372671127319336e-01
2.229762673377990723e-01
-3.748730942606925964e-02
6.046438217163085938e-01
2.038622200489044189e-01
-4.045385494828224182e-02
6.820607185363769531e-01
3.418739140033721924e-01
-3.048633411526679993e-02
6.403398513793945312e-01
2.914167642593383789e-01
-3.487540408968925476e-02
6.133252978324890137e-01
2.653912901878356934e-01
-3.718138113617897034e-02
5.942612886428833008e-01
2.494816184043884277e-01
-3.966511040925979614e-02
6.653279066085815430e-01
3.773280084133148193e-01
-3.382379934191703796e-02
6.305210590362548828e-01
3.464279472827911377e-01
-3.785707801580429077e-02
6.095591783523559570e-01
3.291965126991271973e-01
-3.761276975274085999e-02
5.939025878906250000e-01
3.155721127986907959e-01
-3.691132366657257080e-02
