8.045053482055664062e-01
6.291207075119018555e-01
-2.357147934617387364e-07
7.668713331222534180e-01
5.306953787803649902e-01
5.006522405892610550e-03
7.056632041931152344e-01
4.512671232223510742e-01
-7.804568391293287277e-03
6.563379764556884766e-01
3.911364674568176270e-01
-2.221785485744476318e-02
6.232251524925231934e-01
3.364369273185729980e-01
-3.784412890672683716e-02
6.859493255615234375e-01
4.744260907173156738e-01
-5.723407864570617676e-02
5.658463239669799805e-01
4.726634323596954346e-01
-8.227847516536712646e-02
5.904210209846496582e-01
4.889403879642486572e-01
-8.711355924606323242e-02
6.347728967666625977e-01
4.967552423477172852e-01
-8.444352447986602783e-02
6.833646893501281738e-01
5.551628470420837402e-01
-7.022088766098022461e-02
5.573032498359680176e-01
5.446506142616271973e-01
-9.333968162536621094e-02
5.857002735137939453e-01
5.557031035423278809e-01
-8.915804326534271240e-02
6.321943402290344238e-01
5.644371509552001953e-01
-8.337849378585815430e-02
6.774737238883972168e-01
6.339173316955566406e-01
-7.974601536989212036e-02
5.577352046966552734e-01
6.163017749786376953e-01
-9.513439238071441650e-02
5.870339870452880859e-01
6.239961385726928711e-01
-7.561329007148742676e-02
6.297423839569091797e-01
6.305828094482421875e-01
-6.023121997714042664e-02
6.732481718063354492e-01
7.064927816390991211e-01
-8.745568990707397461e-02
5.680919885635375977e-01
6.850959062576293945e-01
-9.792634099721908569e-02
5.885533094406127930e-01
6.896818280220031738e-01
-8.027392625808715820e-02
6.259895563125610352e-01
6.985495090484619141e-01
-6.470289826393127441e-02
