5.236249566078186035e-01
8.148582577705383301e-01
2.630429776218079496e-07
5.026324987411499023e-01
7.771428227424621582e-01
-2.155558578670024872e-02
4.883618950843811035e-01
7.436908483505249023e-01
-3.929185122251510620e-02
4.684598147869110107e-01
7.338365912437438965e-01
-5.415366217494010925e-02
4.430333971977233887e-01
7.389783263206481934e-01
-7.065781950950622559e-02
5.248654484748840332e-01
7.680883407592773438e-01
-4.605599120259284973e-02
5.431079864501953125e-01
7.499226331710815430e-01
-6.200997158885002136e-02
5.576930642127990723e-01
7.300475835800170898e-01
-7.267308980226516724e-02
5.722281932830810547e-01
7.121461629867553711e-01
-8.048345893621444702e-02
5.551650524139404297e-01
7.808496952056884766e-01
-4.508635774254798889e-02
5.837870836257934570e-01
7.484670281410217285e-01
-5.775129422545433044e-02
6.045529246330261230e-01
7.188263535499572754e-01
-6.505843997001647949e-02
6.218561530113220215e-01
6.946520805358886719e-01
-7.248586416244506836e-02
5.778436064720153809e-01
7.895618677139282227e-01
-4.443977400660514832e-02
6.080030202865600586e-01
7.583861351013183594e-01
-5.612614005804061890e-02
6.283437013626098633e-01
7.321660518646240234e-01
-6.447476893663406372e-02
6.449539661407470703e-01
7.091621160507202148e-01
-7.113218307495117188e-02
5.922373533248901367e-01
7.965665459632873535e-01
-4.516236856579780579e-02
6.198462843894958496e-01
7.762312889099121094e-01
-5.325755849480628967e-02
6.386933326721191406e-01
7.606471180915832520e-01
-5.697314068675041199e-02
6.540101766586303711e-01
7.477294802665710449e-01
-6.126767024397850037e-02
