6.606710553169250488e-01
7.778487205505371094e-01
-1.206411610610302887e-07
6.118467450141906738e-01
6.681054234504699707e-01
-2.411971800029277802e-02
5.197810530662536621e-01
5.884118676185607910e-01
-5.276385322213172913e-02
4.185126721858978271e-01
6.029739975929260254e-01
-7.166931778192520142e-02
3.569839000701904297e-01
6.760358214378356934e-01
-9.071104973554611206e-02
5.570460557937622070e-01
6.442862749099731445e-01
-1.164184808731079102e-01
4.169746339321136475e-01
6.599088311195373535e-01
-1.511482149362564087e-01
4.383198022842407227e-01
6.624394655227661133e-01
-1.555119007825851440e-01
4.846691191196441650e-01
6.564221382141113281e-01
-1.512751877307891846e-01
5.655788183212280273e-01
7.359563112258911133e-01
-1.134359613060951233e-01
4.113341271877288818e-01
7.376096844673156738e-01
-1.419315487146377563e-01
4.368505477905273438e-01
7.429198026657104492e-01
-1.342205852270126343e-01
4.866033196449279785e-01
7.424018979072570801e-01
-1.277183890342712402e-01
5.607043504714965820e-01
8.204116821289062500e-01
-1.058803275227546692e-01
4.168666005134582520e-01
8.185597658157348633e-01
-1.278968900442123413e-01
4.424807727336883545e-01
8.126296401023864746e-01
-1.062454134225845337e-01
4.878830015659332275e-01
8.049830198287963867e-01
-9.040558338165283203e-02
5.448919534683227539e-01
8.996878266334533691e-01
-9.714870899915695190e-02
4.270362257957458496e-01
8.969867229461669922e-01
-1.143191382288932800e-01
4.475060999393463135e-01
8.836107254028320312e-01
-9.850355982780456543e-02
4.857829213142395020e-01
8.738370537757873535e-01
-8.566911518573760986e-02
