5.238927602767944336e-01
7.113323807716369629e-01
-8.488016334240455762e-08
5.590190291404724121e-01
7.202675342559814453e-01
-7.181334774941205978e-03
5.929695367813110352e-01
7.102513313293457031e-01
-1.310363691300153732e-02
6.146317124366760254e-01
6.897262334823608398e-01
-1.899157650768756866e-02
6.287429332733154297e-01
6.684938669204711914e-01
-2.639860287308692932e-02
5.961146950721740723e-01
6.679229736328125000e-01
-1.516853086650371552e-02
6.078879833221435547e-01
6.492422223091125488e-01
-2.627419866621494293e-02
6.081424951553344727e-01
6.431450843811035156e-01
-3.576862812042236328e-02
6.123049259185791016e-01
6.372028589248657227e-01
-4.314299672842025757e-02
5.778613686561584473e-01
6.560097336769104004e-01
-1.885834522545337677e-02
5.890777707099914551e-01
6.374531984329223633e-01
-2.864834107458591461e-02
5.933811664581298828e-01
6.264675259590148926e-01
-3.647742792963981628e-02
6.014335751533508301e-01
6.162272691726684570e-01
-4.373181983828544617e-02
5.566339492797851562e-01
6.484345793724060059e-01
-2.318909764289855957e-02
5.638876557350158691e-01
6.289575695991516113e-01
-3.440594300627708435e-02
5.710167884826660156e-01
6.176758408546447754e-01
-3.835259750485420227e-02
5.820799469947814941e-01
6.075019240379333496e-01
-4.222938790917396545e-02
5.324258804321289062e-01
6.420894861221313477e-01
-2.769422903656959534e-02
5.327956676483154297e-01
6.244370937347412109e-01
-3.735509142279624939e-02
5.367878675460815430e-01
6.174096465110778809e-01
-3.852365165948867798e-02
5.456314682960510254e-01
6.109844446182250977e-01
-3.986028209328651428e-02
