5.169528126716613770e-01
7.767333388328552246e-01
2.742466449490166269e-07
4.908410906791687012e-01
7.437644600868225098e-01
-2.197483181953430176e-02
4.733859598636627197e-01
7.048033475875854492e-01
-4.038731381297111511e-02
4.533821046352386475e-01
6.810356974601745605e-01
-5.582040175795555115e-02
4.262834191322326660e-01
6.683883070945739746e-01
-7.259877026081085205e-02
5.178915262222290039e-01
7.038093805313110352e-01
-4.622069746255874634e-02
5.353636145591735840e-01
6.791371703147888184e-01
-6.520140916109085083e-02
5.506485104560852051e-01
6.539579033851623535e-01
-7.832788676023483276e-02
5.663551688194274902e-01
6.304326057434082031e-01
-8.772601932287216187e-02
5.472161173820495605e-01
7.164821624755859375e-01
-4.632783308625221252e-02
5.753185749053955078e-01
6.792610883712768555e-01
-6.101051345467567444e-02
5.947209000587463379e-01
6.435930728912353516e-01
-6.908951699733734131e-02
6.112001538276672363e-01
6.125524044036865234e-01
-7.727808505296707153e-02
5.700625777244567871e-01
7.296937108039855957e-01
-4.712260141968727112e-02
5.999028682708740234e-01
6.963631510734558105e-01
-6.120877712965011597e-02
6.192336082458496094e-01
6.643635630607604980e-01
-6.818886846303939819e-02
6.344103217124938965e-01
6.346840262413024902e-01
-7.401736080646514893e-02
5.860051512718200684e-01
7.447447776794433594e-01
-4.945443943142890930e-02
6.153781414031982422e-01
7.227509021759033203e-01
-6.058785319328308105e-02
6.336171627044677734e-01
7.016537785530090332e-01
-6.500852853059768677e-02
6.483259201049804688e-01
6.796931624412536621e-01
-6.951127946376800537e-02
