4.972670078277587891e-01
8.433948159217834473e-01
2.837045940395910293e-07
4.738613665103912354e-01
8.071191310882568359e-01
-2.595152333378791809e-02
4.597727656364440918e-01
7.737029790878295898e-01
-4.680442065000534058e-02
4.450640678405761719e-01
7.585622072219848633e-01
-6.391263008117675781e-02
4.226253032684326172e-01
7.570762038230895996e-01
-8.226767182350158691e-02
5.007777810096740723e-01
7.922582626342773438e-01
-5.185978114604949951e-02
5.176546573638916016e-01
7.759523391723632812e-01
-7.051155716180801392e-02
5.328292846679687500e-01
7.567533850669860840e-01
-8.322210609912872314e-02
5.486060976982116699e-01
7.382211685180664062e-01
-9.248683601617813110e-02
5.299423933029174805e-01
8.069668412208557129e-01
-4.985695704817771912e-02
5.608236789703369141e-01
7.777565717697143555e-01
-6.546495109796524048e-02
5.835819840431213379e-01
7.470611333847045898e-01
-7.456743717193603516e-02
6.020610332489013672e-01
7.216267585754394531e-01
-8.325910568237304688e-02
5.516490340232849121e-01
8.171550631523132324e-01
-4.845002293586730957e-02
5.849109292030334473e-01
7.882095575332641602e-01
-6.207198277115821838e-02
6.077452301979064941e-01
7.601526379585266113e-01
-7.136558741331100464e-02
6.260618567466735840e-01
7.350946068763732910e-01
-7.866279035806655884e-02
5.655370950698852539e-01
8.254103064537048340e-01
-4.877272248268127441e-02
5.970249176025390625e-01
8.056607246398925781e-01
-5.838974937796592712e-02
6.183266639709472656e-01
7.884120345115661621e-01
-6.342355161905288696e-02
6.353180408477783203e-01
7.723178267478942871e-01
-6.861048936843872070e-02
