4.511602520942687988e-01
5.566707253456115723e-01
2.569607318037014920e-07
4.696384966373443604e-01
5.113727450370788574e-01
-1.019521988928318024e-02
4.996211528778076172e-01
4.825621247291564941e-01
-1.897748373448848724e-02
5.263255238533020020e-01
4.761697649955749512e-01
-2.548910118639469147e-02
5.466184616088867188e-01
4.861554503440856934e-01
-3.210053220391273499e-02
5.067151784896850586e-01
5.104795098304748535e-01
-2.824388258159160614e-02
5.406367182731628418e-01
5.143648386001586914e-01
-4.002704098820686340e-02
5.621274709701538086e-01
5.193821787834167480e-01
-4.607173055410385132e-02
5.800169110298156738e-01
5.230196118354797363e-01
-4.994599893689155579e-02
5.049229264259338379e-01
5.439765453338623047e-01
-2.935412153601646423e-02
5.407360196113586426e-01
5.498967170715332031e-01
-4.069374129176139832e-02
5.645126700401306152e-01
5.526522397994995117e-01
-4.588861390948295593e-02
5.848014950752258301e-01
5.538069009780883789e-01
-4.967787489295005798e-02
5.004415512084960938e-01
5.760130882263183594e-01
-3.013233281672000885e-02
5.342779755592346191e-01
5.838167071342468262e-01
-4.141526296734809875e-02
5.581030845642089844e-01
5.846631526947021484e-01
-4.434023052453994751e-02
5.795063376426696777e-01
5.844345688819885254e-01
-4.579605907201766968e-02
4.951220452785491943e-01
6.049128770828247070e-01
-3.088201954960823059e-02
5.223262310028076172e-01
6.108142137527465820e-01
-4.126773029565811157e-02
5.421869754791259766e-01
6.109282374382019043e-01
-4.333276301622390747e-02
5.603016018867492676e-01
6.102982759475708008e-01
-4.386878758668899536e-02
