8.219058513641357422e-01
4.183754920959472656e-01
1.284079758079315070e-07
8.302477002143859863e-01
3.597723245620727539e-01
3.481375286355614662e-03
8.194500207901000977e-01
3.063111305236816406e-01
7.357245194725692272e-04
8.119532465934753418e-01
2.631515860557556152e-01
-3.320410382002592087e-03
8.213429450988769531e-01
2.346010953187942505e-01
-9.512920863926410675e-03
7.793015241622924805e-01
2.906815409660339355e-01
-1.488648913800716400e-02
7.369122505187988281e-01
2.506313323974609375e-01
-2.317668683826923370e-02
7.101195454597473145e-01
2.285161912441253662e-01
-2.752355672419071198e-02
6.892241239547729492e-01
2.132681906223297119e-01
-3.064281307160854340e-02
7.616168260574340820e-01
3.131573200225830078e-01
-2.263669297099113464e-02
7.128612399101257324e-01
2.658434510231018066e-01
-3.155568987131118774e-02
6.830890774726867676e-01
2.396179437637329102e-01
-3.597104176878929138e-02
6.610453724861145020e-01
2.219616770744323730e-01
-3.902821615338325500e-02
7.476252317428588867e-01
3.422227501869201660e-01
-2.895693667232990265e-02
7.012711167335510254e-01
2.963490486145019531e-01
-3.679890558123588562e-02
6.724714040756225586e-01
2.702069580554962158e-01
-4.194170981645584106e-02
6.510670185089111328e-01
2.517937123775482178e-01
-4.558965191245079041e-02
7.369334697723388672e-01
3.763698935508728027e-01
-3.425671905279159546e-02
7.008699774742126465e-01
3.428971171379089355e-01
-4.248877242207527161e-02
6.785379648208618164e-01
3.231799304485321045e-01
-4.598119109869003296e-02
6.605127453804016113e-01
3.071085214614868164e-01
-4.780829325318336487e-02
