7.841478586196899414e-01
4.010069966316223145e-01
-1.961610252010359545e-07
7.772926092147827148e-01
3.450463414192199707e-01
4.072368144989013672e-03
7.616487145423889160e-01
2.883026897907257080e-01
2.320968545973300934e-03
7.539070248603820801e-01
2.491731196641921997e-01
-8.862547692842781544e-04
7.534191608428955078e-01
2.239284813404083252e-01
-7.101001683622598648e-03
7.520852088928222656e-01
2.717721164226531982e-01
-1.843081228435039520e-02
7.079450488090515137e-01
2.312205880880355835e-01
-3.301050141453742981e-02
6.769655942916870117e-01
2.140847146511077881e-01
-4.413420706987380981e-02
6.521276235580444336e-01
2.024610638618469238e-01
-5.175199359655380249e-02
7.464207410812377930e-01
2.972758710384368896e-01
-2.819141373038291931e-02
6.934762001037597656e-01
2.601926624774932861e-01
-3.966149687767028809e-02
6.563182473182678223e-01
2.441464662551879883e-01
-4.844494163990020752e-02
6.284461021423339844e-01
2.330253422260284424e-01
-5.678736791014671326e-02
7.384222745895385742e-01
3.282672762870788574e-01
-3.661966323852539062e-02
6.880433559417724609e-01
2.958899140357971191e-01
-4.815887287259101868e-02
6.512740254402160645e-01
2.809837460517883301e-01
-5.437992513179779053e-02
6.252112388610839844e-01
2.701458334922790527e-01
-5.997207015752792358e-02
7.277191281318664551e-01
3.635815083980560303e-01
-4.403880611062049866e-02
6.863440275192260742e-01
3.421028852462768555e-01
-5.641231685876846313e-02
6.569634079933166504e-01
3.317783474922180176e-01
-6.015698239207267761e-02
6.344177722930908203e-01
3.235695958137512207e-01
-6.252116709947586060e-02
