8.065875172615051270e-01
4.048402011394500732e-01
-1.654080818980219192e-07
8.039518594741821289e-01
3.477443158626556396e-01
2.379358001053333282e-02
7.881247401237487793e-01
2.981888055801391602e-01
3.030380047857761383e-02
7.749861478805541992e-01
2.599974870681762695e-01
3.298727795481681824e-02
7.772970199584960938e-01
2.288831770420074463e-01
3.315242379903793335e-02
7.687165141105651855e-01
2.676616907119750977e-01
-2.043770160526037216e-03
7.273506522178649902e-01
2.207241356372833252e-01
-9.073142893612384796e-03
6.990520954132080078e-01
2.024441957473754883e-01
-1.096257753670215607e-02
6.778118014335632324e-01
1.928002983331680298e-01
-1.139475312083959579e-02
7.605291008949279785e-01
2.872038483619689941e-01
-1.694555021822452545e-02
7.067492008209228516e-01
2.400700598955154419e-01
-2.390517480671405792e-02
6.723578572273254395e-01
2.235906720161437988e-01
-2.347203344106674194e-02
6.466308832168579102e-01
2.143140733242034912e-01
-2.320178970694541931e-02
7.507731318473815918e-01
3.153462111949920654e-01
-2.905281633138656616e-02
6.977058649063110352e-01
2.745654881000518799e-01
-3.412916883826255798e-02
6.651603579521179199e-01
2.617377042770385742e-01
-3.325279057025909424e-02
6.403490304946899414e-01
2.533285617828369141e-01
-3.312326967716217041e-02
7.402656078338623047e-01
3.507401347160339355e-01
-3.842185437679290771e-02
6.987583637237548828e-01
3.221578299999237061e-01
-4.439148306846618652e-02
6.753559708595275879e-01
3.132439553737640381e-01
-4.480952024459838867e-02
6.554616689682006836e-01
3.068979382514953613e-01
-4.458827525377273560e-02
