4.977437257766723633e-01
8.943928480148315430e-01
3.777708457164408173e-07
4.656897783279418945e-01
8.385575413703918457e-01
-1.829558797180652618e-02
4.448165297508239746e-01
7.807434797286987305e-01
-3.125309571623802185e-02
4.279007017612457275e-01
7.473672628402709961e-01
-4.278345033526420593e-02
4.026340246200561523e-01
7.343216538429260254e-01
-5.514606833457946777e-02
4.785706400871276855e-01
7.906631827354431152e-01
-2.442010864615440369e-02
4.988220334053039551e-01
7.546958327293395996e-01
-4.253055155277252197e-02
5.181409716606140137e-01
7.266419529914855957e-01
-5.892645940184593201e-02
5.397341251373291016e-01
7.007589340209960938e-01
-7.132501900196075439e-02
5.182375311851501465e-01
8.044970631599426270e-01
-2.674990892410278320e-02
5.457993745803833008e-01
7.575083971023559570e-01
-4.041131958365440369e-02
5.669841170310974121e-01
7.216621637344360352e-01
-5.324377864599227905e-02
5.882042050361633301e-01
6.886529922485351562e-01
-6.523808836936950684e-02
5.495094060897827148e-01
8.198301792144775391e-01
-3.085689805448055267e-02
5.757407546043395996e-01
7.742980122566223145e-01
-4.647453874349594116e-02
5.969462990760803223e-01
7.420018911361694336e-01
-5.280019715428352356e-02
6.172877550125122070e-01
7.142713665962219238e-01
-5.789997056126594543e-02
5.749357342720031738e-01
8.384813070297241211e-01
-3.632140532135963440e-02
5.984394550323486328e-01
8.026649951934814453e-01
-4.613307863473892212e-02
6.164502501487731934e-01
7.785654067993164062e-01
-4.645372554659843445e-02
6.329587101936340332e-01
7.553364038467407227e-01
-4.847992584109306335e-02
