7.680535912513732910e-01
6.289299130439758301e-01
-2.334126634195854422e-07
7.431780099868774414e-01
5.381488204002380371e-01
-7.983408868312835693e-03
6.959708333015441895e-01
4.463433027267456055e-01
-2.746967785060405731e-02
6.494992971420288086e-01
3.876962661743164062e-01
-4.403103888034820557e-02
6.146384477615356445e-01
3.365857005119323730e-01
-6.062009558081626892e-02
6.809490323066711426e-01
4.727002978324890137e-01
-8.242019265890121460e-02
5.615942478179931641e-01
4.786536097526550293e-01
-1.095633283257484436e-01
5.876595377922058105e-01
4.965370893478393555e-01
-1.107214912772178650e-01
6.313874125480651855e-01
5.039581656455993652e-01
-1.058957651257514954e-01
6.809206604957580566e-01
5.513615012168884277e-01
-9.002041816711425781e-02
5.523376464843750000e-01
5.453630089759826660e-01
-1.172478795051574707e-01
5.802249312400817871e-01
5.577518343925476074e-01
-1.103484779596328735e-01
6.239129900932312012e-01
5.657140612602233887e-01
-1.034255623817443848e-01
6.759242415428161621e-01
6.243797540664672852e-01
-9.412362426519393921e-02
5.572077631950378418e-01
6.157134175300598145e-01
-1.147071272134780884e-01
5.826862454414367676e-01
6.247601509094238281e-01
-9.407730400562286377e-02
6.228021979331970215e-01
6.292268037796020508e-01
-7.825597375631332397e-02
6.686139702796936035e-01
6.929599046707153320e-01
-9.713947772979736328e-02
5.722612142562866211e-01
6.794521212577819824e-01
-1.139782592654228210e-01
5.948788523674011230e-01
6.838639974594116211e-01
-9.921444952487945557e-02
6.320604085922241211e-01
6.916111707687377930e-01
-8.583994954824447632e-02
