8.539134860038757324e-01
3.571931421756744385e-01
-3.348760202470657532e-08
8.525025844573974609e-01
3.158121705055236816e-01
1.652918756008148193e-02
8.349543213844299316e-01
2.777336537837982178e-01
2.271419949829578400e-02
8.257497549057006836e-01
2.511769533157348633e-01
2.550748363137245178e-02
8.308048248291015625e-01
2.273498773574829102e-01
2.732962183654308319e-02
8.031815886497497559e-01
2.420824170112609863e-01
9.186239913105964661e-03
7.672502994537353516e-01
2.064099013805389404e-01
6.859196815639734268e-03
7.421999573707580566e-01
1.884964257478713989e-01
6.309106480330228806e-03
7.227059602737426758e-01
1.772832572460174561e-01
5.933203268796205521e-03
7.918589115142822266e-01
2.522443532943725586e-01
-1.926325028762221336e-03
7.448129057884216309e-01
2.153322249650955200e-01
-5.466366186738014221e-03
7.164200544357299805e-01
1.979798078536987305e-01
-5.584354512393474579e-03
6.946746110916137695e-01
1.860932707786560059e-01
-5.222315900027751923e-03
7.808432579040527344e-01
2.705875039100646973e-01
-1.177812274545431137e-02
7.355138659477233887e-01
2.383506894111633301e-01
-1.466743741184473038e-02
7.079710960388183594e-01
2.225170880556106567e-01
-1.576520130038261414e-02
6.861867904663085938e-01
2.113995850086212158e-01
-1.631598174571990967e-02
7.711446881294250488e-01
2.964746952056884766e-01
-2.005879580974578857e-02
7.341064214706420898e-01
2.731726765632629395e-01
-2.382922917604446411e-02
7.116020917892456055e-01
2.609819471836090088e-01
-2.468706108629703522e-02
6.926223039627075195e-01
2.519285082817077637e-01
-2.458564937114715576e-02
