7.697956562042236328e-01
4.810455441474914551e-01
2.633237841109803412e-07
7.779939174652099609e-01
4.130803942680358887e-01
-1.041658688336610794e-02
7.640500664710998535e-01
3.459118306636810303e-01
-2.044642157852649689e-02
7.537602186203002930e-01
2.927406132221221924e-01
-2.975239977240562439e-02
7.646153569221496582e-01
2.541623711585998535e-01
-4.051424562931060791e-02
7.107010483741760254e-01
3.470874428749084473e-01
-2.954921685159206390e-02
6.648676395416259766e-01
3.080074191093444824e-01
-4.372944310307502747e-02
6.322435140609741211e-01
2.865248024463653564e-01
-5.265512689948081970e-02
6.059864759445190430e-01
2.701939344406127930e-01
-5.950995162129402161e-02
6.886980533599853516e-01
3.781139850616455078e-01
-3.372070565819740295e-02
6.360054612159729004e-01
3.372519910335540771e-01
-4.734219610691070557e-02
6.003327369689941406e-01
3.125369846820831299e-01
-5.614446848630905151e-02
5.717711448669433594e-01
2.920099496841430664e-01
-6.289936602115631104e-02
6.740037202835083008e-01
4.140221476554870605e-01
-3.737452626228332520e-02
6.236929297447204590e-01
3.811867833137512207e-01
-4.877439141273498535e-02
5.918877124786376953e-01
3.611031472682952881e-01
-5.647046491503715515e-02
5.674716234207153320e-01
3.435527086257934570e-01
-6.239775940775871277e-02
6.658053398132324219e-01
4.519148468971252441e-01
-4.153832420706748962e-02
6.259608268737792969e-01
4.375168979167938232e-01
-5.242351070046424866e-02
5.991783142089843750e-01
4.273712635040283203e-01
-5.817038193345069885e-02
5.766925215721130371e-01
4.163949191570281982e-01
-6.179597228765487671e-02
