7.133368253707885742e-01
4.905746877193450928e-01
2.478186331700271694e-07
7.245099544525146484e-01
4.323503077030181885e-01
-5.760990083217620850e-03
7.176451683044433594e-01
3.717034757137298584e-01
-1.321058161556720734e-02
7.148913145065307617e-01
3.216332197189331055e-01
-2.048142626881599426e-02
7.258185744285583496e-01
2.864201068878173828e-01
-2.908613346517086029e-02
6.697264909744262695e-01
3.594840764999389648e-01
-2.011574804782867432e-02
6.273751258850097656e-01
3.152186870574951172e-01
-3.042498417198657990e-02
5.967229604721069336e-01
2.911603152751922607e-01
-3.733896091580390930e-02
5.726557374000549316e-01
2.748521566390991211e-01
-4.246016591787338257e-02
6.458399891853332520e-01
3.834773898124694824e-01
-2.444241195917129517e-02
5.999542474746704102e-01
3.344635367393493652e-01
-3.310853615403175354e-02
5.677604675292968750e-01
3.067418634891510010e-01
-3.986999392509460449e-02
5.431621670722961426e-01
2.863584160804748535e-01
-4.504906013607978821e-02
6.265813708305358887e-01
4.146771132946014404e-01
-2.811047993600368500e-02
5.825165510177612305e-01
3.707362413406372070e-01
-3.509231284260749817e-02
5.537656545639038086e-01
3.462458252906799316e-01
-4.110690206289291382e-02
5.328127741813659668e-01
3.278666734695434570e-01
-4.605878517031669617e-02
6.132766008377075195e-01
4.502488970756530762e-01
-3.179580345749855042e-02
5.793311595916748047e-01
4.279228150844573975e-01
-3.842516243457794189e-02
5.565578937530517578e-01
4.151827692985534668e-01
-4.112797603011131287e-02
5.387184619903564453e-01
4.040100574493408203e-01
-4.249094054102897644e-02
