7.413918375968933105e-01
5.334565639495849609e-01
2.455010701396531658e-07
7.461041212081909180e-01
4.675419926643371582e-01
-9.887382388114929199e-03
7.287479639053344727e-01
4.021223783493041992e-01
-1.893520914018154144e-02
7.096248269081115723e-01
3.502997756004333496e-01
-2.598663046956062317e-02
7.074494361877441406e-01
3.067920207977294922e-01
-3.370362520217895508e-02
6.934938430786132812e-01
4.061286449432373047e-01
-2.781778201460838318e-02
6.384539604187011719e-01
3.783819675445556641e-01
-3.985945135354995728e-02
6.042722463607788086e-01
3.640365004539489746e-01
-4.626391083002090454e-02
5.778946876525878906e-01
3.538495302200317383e-01
-4.989739507436752319e-02
6.736552119255065918e-01
4.434306919574737549e-01
-2.846704609692096710e-02
6.188428997993469238e-01
4.104064702987670898e-01
-3.829561546444892883e-02
5.859074592590332031e-01
3.924151659011840820e-01
-4.234088584780693054e-02
5.621385574340820312e-01
3.776870071887969971e-01
-4.506244137883186340e-02
6.576148271560668945e-01
4.805616736412048340e-01
-2.843637578189373016e-02
6.101741194725036621e-01
4.505265057086944580e-01
-3.534578531980514526e-02
5.909312367439270020e-01
4.345863759517669678e-01
-3.324937820434570312e-02
5.814197063446044922e-01
4.219447672367095947e-01
-3.129541128873825073e-02
6.448094248771667480e-01
5.152380466461181641e-01
-2.909418754279613495e-02
6.099039912223815918e-01
4.838552176952362061e-01
-3.352313861250877380e-02
5.957458019256591797e-01
4.683440327644348145e-01
-2.994976937770843506e-02
5.879161953926086426e-01
4.552727043628692627e-01
-2.598715759813785553e-02
