7.387859225273132324e-01
4.500585794448852539e-01
-1.789408656804880593e-07
7.411459684371948242e-01
3.921120464801788330e-01
3.784178989008069038e-03
7.228524684906005859e-01
3.331025242805480957e-01
1.182618667371571064e-03
6.994919776916503906e-01
2.912278175354003906e-01
-3.044871613383293152e-03
6.796729564666748047e-01
2.659017145633697510e-01
-7.284431252628564835e-03
7.098408937454223633e-01
3.149574995040893555e-01
-9.983025491237640381e-03
6.577294468879699707e-01
2.861089110374450684e-01
-2.274306304752826691e-02
6.604159474372863770e-01
3.002631962299346924e-01
-3.021683916449546814e-02
6.761738061904907227e-01
3.150376975536346436e-01
-3.273955732583999634e-02
6.929435729980468750e-01
3.426178991794586182e-01
-1.617745682597160339e-02
6.402401328086853027e-01
3.106403946876525879e-01
-2.607146836817264557e-02
6.452884674072265625e-01
3.255130350589752197e-01
-2.858827076852321625e-02
6.613989472389221191e-01
3.409765362739562988e-01
-2.920744940638542175e-02
6.756655573844909668e-01
3.728484809398651123e-01
-2.175345830619335175e-02
6.276007890701293945e-01
3.397657871246337891e-01
-2.936715446412563324e-02
6.349052786827087402e-01
3.531941771507263184e-01
-2.414177358150482178e-02
6.507938504219055176e-01
3.679009377956390381e-01
-1.942712627351284027e-02
6.601064205169677734e-01
4.031370282173156738e-01
-2.665783092379570007e-02
6.246820688247680664e-01
3.749683201313018799e-01
-3.171916306018829346e-02
6.320301890373229980e-01
3.854901790618896484e-01
-2.564962767064571381e-02
6.452488899230957031e-01
3.981690406799316406e-01
-1.959796249866485596e-02
