6.615937948226928711e-01
7.027944326400756836e-01
-2.075793474887177581e-07
6.295830607414245605e-01
6.296231150627136230e-01
-1.355926739051938057e-03
5.722237229347229004e-01
5.783624649047851562e-01
-1.840937882661819458e-02
5.078259706497192383e-01
6.026713252067565918e-01
-3.520449623465538025e-02
4.680769145488739014e-01
6.588125228881835938e-01
-5.406405776739120483e-02
5.747715234756469727e-01
5.661767125129699707e-01
-5.244651064276695251e-02
4.756442606449127197e-01
5.704065561294555664e-01
-7.901746779680252075e-02
4.872493743896484375e-01
5.887809395790100098e-01
-9.107045829296112061e-02
5.210999250411987305e-01
5.984168052673339844e-01
-9.465133398771286011e-02
5.731654167175292969e-01
6.272209286689758301e-01
-6.202450022101402283e-02
4.704533517360687256e-01
6.312721371650695801e-01
-8.064140379428863525e-02
4.845977723598480225e-01
6.449348926544189453e-01
-8.092962205410003662e-02
5.167782306671142578e-01
6.495696902275085449e-01
-8.079581707715988159e-02
5.674718022346496582e-01
6.869452595710754395e-01
-6.906748563051223755e-02
4.690495431423187256e-01
6.878446340560913086e-01
-8.414608240127563477e-02
4.853354692459106445e-01
6.960454583168029785e-01
-7.309804111719131470e-02
5.163465142250061035e-01
6.988848447799682617e-01
-6.488998234272003174e-02
5.567620992660522461e-01
7.447978854179382324e-01
-7.453702390193939209e-02
4.721342027187347412e-01
7.360284924507141113e-01
-8.638643473386764526e-02
4.894666373729705811e-01
7.435290217399597168e-01
-7.395378500223159790e-02
5.193151831626892090e-01
7.519546747207641602e-01
-6.315067410469055176e-02
