5.165807008743286133e-01
7.971637248992919922e-01
1.848486448352559819e-07
4.993687868118286133e-01
7.664797902107238770e-01
-3.610483929514884949e-02
4.922174811363220215e-01
7.341740131378173828e-01
-6.365220993757247925e-02
4.802522659301757812e-01
7.193721532821655273e-01
-8.608455955982208252e-02
4.590393304824829102e-01
7.218163013458251953e-01
-1.089213266968727112e-01
5.379014611244201660e-01
7.472411394119262695e-01
-6.494802981615066528e-02
5.545746088027954102e-01
7.215114831924438477e-01
-8.970709145069122314e-02
5.704394578933715820e-01
7.047930359840393066e-01
-1.058668717741966248e-01
5.865009427070617676e-01
6.907219290733337402e-01
-1.170348078012466431e-01
5.650208592414855957e-01
7.591529488563537598e-01
-5.938238278031349182e-02
5.970932841300964355e-01
7.203872203826904297e-01
-8.052813261747360229e-02
6.214938163757324219e-01
6.959204077720642090e-01
-9.194026887416839600e-02
6.421579718589782715e-01
6.747149825096130371e-01
-1.010023131966590881e-01
5.838496088981628418e-01
7.695034146308898926e-01
-5.495261773467063904e-02
6.170338392257690430e-01
7.350388765335083008e-01
-7.350895553827285767e-02
6.398041248321533203e-01
7.139184474945068359e-01
-8.468492329120635986e-02
6.590107679367065430e-01
6.951450109481811523e-01
-9.234175831079483032e-02
5.944268703460693359e-01
7.772662639617919922e-01
-5.292528122663497925e-02
6.229665875434875488e-01
7.593004107475280762e-01
-6.521405279636383057e-02
6.418308019638061523e-01
7.467364072799682617e-01
-7.124224305152893066e-02
6.571418046951293945e-01
7.359182834625244141e-01
-7.631316781044006348e-02
