7.193522453308105469e-01
6.913163065910339355e-01
-1.399442339788947720e-07
6.917576789855957031e-01
6.133405566215515137e-01
-4.543598275631666183e-03
6.425847411155700684e-01
5.389358997344970703e-01
-1.867755874991416931e-02
6.000244021415710449e-01
4.921020269393920898e-01
-3.207168355584144592e-02
5.710277557373046875e-01
4.501230418682098389e-01
-4.567569121718406677e-02
6.204115748405456543e-01
5.653568506240844727e-01
-5.106503143906593323e-02
5.285575985908508301e-01
5.812630653381347656e-01
-7.446746528148651123e-02
5.502465963363647461e-01
5.869704484939575195e-01
-8.232322335243225098e-02
5.863511562347412109e-01
5.853782296180725098e-01
-8.279448002576828003e-02
6.202542185783386230e-01
6.357969045639038086e-01
-5.761205404996871948e-02
5.235261321067810059e-01
6.370064020156860352e-01
-7.596026360988616943e-02
5.473726987838745117e-01
6.417759656906127930e-01
-7.383940368890762329e-02
5.825569629669189453e-01
6.472489237785339355e-01
-7.150572538375854492e-02
6.166369915008544922e-01
7.037774324417114258e-01
-6.241190806031227112e-02
5.271074771881103516e-01
6.954052448272705078e-01
-7.520253956317901611e-02
5.531056523323059082e-01
6.974262595176696777e-01
-5.996010825037956238e-02
5.865768790245056152e-01
7.008651494979858398e-01
-4.921261593699455261e-02
6.127160787582397461e-01
7.678835391998291016e-01
-6.675832718610763550e-02
5.388694405555725098e-01
7.488529086112976074e-01
-7.525773346424102783e-02
5.643689632415771484e-01
7.485611438751220703e-01
-6.132107600569725037e-02
5.948884487152099609e-01
7.533006668090820312e-01
-5.015779286623001099e-02
