6.447671651840209961e-01
7.656418085098266602e-01
2.351055456983885961e-07
6.215788125991821289e-01
6.935098171234130859e-01
-1.117730420082807541e-02
5.773731470108032227e-01
6.171797513961791992e-01
-2.477216161787509918e-02
5.320035219192504883e-01
5.782959461212158203e-01
-3.396115824580192566e-02
4.963734149932861328e-01
5.492771863937377930e-01
-4.591012746095657349e-02
5.698222517967224121e-01
6.421142220497131348e-01
-6.012775748968124390e-02
4.960252344608306885e-01
6.340999603271484375e-01
-8.164931833744049072e-02
4.467990994453430176e-01
6.436269283294677734e-01
-9.174102544784545898e-02
4.106557965278625488e-01
6.554410457611083984e-01
-9.774939715862274170e-02
5.690420866012573242e-01
7.119949460029602051e-01
-6.454410403966903687e-02
4.763950109481811523e-01
7.180059552192687988e-01
-8.586779236793518066e-02
4.427741765975952148e-01
7.261061072349548340e-01
-9.151011705398559570e-02
4.279662370681762695e-01
7.342618107795715332e-01
-9.542223066091537476e-02
5.684067010879516602e-01
7.760493755340576172e-01
-6.663347035646438599e-02
4.821135103702545166e-01
7.846427559852600098e-01
-8.492001146078109741e-02
4.478672742843627930e-01
7.928244471549987793e-01
-8.168530464172363281e-02
4.277111589908599854e-01
7.994879484176635742e-01
-7.892812788486480713e-02
5.680025815963745117e-01
8.323860764503479004e-01
-6.797034293413162231e-02
5.011779069900512695e-01
8.365499377250671387e-01
-8.448589593172073364e-02
4.725558757781982422e-01
8.401793241500854492e-01
-8.193630725145339966e-02
4.502710402011871338e-01
8.416140675544738770e-01
-7.823462039232254028e-02
