5.120896100997924805e-01
7.693851590156555176e-01
6.564577326173548499e-09
4.932420849800109863e-01
7.602232098579406738e-01
-3.636470809578895569e-02
4.839965701103210449e-01
7.398533225059509277e-01
-6.730397045612335205e-02
4.715576171875000000e-01
7.227324843406677246e-01
-9.389659762382507324e-02
4.540635943412780762e-01
7.136369943618774414e-01
-1.218660622835159302e-01
5.301215648651123047e-01
7.471047043800354004e-01
-7.138543576002120972e-02
5.491424202919006348e-01
7.210148572921752930e-01
-1.006998866796493530e-01
5.652661323547363281e-01
7.003669738769531250e-01
-1.203286796808242798e-01
5.815492868423461914e-01
6.802920699119567871e-01
-1.331734359264373779e-01
5.596461296081542969e-01
7.587828636169433594e-01
-6.593517214059829712e-02
5.937519669532775879e-01
7.242992520332336426e-01
-8.923628181219100952e-02
6.204577684402465820e-01
6.984748840332031250e-01
-1.021644771099090576e-01
6.427031159400939941e-01
6.734811067581176758e-01
-1.135068088769912720e-01
5.803667306900024414e-01
7.712926864624023438e-01
-6.119121983647346497e-02
6.139979958534240723e-01
7.387598156929016113e-01
-8.003114908933639526e-02
6.385590434074401855e-01
7.150053977966308594e-01
-8.980151265859603882e-02
6.590495109558105469e-01
6.919278502464294434e-01
-9.777821600437164307e-02
5.922392010688781738e-01
7.816948890686035156e-01
-5.906509608030319214e-02
6.151734590530395508e-01
7.670327425003051758e-01
-6.911317259073257446e-02
6.313334703445434570e-01
7.528594136238098145e-01
-7.264728099107742310e-02
6.441664695739746094e-01
7.371985912322998047e-01
-7.719053328037261963e-02
