7.528924345970153809e-01
4.591081738471984863e-01
1.673984257877236814e-07
7.717152833938598633e-01
3.912274837493896484e-01
-1.025225967168807983e-03
7.692788839340209961e-01
3.222325146198272705e-01
-6.518930196762084961e-03
7.670215964317321777e-01
2.676065564155578613e-01
-1.181086152791976929e-02
7.785334587097167969e-01
2.316320240497589111e-01
-1.876377128064632416e-02
7.254276275634765625e-01
3.041287064552307129e-01
-2.274365909397602081e-02
6.825123429298400879e-01
2.494406849145889282e-01
-3.090913966298103333e-02
6.534824967384338379e-01
2.202247679233551025e-01
-3.465882316231727600e-02
6.303928494453430176e-01
2.006032317876815796e-01
-3.726352378726005554e-02
6.987594366073608398e-01
3.283007144927978516e-01
-2.749085985124111176e-02
6.514965891838073730e-01
2.709392309188842773e-01
-3.349908813834190369e-02
6.213712096214294434e-01
2.438280582427978516e-01
-3.547990694642066956e-02
5.996669530868530273e-01
2.275937050580978394e-01
-3.730121254920959473e-02
6.763905882835388184e-01
3.593268990516662598e-01
-3.060359507799148560e-02
6.332774162292480469e-01
3.074418902397155762e-01
-3.351377695798873901e-02
6.064311861991882324e-01
2.812010049819946289e-01
-3.446244075894355774e-02
5.878970026969909668e-01
2.644119262695312500e-01
-3.649533540010452271e-02
6.593946218490600586e-01
3.948901891708374023e-01
-3.335816040635108948e-02
6.230362653732299805e-01
3.670213222503662109e-01
-3.619620949029922485e-02
6.011452674865722656e-01
3.499944508075714111e-01
-3.556700050830841064e-02
5.848969817161560059e-01
3.353157639503479004e-01
-3.481838852167129517e-02
