7.636910676956176758e-01
4.264677762985229492e-01
1.951556782842089888e-07
7.795570492744445801e-01
3.639061748981475830e-01
-1.730781514197587967e-03
7.762931585311889648e-01
2.987443506717681885e-01
-7.652211934328079224e-03
7.744647264480590820e-01
2.466953098773956299e-01
-1.374862901866436005e-02
7.862944006919860840e-01
2.126353383064270020e-01
-2.140017785131931305e-02
7.366343140602111816e-01
2.810342013835906982e-01
-2.268840558826923370e-02
6.957108974456787109e-01
2.267260551452636719e-01
-3.207786008715629578e-02
6.680051684379577637e-01
1.971260458230972290e-01
-3.671913966536521912e-02
6.449502706527709961e-01
1.764880269765853882e-01
-3.997834026813507080e-02
7.128452062606811523e-01
3.048179447650909424e-01
-2.841253206133842468e-02
6.664938926696777344e-01
2.474107444286346436e-01
-3.661499917507171631e-02
6.369011402130126953e-01
2.157225012779235840e-01
-4.065815359354019165e-02
6.140359640121459961e-01
1.935357451438903809e-01
-4.392969235777854919e-02
6.924546957015991211e-01
3.354207575321197510e-01
-3.269017860293388367e-02
6.491976380348205566e-01
2.846290767192840576e-01
-3.848306462168693542e-02
6.223656535148620605e-01
2.588440179824829102e-01
-4.135155677795410156e-02
6.028224825859069824e-01
2.414534687995910645e-01
-4.412954300642013550e-02
6.756309270858764648e-01
3.700684309005737305e-01
-3.659198433160781860e-02
6.393408775329589844e-01
3.409685492515563965e-01
-4.223057627677917480e-02
6.169453859329223633e-01
3.251528441905975342e-01
-4.328649118542671204e-02
5.990326404571533203e-01
3.123605549335479736e-01
-4.346464946866035461e-02
