7.617045044898986816e-01
4.282707870006561279e-01
1.859209675103556947e-07
7.779862880706787109e-01
3.648450076580047607e-01
-3.444576577749103308e-04
7.756683826446533203e-01
3.003115952014923096e-01
-6.204566452652215958e-03
7.742768526077270508e-01
2.484529316425323486e-01
-1.240805536508560181e-02
7.848425507545471191e-01
2.141047120094299316e-01
-2.050968818366527557e-02
7.359694838523864746e-01
2.833680808544158936e-01
-2.310219965875148773e-02
6.930519342422485352e-01
2.288849949836730957e-01
-3.264068812131881714e-02
6.649436950683593750e-01
1.995970457792282104e-01
-3.722785040736198425e-02
6.423370838165283203e-01
1.795147508382797241e-01
-4.027970135211944580e-02
7.115929126739501953e-01
3.072313070297241211e-01
-2.946845442056655884e-02
6.634460687637329102e-01
2.482386529445648193e-01
-3.743316233158111572e-02
6.329761743545532227e-01
2.167112231254577637e-01
-4.100472480058670044e-02
6.101291179656982422e-01
1.963117420673370361e-01
-4.391185939311981201e-02
6.906237006187438965e-01
3.383903205394744873e-01
-3.421073034405708313e-02
6.460229754447937012e-01
2.850888073444366455e-01
-3.983839228749275208e-02
6.191131472587585449e-01
2.590757608413696289e-01
-4.209021478891372681e-02
6.001464724540710449e-01
2.427002042531967163e-01
-4.449857398867607117e-02
6.733667850494384766e-01
3.735896348953247070e-01
-3.837810829281806946e-02
6.361613869667053223e-01
3.421961665153503418e-01
-4.417558014392852783e-02
6.142209172248840332e-01
3.258308172225952148e-01
-4.463033750653266907e-02
5.970820784568786621e-01
3.129884600639343262e-01
-4.431334882974624634e-02
