7.547215819358825684e-01
4.460551440715789795e-01
1.898800974231562577e-07
7.725350260734558105e-01
3.810903429985046387e-01
-1.127790077589452267e-03
7.697722911834716797e-01
3.142091333866119385e-01
-7.064074277877807617e-03
7.686347961425781250e-01
2.588098645210266113e-01
-1.266682893037796021e-02
7.796919345855712891e-01
2.234054803848266602e-01
-2.006776258349418640e-02
7.278416156768798828e-01
2.952389717102050781e-01
-2.398382127285003662e-02
6.845495104789733887e-01
2.406040430068969727e-01
-3.256309032440185547e-02
6.550862193107604980e-01
2.115535885095596313e-01
-3.672490641474723816e-02
6.313895583152770996e-01
1.919250935316085815e-01
-3.959278389811515808e-02
7.014871835708618164e-01
3.192119300365447998e-01
-2.875768393278121948e-02
6.550362110137939453e-01
2.606545686721801758e-01
-3.537485748529434204e-02
6.245984435081481934e-01
2.302954494953155518e-01
-3.812110796570777893e-02
6.018783450126647949e-01
2.110790908336639404e-01
-4.060796648263931274e-02
6.790350079536437988e-01
3.504589796066284180e-01
-3.177255764603614807e-02
6.353850364685058594e-01
2.987071871757507324e-01
-3.548407182097434998e-02
6.072303652763366699e-01
2.723664045333862305e-01
-3.756001964211463928e-02
5.872789621353149414e-01
2.561371326446533203e-01
-4.031009227037429810e-02
6.614716649055480957e-01
3.856509625911712646e-01
-3.431183099746704102e-02
6.251595020294189453e-01
3.565489053726196289e-01
-3.830531612038612366e-02
6.026173830032348633e-01
3.395207226276397705e-01
-3.867254406213760376e-02
5.853947401046752930e-01
3.249545693397521973e-01
-3.854971006512641907e-02
