7.155436277389526367e-01
4.872431457042694092e-01
2.520829980312555563e-07
7.301278114318847656e-01
4.261060059070587158e-01
-6.951919291168451309e-03
7.271669507026672363e-01
3.619776964187622070e-01
-1.528263557702302933e-02
7.260919213294982910e-01
3.100764155387878418e-01
-2.311007119715213776e-02
7.384068369865417480e-01
2.754990160465240479e-01
-3.240845724940299988e-02
6.823731660842895508e-01
3.522066175937652588e-01
-2.303425967693328857e-02
6.397485136985778809e-01
3.056153059005737305e-01
-3.380397707223892212e-02
6.105118393898010254e-01
2.807243466377258301e-01
-4.050859436392784119e-02
5.879261493682861328e-01
2.626732289791107178e-01
-4.524009302258491516e-02
6.575325727462768555e-01
3.785750269889831543e-01
-2.651352249085903168e-02
6.120640635490417480e-01
3.270610570907592773e-01
-3.572018072009086609e-02
5.830602049827575684e-01
2.984084188938140869e-01
-4.183210432529449463e-02
5.613790154457092285e-01
2.772643268108367920e-01
-4.647618904709815979e-02
6.370391845703125000e-01
4.094961583614349365e-01
-2.933141589164733887e-02
5.943218469619750977e-01
3.628664910793304443e-01
-3.621202334761619568e-02
5.672492384910583496e-01
3.362689316272735596e-01
-4.049833491444587708e-02
5.477358698844909668e-01
3.167209327220916748e-01
-4.404364526271820068e-02
6.211909055709838867e-01
4.421454370021820068e-01
-3.238499537110328674e-02
5.876827836036682129e-01
4.074426591396331787e-01
-3.811632469296455383e-02
5.673371553421020508e-01
3.871575891971588135e-01
-3.941236063838005066e-02
5.514551997184753418e-01
3.692592978477478027e-01
-3.992739692330360413e-02
