7.922234535217285156e-01
8.634505867958068848e-01
1.374655624886145233e-07
7.499711513519287109e-01
8.190059065818786621e-01
-1.480255648493766785e-02
7.022482156753540039e-01
7.859476208686828613e-01
-3.126838430762290955e-02
6.586649417877197266e-01
7.860117554664611816e-01
-4.312793537974357605e-02
6.275011301040649414e-01
7.974193096160888672e-01
-5.860231816768646240e-02
7.257390022277832031e-01
7.779101133346557617e-01
-7.135106623172760010e-02
6.825147867202758789e-01
7.619178891181945801e-01
-9.726212918758392334e-02
6.434735655784606934e-01
7.781767845153808594e-01
-1.110139638185501099e-01
6.112402081489562988e-01
7.942652702331542969e-01
-1.199706718325614929e-01
7.456218004226684570e-01
8.240373134613037109e-01
-7.599684596061706543e-02
6.955714821815490723e-01
8.262497186660766602e-01
-1.006547287106513977e-01
6.482418775558471680e-01
8.448958396911621094e-01
-1.114387214183807373e-01
6.123549938201904297e-01
8.542407751083374023e-01
-1.215952932834625244e-01
7.593295574188232422e-01
8.772847652435302734e-01
-7.815833389759063721e-02
7.049747705459594727e-01
8.934556841850280762e-01
-1.011138260364532471e-01
6.618635654449462891e-01
9.074847698211669922e-01
-1.076030880212783813e-01
6.299547553062438965e-01
9.111107587814331055e-01
-1.127489507198333740e-01
7.673062086105346680e-01
9.356334805488586426e-01
-7.944929599761962891e-02
7.212349176406860352e-01
9.593896865844726562e-01
-1.014544218778610229e-01
6.892978549003601074e-01
9.658415317535400391e-01
-1.068123057484626770e-01
6.650186181068420410e-01
9.633710980415344238e-01
-1.097833216190338135e-01
