6.503244638442993164e-01
7.412599921226501465e-01
-4.218108529130404349e-07
6.183021068572998047e-01
6.599805951118469238e-01
-4.353009164333343506e-03
5.580558180809020996e-01
5.672485232353210449e-01
-1.819542236626148224e-02
4.908867180347442627e-01
5.267659425735473633e-01
-3.133119270205497742e-02
4.353634715080261230e-01
5.402372479438781738e-01
-4.586020857095718384e-02
5.554366707801818848e-01
5.710416436195373535e-01
-6.087591126561164856e-02
4.368341863155364990e-01
5.819176435470581055e-01
-9.213435649871826172e-02
4.573110342025756836e-01
6.074340343475341797e-01
-1.032557412981987000e-01
4.994310438632965088e-01
6.157023906707763672e-01
-1.057990789413452148e-01
5.594347119331359863e-01
6.364932060241699219e-01
-7.107835263013839722e-02
4.313871562480926514e-01
6.633651256561279297e-01
-9.888056665658950806e-02
4.593523144721984863e-01
6.803212165832519531e-01
-9.678173810243606567e-02
5.024083256721496582e-01
6.815633773803710938e-01
-9.418883919715881348e-02
5.572643280029296875e-01
7.042012214660644531e-01
-7.947933673858642578e-02
4.341742098331451416e-01
7.276538014411926270e-01
-1.036391630768775940e-01
4.648868441581726074e-01
7.413697838783264160e-01
-8.650179952383041382e-02
5.072644948959350586e-01
7.408443689346313477e-01
-7.334257662296295166e-02
5.486417412757873535e-01
7.724292874336242676e-01
-8.701367676258087158e-02
4.504015147686004639e-01
7.828236818313598633e-01
-1.083424985408782959e-01
4.770775437355041504e-01
7.955127954483032227e-01
-9.667009115219116211e-02
5.142056345939636230e-01
7.994370460510253906e-01
-8.535384386777877808e-02
