7.556808590888977051e-01
6.205571293830871582e-01
-8.647735683098289883e-08
7.330776453018188477e-01
5.438401103019714355e-01
-8.928836323320865631e-03
6.868902444839477539e-01
4.774107038974761963e-01
-2.286696061491966248e-02
6.573609113693237305e-01
4.213015437126159668e-01
-3.673955053091049194e-02
6.537302732467651367e-01
3.644012212753295898e-01
-4.988117888569831848e-02
6.480950713157653809e-01
5.161620974540710449e-01
-4.183704033493995667e-02
5.537358522415161133e-01
5.286846756935119629e-01
-6.599378585815429688e-02
5.787118077278137207e-01
5.361168384552001953e-01
-7.505640387535095215e-02
6.135803461074829102e-01
5.338644981384277344e-01
-7.660619169473648071e-02
6.454848051071166992e-01
5.767326951026916504e-01
-4.570634290575981140e-02
5.500896573066711426e-01
5.868682861328125000e-01
-6.659344583749771118e-02
5.754708647727966309e-01
5.916587114334106445e-01
-6.721917539834976196e-02
6.100112795829772949e-01
5.894900560379028320e-01
-6.424114853143692017e-02
6.443560123443603516e-01
6.315073966979980469e-01
-4.926139488816261292e-02
5.610036253929138184e-01
6.389024257659912109e-01
-6.363340467214584351e-02
5.805622935295104980e-01
6.409782171249389648e-01
-5.396239086985588074e-02
6.109085679054260254e-01
6.373290419578552246e-01
-4.411748424172401428e-02
6.450256705284118652e-01
6.782559156417846680e-01
-5.309022590517997742e-02
5.760488510131835938e-01
6.817140579223632812e-01
-6.097888946533203125e-02
5.904086232185363770e-01
6.823602318763732910e-01
-5.119789019227027893e-02
6.183720827102661133e-01
6.812992691993713379e-01
-4.146898910403251648e-02
