6.547086238861083984e-01
7.744194269180297852e-01
-2.966403087611979572e-07
6.161914467811584473e-01
6.805220842361450195e-01
-7.190688978880643845e-03
5.515674948692321777e-01
5.913677811622619629e-01
-2.406167984008789062e-02
4.801431000232696533e-01
5.658888816833496094e-01
-3.648182004690170288e-02
4.264409244060516357e-01
5.864746570587158203e-01
-4.798659682273864746e-02
5.571397542953491211e-01
6.109406352043151855e-01
-8.461233228445053101e-02
4.190871417522430420e-01
6.495486497879028320e-01
-1.136366575956344604e-01
4.473802745342254639e-01
6.646753549575805664e-01
-1.169557422399520874e-01
4.969315230846405029e-01
6.609429121017456055e-01
-1.127275079488754272e-01
5.636439323425292969e-01
6.931683421134948730e-01
-8.977819979190826416e-02
4.168069064617156982e-01
7.249560356140136719e-01
-1.180662959814071655e-01
4.458971917629241943e-01
7.365030646324157715e-01
-1.103736385703086853e-01
4.936670958995819092e-01
7.346809506416320801e-01
-1.028364896774291992e-01
5.591959357261657715e-01
7.758681774139404297e-01
-9.089722484350204468e-02
4.287190139293670654e-01
8.000380992889404297e-01
-1.100569367408752441e-01
4.560239911079406738e-01
8.068510890007019043e-01
-8.624064922332763672e-02
4.991562068462371826e-01
8.007685542106628418e-01
-6.849194318056106567e-02
5.492610931396484375e-01
8.602775931358337402e-01
-9.100373834371566772e-02
4.440760612487792969e-01
8.649597764015197754e-01
-1.042314618825912476e-01
4.718374311923980713e-01
8.665808439254760742e-01
-8.609599620103836060e-02
5.154972076416015625e-01
8.638871312141418457e-01
-7.105156779289245605e-02
