7.026919126510620117e-01
5.083028078079223633e-01
2.847915538950474001e-07
7.137844562530517578e-01
4.482163190841674805e-01
-7.567229215055704117e-03
7.067842483520507812e-01
3.852222263813018799e-01
-1.559461187571287155e-02
7.035848498344421387e-01
3.328210711479187012e-01
-2.326004393398761749e-02
7.151204347610473633e-01
2.971279025077819824e-01
-3.196777403354644775e-02
6.599940657615661621e-01
3.767243027687072754e-01
-2.097679302096366882e-02
6.157340407371520996e-01
3.327467143535614014e-01
-3.165931999683380127e-02
5.841572880744934082e-01
3.088177144527435303e-01
-3.839214891195297241e-02
5.590215325355529785e-01
2.918458878993988037e-01
-4.336654394865036011e-02
6.355951428413391113e-01
4.038123488426208496e-01
-2.460036799311637878e-02
5.879418253898620605e-01
3.556944429874420166e-01
-3.436268493533134460e-02
5.570639967918395996e-01
3.268066048622131348e-01
-4.125534743070602417e-02
5.334595441818237305e-01
3.036930859088897705e-01
-4.634334519505500793e-02
6.165711283683776855e-01
4.353756606578826904e-01
-2.784772403538227081e-02
5.716468691825866699e-01
3.935853838920593262e-01
-3.563593700528144836e-02
5.428555011749267578e-01
3.675578236579895020e-01
-4.169135913252830505e-02
5.217607021331787109e-01
3.460000157356262207e-01
-4.630104824900627136e-02
6.031447052955627441e-01
4.676806926727294922e-01
-3.143715485930442810e-02
5.682044625282287598e-01
4.409119784832000732e-01
-3.835275024175643921e-02
5.456084609031677246e-01
4.235540330410003662e-01
-4.148464277386665344e-02
5.280420780181884766e-01
4.069883525371551514e-01
-4.319008812308311462e-02
