7.834649085998535156e-01
4.097677469253540039e-01
7.111314204166774289e-08
7.923868894577026367e-01
3.492230176925659180e-01
5.081531591713428497e-03
7.864409685134887695e-01
2.851416468620300293e-01
1.626948360353708267e-03
7.834859490394592285e-01
2.350882887840270996e-01
-3.190858988091349602e-03
7.932348251342773438e-01
2.017340958118438721e-01
-1.017433777451515198e-02
7.570766210556030273e-01
2.658105194568634033e-01
-1.913207583129405975e-02
7.138423323631286621e-01
2.106153964996337891e-01
-2.936609089374542236e-02
6.852005124092102051e-01
1.823326945304870605e-01
-3.396143391728401184e-02
6.618985533714294434e-01
1.626484841108322144e-01
-3.692855685949325562e-02
7.405129671096801758e-01
2.882915139198303223e-01
-2.883465215563774109e-02
6.887660622596740723e-01
2.279163151979446411e-01
-3.901247680187225342e-02
6.557108163833618164e-01
1.969775706529617310e-01
-4.342327639460563660e-02
6.295427083969116211e-01
1.761028170585632324e-01
-4.660717397928237915e-02
7.238912582397460938e-01
3.182292580604553223e-01
-3.670265525579452515e-02
6.749142408370971680e-01
2.650628983974456787e-01
-4.501157253980636597e-02
6.439381837844848633e-01
2.370623946189880371e-01
-4.888925328850746155e-02
6.199127435684204102e-01
2.172241955995559692e-01
-5.197810381650924683e-02
7.075615525245666504e-01
3.527880907058715820e-01
-4.335654526948928833e-02
6.677548885345458984e-01
3.209765851497650146e-01
-5.181783437728881836e-02
6.435103416442871094e-01
3.057901561260223389e-01
-5.418042093515396118e-02
6.227221488952636719e-01
2.941260635852813721e-01
-5.518762394785881042e-02
