4.520820677280426025e-01
5.635141730308532715e-01
2.640173306645010598e-07
4.723449051380157471e-01
5.142610669136047363e-01
-1.221925206482410431e-02
5.024414062500000000e-01
4.801549613475799561e-01
-2.204099483788013458e-02
5.328486561775207520e-01
4.705545306205749512e-01
-2.868088893592357635e-02
5.568985939025878906e-01
4.787705540657043457e-01
-3.455141931772232056e-02
5.059557557106018066e-01
5.094929337501525879e-01
-3.209884464740753174e-02
5.442407131195068359e-01
5.156798958778381348e-01
-4.329255968332290649e-02
5.682683587074279785e-01
5.218599438667297363e-01
-4.801506921648979187e-02
5.870023965835571289e-01
5.260466337203979492e-01
-5.066160485148429871e-02
5.040762424468994141e-01
5.489386916160583496e-01
-3.126244619488716125e-02
5.422852039337158203e-01
5.543177723884582520e-01
-4.066288098692893982e-02
5.683098435401916504e-01
5.561662912368774414e-01
-4.356645047664642334e-02
5.890870690345764160e-01
5.549017190933227539e-01
-4.601221531629562378e-02
5.004060864448547363e-01
5.838990807533264160e-01
-2.988123334944248199e-02
5.340211391448974609e-01
5.886991620063781738e-01
-3.865879774093627930e-02
5.592395663261413574e-01
5.863678455352783203e-01
-3.921500220894813538e-02
5.792663097381591797e-01
5.823431015014648438e-01
-3.930284082889556885e-02
4.965884685516357422e-01
6.133233308792114258e-01
-2.867590077221393585e-02
5.243576169013977051e-01
6.148740053176879883e-01
-3.633993119001388550e-02
5.441005229949951172e-01
6.116107702255249023e-01
-3.625366091728210449e-02
5.600019097328186035e-01
6.070720553398132324e-01
-3.526625037193298340e-02
