6.264311075210571289e-01
6.791443228721618652e-01
-4.375149487145790772e-08
6.129589080810546875e-01
6.217772364616394043e-01
-9.132311679422855377e-03
5.799794197082519531e-01
5.710032582283020020e-01
-1.841838657855987549e-02
5.499536991119384766e-01
5.372310280799865723e-01
-2.690966427326202393e-02
5.256326198577880859e-01
5.122081041336059570e-01
-3.789609298110008240e-02
5.638403892517089844e-01
5.673398971557617188e-01
-3.795909136533737183e-02
5.157369375228881836e-01
5.535580515861511230e-01
-5.960331112146377563e-02
4.837870299816131592e-01
5.552784800529479980e-01
-7.355190813541412354e-02
4.549269080162048340e-01
5.598161220550537109e-01
-8.258213847875595093e-02
5.619893670082092285e-01
6.034586429595947266e-01
-4.343720898032188416e-02
5.051568746566772461e-01
6.072930693626403809e-01
-6.342964619398117065e-02
4.715292453765869141e-01
6.146240234375000000e-01
-7.405953854322433472e-02
4.436857104301452637e-01
6.213339567184448242e-01
-8.214136213064193726e-02
5.642598271369934082e-01
6.434547901153564453e-01
-4.854745045304298401e-02
5.117730498313903809e-01
6.536899209022521973e-01
-6.686680018901824951e-02
4.798503816127777100e-01
6.590838432312011719e-01
-7.108986377716064453e-02
4.532566368579864502e-01
6.621830463409423828e-01
-7.389949262142181396e-02
5.699443221092224121e-01
6.835838556289672852e-01
-5.359861254692077637e-02
5.282409191131591797e-01
6.930261254310607910e-01
-7.020181417465209961e-02
5.012461543083190918e-01
6.942526102066040039e-01
-7.360189408063888550e-02
4.774078428745269775e-01
6.925889253616333008e-01
-7.489601522684097290e-02
