6.751095056533813477e-01
6.279889941215515137e-01
-8.164244036379386671e-08
6.621056199073791504e-01
5.631585121154785156e-01
-1.217774674296379089e-02
6.294571161270141602e-01
4.991340339183807373e-01
-2.631442621350288391e-02
5.910162329673767090e-01
4.623954296112060547e-01
-3.769929334521293640e-02
5.626693367958068848e-01
4.295905232429504395e-01
-4.836723580956459045e-02
6.011226773262023926e-01
5.221648216247558594e-01
-4.980063438415527344e-02
5.300024151802062988e-01
5.342132449150085449e-01
-6.673549115657806396e-02
5.442410111427307129e-01
5.418380498886108398e-01
-6.848538666963577271e-02
5.690118074417114258e-01
5.435500144958496094e-01
-6.583924591541290283e-02
5.969418287277221680e-01
5.786540508270263672e-01
-5.083438381552696228e-02
5.242789387702941895e-01
5.774438977241516113e-01
-6.545024365186691284e-02
5.387351512908935547e-01
5.811784267425537109e-01
-6.318239122629165649e-02
5.630908012390136719e-01
5.845476388931274414e-01
-6.082332506775856018e-02
5.918576717376708984e-01
6.302941441535949707e-01
-5.077648907899856567e-02
5.251826047897338867e-01
6.208689808845520020e-01
-6.088365986943244934e-02
5.384356975555419922e-01
6.228003501892089844e-01
-5.121880024671554565e-02
5.607381463050842285e-01
6.257705092430114746e-01
-4.438141733407974243e-02
5.861719250679016113e-01
6.766532063484191895e-01
-5.088305845856666565e-02
5.296381115913391113e-01
6.627714037895202637e-01
-5.851605534553527832e-02
5.411662459373474121e-01
6.649030447006225586e-01
-5.130483582615852356e-02
5.607830882072448730e-01
6.714587807655334473e-01
-4.487135633826255798e-02
