6.830850243568420410e-01
6.040949821472167969e-01
-3.548967697497573681e-08
6.753451824188232422e-01
5.489290952682495117e-01
-1.001354586333036423e-02
6.448515653610229492e-01
4.934735596179962158e-01
-1.779548078775405884e-02
6.091300249099731445e-01
4.538167119026184082e-01
-2.405372634530067444e-02
5.859064459800720215e-01
4.171352088451385498e-01
-3.074005246162414551e-02
6.252181529998779297e-01
5.108101367950439453e-01
-2.167105115950107574e-02
5.784209370613098145e-01
5.005640387535095215e-01
-3.570520132780075073e-02
5.786578059196472168e-01
5.110890269279479980e-01
-4.367781057953834534e-02
5.894498229026794434e-01
5.157022476196289062e-01
-4.763419181108474731e-02
6.178937554359436035e-01
5.477851629257202148e-01
-2.168778330087661743e-02
5.750104188919067383e-01
5.392237901687622070e-01
-3.128800541162490845e-02
5.802314877510070801e-01
5.487581491470336914e-01
-3.386917337775230408e-02
5.938329100608825684e-01
5.541749000549316406e-01
-3.645276650786399841e-02
6.134942770004272461e-01
5.839828252792358398e-01
-2.228425815701484680e-02
5.768353343009948730e-01
5.767333507537841797e-01
-3.187826275825500488e-02
5.833426713943481445e-01
5.845962166786193848e-01
-2.802605368196964264e-02
5.971913337707519531e-01
5.885116457939147949e-01
-2.544367685914039612e-02
6.101455688476562500e-01
6.166343688964843750e-01
-2.318422868847846985e-02
5.784902572631835938e-01
6.101914644241333008e-01
-3.021490760147571564e-02
5.857360959053039551e-01
6.168248653411865234e-01
-2.582672983407974243e-02
5.979222059249877930e-01
6.216814517974853516e-01
-2.186802774667739868e-02
