5.274240374565124512e-01
8.119021654129028320e-01
2.561440624049282633e-07
5.053906440734863281e-01
7.765783071517944336e-01
-2.498663030564785004e-02
4.917149841785430908e-01
7.423885464668273926e-01
-4.465253278613090515e-02
4.747857153415679932e-01
7.282524108886718750e-01
-6.067935377359390259e-02
4.527965784072875977e-01
7.311528921127319336e-01
-7.810031622648239136e-02
5.313646793365478516e-01
7.644849419593811035e-01
-5.152213200926780701e-02
5.480428934097290039e-01
7.426034212112426758e-01
-6.978723406791687012e-02
5.626794099807739258e-01
7.219580411911010742e-01
-8.200552314519882202e-02
5.770869851112365723e-01
7.041075229644775391e-01
-9.068621695041656494e-02
5.612182617187500000e-01
7.757546901702880859e-01
-4.904905334115028381e-02
5.884630084037780762e-01
7.420349121093750000e-01
-6.429282575845718384e-02
6.091567277908325195e-01
7.126846909523010254e-01
-7.290161401033401489e-02
6.257945895195007324e-01
6.903319954872131348e-01
-8.065584301948547363e-02
5.828026533126831055e-01
7.831961512565612793e-01
-4.697642102837562561e-02
6.118269562721252441e-01
7.503675222396850586e-01
-6.034453958272933960e-02
6.322759985923767090e-01
7.224260568618774414e-01
-6.997056305408477783e-02
6.489137411117553711e-01
6.996690034866333008e-01
-7.722874730825424194e-02
5.955431461334228516e-01
7.884609103202819824e-01
-4.646255820989608765e-02
6.230803132057189941e-01
7.678680419921875000e-01
-5.649292469024658203e-02
6.427762508392333984e-01
7.519807219505310059e-01
-6.198397278785705566e-02
6.589319109916687012e-01
7.398326992988586426e-01
-6.704042106866836548e-02
