6.836632490158081055e-01
5.863878726959228516e-01
1.984538471333507914e-07
6.026650667190551758e-01
6.812407970428466797e-01
-3.808347508311271667e-02
5.177377462387084961e-01
6.987985372543334961e-01
-9.526406973600387573e-02
4.558392465114593506e-01
6.611734032630920410e-01
-1.420441269874572754e-01
4.381864964962005615e-01
6.361985802650451660e-01
-1.880754530429840088e-01
6.490616202354431152e-01
6.889815926551818848e-01
-1.996201723814010620e-01
5.546397566795349121e-01
6.597936749458312988e-01
-2.854878008365631104e-01
5.709362030029296875e-01
6.731128692626953125e-01
-3.256219625473022461e-01
6.185227632522583008e-01
6.897808909416198730e-01
-3.413678109645843506e-01
6.947131752967834473e-01
6.072003841400146484e-01
-2.086152136325836182e-01
5.378895401954650879e-01
5.394815802574157715e-01
-2.860930263996124268e-01
5.565567016601562500e-01
5.598783493041992188e-01
-2.898935973644256592e-01
6.120729446411132812e-01
5.770502090454101562e-01
-2.883049249649047852e-01
7.112265825271606445e-01
5.236870646476745605e-01
-2.123214155435562134e-01
5.519227981567382812e-01
4.762904047966003418e-01
-2.625596523284912109e-01
5.771622061729431152e-01
5.027805566787719727e-01
-2.329672276973724365e-01
6.266322135925292969e-01
5.135897397994995117e-01
-2.098640650510787964e-01
7.141744494438171387e-01
4.564893543720245361e-01
-2.179336994886398315e-01
6.035074591636657715e-01
4.173396527767181396e-01
-2.404917776584625244e-01
6.225070357322692871e-01
4.356157779693603516e-01
-2.155759930610656738e-01
6.590376496315002441e-01
4.337641000747680664e-01
-1.988392919301986694e-01
