6.122785806655883789e-01
6.958602070808410645e-01
-1.146505326232727384e-07
6.020814180374145508e-01
6.345281004905700684e-01
-3.919516690075397491e-03
5.708873271942138672e-01
5.841729640960693359e-01
-8.504104800522327423e-03
5.408235192298889160e-01
5.534141063690185547e-01
-1.431645452976226807e-02
5.160229206085205078e-01
5.293295383453369141e-01
-2.187415957450866699e-02
5.491977930068969727e-01
5.755646824836730957e-01
-1.363075338304042816e-02
5.087354183197021484e-01
5.630071163177490234e-01
-3.080780990421772003e-02
4.785099625587463379e-01
5.654951930046081543e-01
-4.463598132133483887e-02
4.511258602142333984e-01
5.718477368354797363e-01
-5.442256852984428406e-02
5.448207855224609375e-01
6.007745862007141113e-01
-2.094447985291481018e-02
4.985021948814392090e-01
5.997950434684753418e-01
-3.816327825188636780e-02
4.659796059131622314e-01
6.073006391525268555e-01
-5.085708945989608765e-02
4.374880194664001465e-01
6.177358627319335938e-01
-6.012645363807678223e-02
5.454032421112060547e-01
6.300918459892272949e-01
-2.893129549920558929e-02
4.996896386146545410e-01
6.270273923873901367e-01
-4.646452888846397400e-02
4.695133268833160400e-01
6.317470669746398926e-01
-5.263775214552879333e-02
4.422740936279296875e-01
6.388888955116271973e-01
-5.592653155326843262e-02
5.512599349021911621e-01
6.614987254142761230e-01
-3.679830953478813171e-02
5.122700929641723633e-01
6.608696579933166504e-01
-5.358109995722770691e-02
4.856476485729217529e-01
6.618301868438720703e-01
-5.842493101954460144e-02
4.612481594085693359e-01
6.628841757774353027e-01
-6.029988825321197510e-02
