7.449514865875244141e-01
5.124009847640991211e-01
3.278713478493955336e-08
7.402628064155578613e-01
4.477978646755218506e-01
1.489781658165156841e-03
7.163885831832885742e-01
3.780692815780639648e-01
-2.880326239392161369e-03
7.030029892921447754e-01
3.244256973266601562e-01
-7.946295663714408875e-03
7.075579166412353516e-01
2.820785045623779297e-01
-1.481613609939813614e-02
6.861655116081237793e-01
3.810554742813110352e-01
-1.930217817425727844e-02
6.283878087997436523e-01
3.478546142578125000e-01
-2.789137139916419983e-02
5.999815464019775391e-01
3.412270545959472656e-01
-3.062250278890132904e-02
5.838553905487060547e-01
3.385922312736511230e-01
-3.134543076157569885e-02
6.718062162399291992e-01
4.158572852611541748e-01
-2.506386861205101013e-02
6.075757145881652832e-01
3.791244626045227051e-01
-3.439857438206672668e-02
5.991578102111816406e-01
3.900720477104187012e-01
-3.361363336443901062e-02
6.060638427734375000e-01
4.053210318088531494e-01
-3.092035464942455292e-02
6.588792204856872559e-01
4.553951919078826904e-01
-2.916590310633182526e-02
5.966427922248840332e-01
4.215166568756103516e-01
-3.548735752701759338e-02
5.964555740356445312e-01
4.314150810241699219e-01
-2.762419544160366058e-02
6.106421351432800293e-01
4.443090856075286865e-01
-2.048965170979499817e-02
6.470368504524230957e-01
4.962096810340881348e-01
-3.280226886272430420e-02
5.984191298484802246e-01
4.624382257461547852e-01
-3.588372096419334412e-02
5.990194678306579590e-01
4.643105268478393555e-01
-2.776156738400459290e-02
6.113618612289428711e-01
4.723971486091613770e-01
-2.017464861273765564e-02
