5.255051255226135254e-01
8.362981677055358887e-01
2.548328552620660048e-07
4.928143918514251709e-01
7.877343297004699707e-01
-1.514280866831541061e-02
4.668335318565368652e-01
7.409244775772094727e-01
-3.049430437386035919e-02
4.397793412208557129e-01
7.183011770248413086e-01
-4.476181045174598694e-02
4.054444134235382080e-01
7.152038216590881348e-01
-6.102402508258819580e-02
4.916055500507354736e-01
7.653355002403259277e-01
-3.870305418968200684e-02
5.091518759727478027e-01
7.344779372215270996e-01
-5.577155202627182007e-02
5.270395278930664062e-01
7.073762416839599609e-01
-6.811688095331192017e-02
5.467415452003479004e-01
6.833699941635131836e-01
-7.744371891021728516e-02
5.283792614936828613e-01
7.846274971961975098e-01
-4.325062036514282227e-02
5.514095425605773926e-01
7.391647100448608398e-01
-5.474421009421348572e-02
5.722619891166687012e-01
6.995715498924255371e-01
-6.282898783683776855e-02
5.918393135070800781e-01
6.660199165344238281e-01
-7.223804295063018799e-02
5.609425306320190430e-01
8.005309700965881348e-01
-4.802520200610160828e-02
5.839889645576477051e-01
7.552054524421691895e-01
-6.003931164741516113e-02
6.056141853332519531e-01
7.204420566558837891e-01
-6.603177636861801147e-02
6.241604089736938477e-01
6.910581588745117188e-01
-7.175682485103607178e-02
5.891304016113281250e-01
8.149325847625732422e-01
-5.375684425234794617e-02
6.086561679840087891e-01
7.793383002281188965e-01
-6.123761832714080811e-02
6.249004006385803223e-01
7.562600374221801758e-01
-6.164566799998283386e-02
6.397409439086914062e-01
7.357886433601379395e-01
-6.434779614210128784e-02
