5.188208818435668945e-01
7.764544486999511719e-01
2.727292951476556482e-07
4.914260208606719971e-01
7.441747784614562988e-01
-2.289036661386489868e-02
4.733545780181884766e-01
7.046950459480285645e-01
-4.222197830677032471e-02
4.535897672176361084e-01
6.807700395584106445e-01
-5.872952565550804138e-02
4.257332682609558105e-01
6.706089377403259277e-01
-7.655693590641021729e-02
5.167599916458129883e-01
7.036207914352416992e-01
-4.709896445274353027e-02
5.347241759300231934e-01
6.796225905418395996e-01
-6.615447252988815308e-02
5.511805415153503418e-01
6.543080210685729980e-01
-7.941390573978424072e-02
5.683928728103637695e-01
6.305234432220458984e-01
-8.919308334589004517e-02
5.466343760490417480e-01
7.170575857162475586e-01
-4.745147749781608582e-02
5.748418569564819336e-01
6.817458271980285645e-01
-6.273221969604492188e-02
5.946620106697082520e-01
6.461354494094848633e-01
-7.134645432233810425e-02
6.118503808975219727e-01
6.153856515884399414e-01
-7.994766533374786377e-02
5.699626803398132324e-01
7.298858761787414551e-01
-4.852247238159179688e-02
6.000118851661682129e-01
6.973983049392700195e-01
-6.271569430828094482e-02
6.196810603141784668e-01
6.658222675323486328e-01
-6.988021731376647949e-02
6.354941725730895996e-01
6.368572711944580078e-01
-7.577335834503173828e-02
5.868331193923950195e-01
7.438764572143554688e-01
-5.133622139692306519e-02
6.164839863777160645e-01
7.218439579010009766e-01
-6.161174178123474121e-02
6.346391439437866211e-01
7.015706300735473633e-01
-6.560187041759490967e-02
6.494017243385314941e-01
6.804670691490173340e-01
-6.997121125459671021e-02
