8.383871316909790039e-01
3.671030998229980469e-01
2.196369166540534934e-07
8.556566238403320312e-01
3.140394389629364014e-01
-1.749932998791337013e-03
8.523343801498413086e-01
2.628478109836578369e-01
-4.937586840242147446e-03
8.491818308830261230e-01
2.217249870300292969e-01
-8.642596192657947540e-03
8.586760163307189941e-01
1.952214390039443970e-01
-1.312673930078744888e-02
7.982702851295471191e-01
2.416120022535324097e-01
-1.003261283040046692e-02
7.641001939773559570e-01
1.992537826299667358e-01
-1.532751973718404770e-02
7.424762248992919922e-01
1.748730540275573730e-01
-1.896199956536293030e-02
7.256021499633789062e-01
1.565798223018646240e-01
-2.175058797001838684e-02
7.764585614204406738e-01
2.611454427242279053e-01
-1.406273618340492249e-02
7.376654744148254395e-01
2.138978242874145508e-01
-1.849642954766750336e-02
7.129819393157958984e-01
1.856690347194671631e-01
-2.178430929780006409e-02
6.947165727615356445e-01
1.646856367588043213e-01
-2.457090280950069427e-02
7.597196698188781738e-01
2.875396311283111572e-01
-1.760063879191875458e-02
7.235038876533508301e-01
2.440549582242965698e-01
-2.125203795731067657e-02
7.006191611289978027e-01
2.192156314849853516e-01
-2.565334364771842957e-02
6.843256354331970215e-01
2.020088136196136475e-01
-2.925915457308292389e-02
7.473151087760925293e-01
3.186314404010772705e-01
-2.104959636926651001e-02
7.164892554283142090e-01
2.932941317558288574e-01
-2.487298659980297089e-02
6.964472532272338867e-01
2.778302133083343506e-01
-2.682773210108280182e-02
6.815134882926940918e-01
2.663936018943786621e-01
-2.789366431534290314e-02
