7.329227924346923828e-01
4.800876080989837646e-01
2.258228448681620648e-07
7.488143444061279297e-01
4.160072207450866699e-01
-4.686275031417608261e-03
7.461608648300170898e-01
3.472196757793426514e-01
-1.189162954688072205e-02
7.459269762039184570e-01
2.903844118118286133e-01
-1.830240711569786072e-02
7.587547302246093750e-01
2.543869912624359131e-01
-2.571198903024196625e-02
7.037360668182373047e-01
3.338537514209747314e-01
-2.206417918205261230e-02
6.620121598243713379e-01
2.838180959224700928e-01
-3.081705607473850250e-02
6.331604719161987305e-01
2.564026415348052979e-01
-3.595694154500961304e-02
6.105511188507080078e-01
2.383183836936950684e-01
-3.927676752209663391e-02
6.776764392852783203e-01
3.585730195045471191e-01
-2.499138936400413513e-02
6.358434557914733887e-01
3.014365136623382568e-01
-3.057459741830825806e-02
6.098584532737731934e-01
2.722298502922058105e-01
-3.299300372600555420e-02
5.913066267967224121e-01
2.530009448528289795e-01
-3.525309264659881592e-02
6.559820175170898438e-01
3.870640695095062256e-01
-2.683291956782341003e-02
6.196397542953491211e-01
3.379170298576354980e-01
-2.863056026399135590e-02
5.994607210159301758e-01
3.124716281890869141e-01
-2.764017321169376373e-02
5.869132876396179199e-01
2.958084940910339355e-01
-2.826581895351409912e-02
6.386781334877014160e-01
4.183372855186462402e-01
-2.905636653304100037e-02
6.087805628776550293e-01
3.839555084705352783e-01
-2.931841835379600525e-02
5.936264395713806152e-01
3.636894226074218750e-01
-2.625275962054729462e-02
5.834931731224060059e-01
3.470504879951477051e-01
-2.407061308622360229e-02
