4.998517930507659912e-01
8.417468070983886719e-01
2.841981370238499949e-07
4.757105112075805664e-01
8.051415681838989258e-01
-2.501470595598220825e-02
4.608144164085388184e-01
7.718390822410583496e-01
-4.511774703860282898e-02
4.453859627246856689e-01
7.577733397483825684e-01
-6.168906390666961670e-02
4.224558174610137939e-01
7.577195763587951660e-01
-7.963096350431442261e-02
5.006430745124816895e-01
7.913079261779785156e-01
-5.001422017812728882e-02
5.176817178726196289e-01
7.757599949836730957e-01
-6.766590476036071777e-02
5.328943729400634766e-01
7.566318511962890625e-01
-7.985590398311614990e-02
5.486001968383789062e-01
7.380477190017700195e-01
-8.893172442913055420e-02
5.300887823104858398e-01
8.065009117126464844e-01
-4.832691326737403870e-02
5.606060028076171875e-01
7.769431471824645996e-01
-6.294473260641098022e-02
5.833449959754943848e-01
7.470219731330871582e-01
-7.176182419061660767e-02
6.020225882530212402e-01
7.220320701599121094e-01
-8.048859983682632446e-02
5.521594285964965820e-01
8.169755935668945312e-01
-4.717625677585601807e-02
5.851107835769653320e-01
7.876825332641601562e-01
-5.985175445675849915e-02
6.078162789344787598e-01
7.608458995819091797e-01
-6.846922636032104492e-02
6.262150406837463379e-01
7.364915013313293457e-01
-7.553019374608993530e-02
5.665413737297058105e-01
8.251132369041442871e-01
-4.772853851318359375e-02
5.972418189048767090e-01
8.047856688499450684e-01
-5.654106289148330688e-02
6.180790662765502930e-01
7.879408597946166992e-01
-6.088497489690780640e-02
6.348097324371337891e-01
7.721499800682067871e-01
-6.577236950397491455e-02
