6.399584412574768066e-01
7.051979899406433105e-01
-3.631662650604994269e-07
6.094511151313781738e-01
6.210302114486694336e-01
-3.889024490490555763e-03
5.575706362724304199e-01
5.261343717575073242e-01
-1.813410781323909760e-02
5.030891299247741699e-01
4.790715575218200684e-01
-3.052301891148090363e-02
4.586775898933410645e-01
5.008055567741394043e-01
-4.382273554801940918e-02
5.551090836524963379e-01
5.486721992492675781e-01
-6.690111011266708374e-02
4.366725683212280273e-01
5.616903305053710938e-01
-9.885849058628082275e-02
4.598242640495300293e-01
5.849902629852294922e-01
-1.088224425911903381e-01
4.980600476264953613e-01
5.890077352523803711e-01
-1.102076843380928040e-01
5.587658286094665527e-01
6.126908063888549805e-01
-7.589050382375717163e-02
4.340700805187225342e-01
6.318988204002380371e-01
-1.014204099774360657e-01
4.612640738487243652e-01
6.485884189605712891e-01
-9.567587077617645264e-02
4.997509121894836426e-01
6.494768261909484863e-01
-9.160832315683364868e-02
5.554763078689575195e-01
6.768662929534912109e-01
-8.286810666322708130e-02
4.387629926204681396e-01
6.911707520484924316e-01
-1.032081618905067444e-01
4.659731984138488770e-01
7.050970792770385742e-01
-8.461984992027282715e-02
5.052596330642700195e-01
7.056632041931152344e-01
-7.140284776687622070e-02
5.440776944160461426e-01
7.388539910316467285e-01
-8.920069038867950439e-02
4.502606391906738281e-01
7.468823790550231934e-01
-1.053737550973892212e-01
4.712619483470916748e-01
7.593932151794433594e-01
-9.328132122755050659e-02
5.047615766525268555e-01
7.645857930183410645e-01
-8.279570937156677246e-02
