6.028373837471008301e-01
7.384179234504699707e-01
-2.330925923388349474e-07
5.466163754463195801e-01
7.794662714004516602e-01
-4.725210741162300110e-02
4.472812116146087646e-01
8.011265993118286133e-01
-9.656134992837905884e-02
3.495683968067169189e-01
8.235833644866943359e-01
-1.284104883670806885e-01
2.730848491191864014e-01
8.777717947959899902e-01
-1.568940281867980957e-01
5.331699848175048828e-01
8.523474931716918945e-01
-1.951698064804077148e-01
4.617225229740142822e-01
8.992000818252563477e-01
-2.468500733375549316e-01
5.003307461738586426e-01
9.114199876785278320e-01
-2.479445487260818481e-01
5.576056241989135742e-01
9.178690910339355469e-01
-2.379049956798553467e-01
5.647886991500854492e-01
7.830720543861389160e-01
-1.838697046041488647e-01
4.080306887626647949e-01
7.669180631637573242e-01
-2.426667511463165283e-01
4.251893758773803711e-01
7.660056948661804199e-01
-2.352484315633773804e-01
4.756351411342620850e-01
7.662621736526489258e-01
-2.252794802188873291e-01
5.639191865921020508e-01
7.058852910995483398e-01
-1.635927110910415649e-01
4.027061164379119873e-01
6.999190449714660645e-01
-2.028957754373550415e-01
4.319154918193817139e-01
7.097389698028564453e-01
-1.678224802017211914e-01
4.814193546772003174e-01
7.088150978088378906e-01
-1.400257200002670288e-01
5.433542132377624512e-01
6.403420567512512207e-01
-1.429971754550933838e-01
4.136746525764465332e-01
6.347351074218750000e-01
-1.603952646255493164e-01
4.425239264965057373e-01
6.488050818443298340e-01
-1.305619478225708008e-01
4.909219145774841309e-01
6.462124586105346680e-01
-1.080545634031295776e-01
