7.940772771835327148e-01
6.197004318237304688e-01
-1.824226529834049870e-07
7.588199973106384277e-01
5.198087692260742188e-01
-2.313305623829364777e-03
7.044808268547058105e-01
4.376792907714843750e-01
-2.207487635314464569e-02
6.608437895774841309e-01
3.796143531799316406e-01
-4.122351482510566711e-02
6.280198097229003906e-01
3.276754915714263916e-01
-6.137428060173988342e-02
6.890830993652343750e-01
4.820774793624877930e-01
-8.097478747367858887e-02
5.613376498222351074e-01
4.691046476364135742e-01
-1.137769892811775208e-01
5.892585515975952148e-01
4.795602560043334961e-01
-1.200439110398292542e-01
6.375625729560852051e-01
4.874682426452636719e-01
-1.166776493191719055e-01
6.874843239784240723e-01
5.637676715850830078e-01
-9.182328730821609497e-02
5.499060153961181641e-01
5.417157411575317383e-01
-1.209049001336097717e-01
5.806474685668945312e-01
5.464351177215576172e-01
-1.162047833204269409e-01
6.309031248092651367e-01
5.575810074806213379e-01
-1.094472706317901611e-01
6.808330416679382324e-01
6.439926624298095703e-01
-9.880455583333969116e-02
5.484274625778198242e-01
6.200330853462219238e-01
-1.193295866250991821e-01
5.782740712165832520e-01
6.206716299057006836e-01
-9.941444545984268188e-02
6.241201758384704590e-01
6.295404434204101562e-01
-8.299788832664489746e-02
6.738421916961669922e-01
7.162247896194458008e-01
-1.039976924657821655e-01
5.581781864166259766e-01
7.052698135375976562e-01
-1.210336536169052124e-01
5.755561590194702148e-01
7.040283083915710449e-01
-1.058185994625091553e-01
6.146545410156250000e-01
7.114187479019165039e-01
-9.122815728187561035e-02
