6.729557514190673828e-01
6.355967521667480469e-01
-9.970290193450637162e-08
6.593513488769531250e-01
5.708302259445190430e-01
-1.130271796137094498e-02
6.252586245536804199e-01
5.079833269119262695e-01
-2.341362088918685913e-02
5.858550071716308594e-01
4.714666008949279785e-01
-3.389022871851921082e-02
5.565425753593444824e-01
4.384026527404785156e-01
-4.436670616269111633e-02
6.001282334327697754e-01
5.347450971603393555e-01
-3.662811592221260071e-02
5.334892272949218750e-01
5.406801104545593262e-01
-5.709113925695419312e-02
5.463853478431701660e-01
5.478874444961547852e-01
-6.710723042488098145e-02
5.698111057281494141e-01
5.496630668640136719e-01
-7.030516862869262695e-02
5.953687429428100586e-01
5.865350365638732910e-01
-3.798004984855651855e-02
5.291920900344848633e-01
5.842648148536682129e-01
-5.468660220503807068e-02
5.430938005447387695e-01
5.874441862106323242e-01
-5.815924331545829773e-02
5.675383806228637695e-01
5.910685658454895020e-01
-5.935090780258178711e-02
5.902505517005920410e-01
6.324219107627868652e-01
-3.937708958983421326e-02
5.294698476791381836e-01
6.271587610244750977e-01
-5.174205079674720764e-02
5.420960187911987305e-01
6.289259195327758789e-01
-4.570538178086280823e-02
5.641627907752990723e-01
6.314933896064758301e-01
-4.035215452313423157e-02
5.845230817794799805e-01
6.733196973800659180e-01
-4.113067686557769775e-02
5.333402156829833984e-01
6.650623083114624023e-01
-4.968660324811935425e-02
5.453161001205444336e-01
6.666451096534729004e-01
-4.373382404446601868e-02
5.650656223297119141e-01
6.709114909172058105e-01
-3.758661448955535889e-02
