6.734282970428466797e-01
7.593901753425598145e-01
-1.584788975605988526e-07
6.256588697433471680e-01
6.613361835479736328e-01
-1.498467195779085159e-02
5.458216667175292969e-01
5.736024975776672363e-01
-3.526090085506439209e-02
4.601482748985290527e-01
5.612562298774719238e-01
-4.847643896937370300e-02
4.052827954292297363e-01
6.005603075027465820e-01
-6.115408986806869507e-02
5.533280968666076660e-01
6.284456253051757812e-01
-1.001652032136917114e-01
4.135439395904541016e-01
6.521247625350952148e-01
-1.318902224302291870e-01
4.435122609138488770e-01
6.598213911056518555e-01
-1.346774548292160034e-01
4.959188401699066162e-01
6.524739861488342285e-01
-1.290524452924728394e-01
5.616196990013122559e-01
7.249612212181091309e-01
-1.015492826700210571e-01
4.105124771595001221e-01
7.319581508636474609e-01
-1.299571543931961060e-01
4.455603063106536865e-01
7.384377717971801758e-01
-1.212569922208786011e-01
4.992266893386840820e-01
7.373346686363220215e-01
-1.118598505854606628e-01
5.617496371269226074e-01
8.124861717224121094e-01
-9.851311892271041870e-02
4.249842166900634766e-01
8.160481452941894531e-01
-1.180701106786727905e-01
4.566934704780578613e-01
8.157899379730224609e-01
-9.393832832574844360e-02
5.049477815628051758e-01
8.104077577590942383e-01
-7.545211911201477051e-02
5.592862367630004883e-01
8.932099938392639160e-01
-9.456869959831237793e-02
4.492462873458862305e-01
8.869285583496093750e-01
-1.090474501252174377e-01
4.760056436061859131e-01
8.793880343437194824e-01
-9.072604775428771973e-02
5.194892883300781250e-01
8.747155070304870605e-01
-7.512907683849334717e-02
