7.816338539123535156e-01
6.035789251327514648e-01
3.121297424968361156e-07
7.566500902175903320e-01
5.203166007995605469e-01
-1.018365379422903061e-02
7.108592391014099121e-01
4.580988287925720215e-01
-1.702317595481872559e-02
6.840000152587890625e-01
4.009726643562316895e-01
-2.237000502645969391e-02
6.774799227714538574e-01
3.454599976539611816e-01
-2.871553786098957062e-02
6.728277206420898438e-01
5.019612312316894531e-01
-1.756918989121913910e-02
6.102400422096252441e-01
4.984294772148132324e-01
-2.277106977999210358e-02
5.732979178428649902e-01
5.003965497016906738e-01
-2.704902738332748413e-02
5.457752346992492676e-01
5.025018453598022461e-01
-3.114427067339420319e-02
6.687868833541870117e-01
5.561716556549072266e-01
-1.684895902872085571e-02
6.065096259117126465e-01
5.581012368202209473e-01
-2.030543237924575806e-02
5.718997716903686523e-01
5.584948062896728516e-01
-2.514924667775630951e-02
5.481418371200561523e-01
5.583360195159912109e-01
-3.028364852070808411e-02
6.724373698234558105e-01
6.050785183906555176e-01
-1.603060029447078705e-02
6.185040473937988281e-01
6.076439023017883301e-01
-1.760855875909328461e-02
5.859060883522033691e-01
6.096529960632324219e-01
-2.001577056944370270e-02
5.621947646141052246e-01
6.106097698211669922e-01
-2.349872328341007233e-02
6.810172200202941895e-01
6.413201093673706055e-01
-1.598458550870418549e-02
6.390985250473022461e-01
6.433444619178771973e-01
-1.670101098716259003e-02
6.129298806190490723e-01
6.484704017639160156e-01
-1.576972752809524536e-02
5.913068652153015137e-01
6.522753238677978516e-01
-1.563115790486335754e-02
