4.548318386077880859e-01
5.613837838172912598e-01
2.650005512805364560e-07
4.742430746555328369e-01
5.135818719863891602e-01
-1.233401987701654434e-02
5.044230222702026367e-01
4.770499467849731445e-01
-2.269056066870689392e-02
5.321534872055053711e-01
4.627401232719421387e-01
-3.051418624818325043e-02
5.565502643585205078e-01
4.653457403182983398e-01
-3.848066926002502441e-02
5.081555247306823730e-01
5.072437524795532227e-01
-3.400776535272598267e-02
5.435208082199096680e-01
5.091701745986938477e-01
-4.898627474904060364e-02
5.673560500144958496e-01
5.139237046241760254e-01
-5.663648247718811035e-02
5.872841477394104004e-01
5.176053643226623535e-01
-6.138890609145164490e-02
5.069766640663146973e-01
5.432215929031372070e-01
-3.508849069476127625e-02
5.447886586189270020e-01
5.485624074935913086e-01
-4.944493994116783142e-02
5.718085169792175293e-01
5.522708296775817871e-01
-5.592421814799308777e-02
5.944026708602905273e-01
5.538001656532287598e-01
-6.060687452554702759e-02
5.038225650787353516e-01
5.777056813240051270e-01
-3.588508069515228271e-02
5.403748154640197754e-01
5.825338363647460938e-01
-5.008767172694206238e-02
5.667219161987304688e-01
5.831457376480102539e-01
-5.419513955712318420e-02
5.890127420425415039e-01
5.820792913436889648e-01
-5.615437403321266174e-02
5.004909038543701172e-01
6.091222763061523438e-01
-3.666774556040763855e-02
5.305272340774536133e-01
6.124143600463867188e-01
-4.934762418270111084e-02
5.535159707069396973e-01
6.095909476280212402e-01
-5.310079082846641541e-02
5.740242004394531250e-01
6.053628325462341309e-01
-5.482456088066101074e-02
