6.722530126571655273e-01
6.223228573799133301e-01
5.863957852625389933e-08
6.669828891754150391e-01
5.597051978111267090e-01
-1.753541082143783569e-02
6.342788338661193848e-01
4.994884729385375977e-01
-3.179021552205085754e-02
5.959545969963073730e-01
4.642532169818878174e-01
-4.256843402981758118e-02
5.696173310279846191e-01
4.284842014312744141e-01
-5.407202616333961487e-02
6.081110835075378418e-01
5.260875225067138672e-01
-4.401837661862373352e-02
5.426648259162902832e-01
5.362834930419921875e-01
-6.324910372495651245e-02
5.340350866317749023e-01
5.446072220802307129e-01
-7.230675965547561646e-02
5.410419702529907227e-01
5.471734404563903809e-01
-7.620827108621597290e-02
6.042332053184509277e-01
5.748409628868103027e-01
-4.218623787164688110e-02
5.408974289894104004e-01
5.753149986267089844e-01
-5.813094228506088257e-02
5.368873476982116699e-01
5.811316370964050293e-01
-6.240467354655265808e-02
5.452230572700500488e-01
5.842860341072082520e-01
-6.539328396320343018e-02
6.013391613960266113e-01
6.191261410713195801e-01
-4.056731238961219788e-02
5.472680330276489258e-01
6.129097342491149902e-01
-5.314932763576507568e-02
5.423778295516967773e-01
6.175001859664916992e-01
-5.006347969174385071e-02
5.473380684852600098e-01
6.184261441230773926e-01
-4.770511016249656677e-02
5.994549989700317383e-01
6.578624248504638672e-01
-3.958242386579513550e-02
5.544451475143432617e-01
6.518582105636596680e-01
-4.894619062542915344e-02
5.515823364257812500e-01
6.536982655525207520e-01
-4.587925225496292114e-02
5.553690195083618164e-01
6.563028693199157715e-01
-4.272606223821640015e-02
