4.879579544067382812e-01
8.082570433616638184e-01
3.584801220313238446e-07
4.670538902282714844e-01
7.839716076850891113e-01
-4.701220616698265076e-02
4.565039873123168945e-01
7.508399486541748047e-01
-8.179411292076110840e-02
4.422860443592071533e-01
7.351531982421875000e-01
-1.095484942197799683e-01
4.245194792747497559e-01
7.338009476661682129e-01
-1.381596177816390991e-01
5.077973008155822754e-01
7.519878149032592773e-01
-8.366122841835021973e-02
5.303049087524414062e-01
7.262697815895080566e-01
-1.138392835855484009e-01
5.491308569908142090e-01
7.096899747848510742e-01
-1.328396201133728027e-01
5.672767162322998047e-01
6.938294172286987305e-01
-1.455036848783493042e-01
5.362439751625061035e-01
7.661191225051879883e-01
-7.393851876258850098e-02
5.722130537033081055e-01
7.307220697402954102e-01
-1.003047451376914978e-01
6.009352803230285645e-01
7.035018205642700195e-01
-1.136817187070846558e-01
6.244338154792785645e-01
6.783466935157775879e-01
-1.239197924733161926e-01
5.557431578636169434e-01
7.816247940063476562e-01
-6.582933664321899414e-02
5.896471738815307617e-01
7.482215166091918945e-01
-8.740578591823577881e-02
6.141130924224853516e-01
7.241550087928771973e-01
-9.940218925476074219e-02
6.342210173606872559e-01
7.027537822723388672e-01
-1.078236028552055359e-01
5.671194791793823242e-01
7.974928617477416992e-01
-6.101675331592559814e-02
5.964254736900329590e-01
7.831471562385559082e-01
-7.512013614177703857e-02
6.167678236961364746e-01
7.723575830459594727e-01
-8.279737830162048340e-02
6.334459781646728516e-01
7.626500129699707031e-01
-8.942888677120208740e-02
