4.503794908523559570e-01
5.593523383140563965e-01
2.599909407763334457e-07
4.716873466968536377e-01
5.101009011268615723e-01
-1.022592466324567795e-02
5.031484961509704590e-01
4.788556694984436035e-01
-1.937115751206874847e-02
5.338794589042663574e-01
4.710003137588500977e-01
-2.566858194768428802e-02
5.578315854072570801e-01
4.791371822357177734e-01
-3.109710104763507843e-02
5.097622871398925781e-01
5.060728192329406738e-01
-3.068061918020248413e-02
5.507837533950805664e-01
5.145870447158813477e-01
-4.082021117210388184e-02
5.746567845344543457e-01
5.223405957221984863e-01
-4.420746862888336182e-02
5.913450121879577637e-01
5.271834731101989746e-01
-4.577814415097236633e-02
5.066094398498535156e-01
5.453771948814392090e-01
-3.067696467041969299e-02
5.472284555435180664e-01
5.535992383956909180e-01
-3.936057165265083313e-02
5.729905962944030762e-01
5.567705035209655762e-01
-4.149520397186279297e-02
5.912650227546691895e-01
5.557591915130615234e-01
-4.321810975670814514e-02
5.007339119911193848e-01
5.806044340133666992e-01
-2.997422590851783752e-02
5.343763232231140137e-01
5.901858210563659668e-01
-3.805723786354064941e-02
5.582526922225952148e-01
5.896911621093750000e-01
-3.850188851356506348e-02
5.756914019584655762e-01
5.870524048805236816e-01
-3.847314789891242981e-02
4.946961998939514160e-01
6.109390854835510254e-01
-2.928374335169792175e-02
5.220458507537841797e-01
6.149063706398010254e-01
-3.708592429757118225e-02
5.407729148864746094e-01
6.117686629295349121e-01
-3.730776160955429077e-02
5.547869205474853516e-01
6.076149344444274902e-01
-3.626519441604614258e-02
