7.797535657882690430e-01
6.166682243347167969e-01
-2.403108680937293684e-07
7.487443685531616211e-01
5.333696007728576660e-01
-4.609202500432729721e-03
6.925176382064819336e-01
4.436478614807128906e-01
-2.855041809380054474e-02
6.437143087387084961e-01
3.751828074455261230e-01
-4.854303970932960510e-02
6.128930449485778809e-01
3.215677738189697266e-01
-6.949578225612640381e-02
7.010318636894226074e-01
5.098582506179809570e-01
-1.037366986274719238e-01
5.740577578544616699e-01
5.037502646446228027e-01
-1.362985968589782715e-01
5.816473960876464844e-01
5.205445885658264160e-01
-1.379913836717605591e-01
6.170456409454345703e-01
5.242704749107360840e-01
-1.321402341127395630e-01
6.997444629669189453e-01
5.611452460289001465e-01
-1.139407381415367126e-01
5.416938066482543945e-01
5.379804372787475586e-01
-1.475674659013748169e-01
5.599126219749450684e-01
5.498437285423278809e-01
-1.385304331779479980e-01
6.110950112342834473e-01
5.547271370887756348e-01
-1.272970885038375854e-01
6.855790615081787109e-01
6.147067546844482422e-01
-1.183508262038230896e-01
5.373589992523193359e-01
5.907053351402282715e-01
-1.441115289926528931e-01
5.630609989166259766e-01
5.921968221664428711e-01
-1.200276538729667664e-01
6.086247563362121582e-01
5.904639363288879395e-01
-9.937112033367156982e-02
6.650201678276062012e-01
6.689141988754272461e-01
-1.202382519841194153e-01
5.417605638504028320e-01
6.459448933601379395e-01
-1.420872360467910767e-01
5.653203129768371582e-01
6.416475772857666016e-01
-1.254919916391372681e-01
6.096154451370239258e-01
6.389614343643188477e-01
-1.095565408468246460e-01
