7.839819788932800293e-01
4.040345847606658936e-01
-6.894384085853744182e-08
7.768583893775939941e-01
3.525404930114746094e-01
7.271790411323308945e-03
7.618329524993896484e-01
2.975048422813415527e-01
4.878474399447441101e-03
7.519197463989257812e-01
2.568477392196655273e-01
8.995060343295335770e-04
7.552508115768432617e-01
2.278284728527069092e-01
-5.312463268637657166e-03
7.528173327445983887e-01
2.774642109870910645e-01
-1.914612948894500732e-02
7.104030847549438477e-01
2.341656386852264404e-01
-3.129708394408226013e-02
6.811313033103942871e-01
2.136078774929046631e-01
-3.753023222088813782e-02
6.573113203048706055e-01
2.016703188419342041e-01
-4.150077328085899353e-02
7.450071573257446289e-01
2.971717119216918945e-01
-3.006250411272048950e-02
6.897008419036865234e-01
2.498869448900222778e-01
-4.252273961901664734e-02
6.534608602523803711e-01
2.311298102140426636e-01
-4.832230135798454285e-02
6.239187717437744141e-01
2.232995927333831787e-01
-5.238743126392364502e-02
7.360962033271789551e-01
3.251910805702209473e-01
-3.896917775273323059e-02
6.826718449592590332e-01
2.839704751968383789e-01
-5.049020424485206604e-02
6.495418548583984375e-01
2.695658504962921143e-01
-5.510846897959709167e-02
6.235083937644958496e-01
2.644255161285400391e-01
-5.806050822138786316e-02
7.258158922195434570e-01
3.584782779216766357e-01
-4.624535143375396729e-02
6.832628846168518066e-01
3.329381048679351807e-01
-5.851777642965316772e-02
6.562312245368957520e-01
3.234841227531433105e-01
-6.290652602910995483e-02
6.326837539672851562e-01
3.183335065841674805e-01
-6.496698409318923950e-02
