6.942893862724304199e-01
8.616733551025390625e-01
-1.134557408022374148e-07
6.531882882118225098e-01
8.005087375640869141e-01
-2.372631058096885681e-02
6.220329403877258301e-01
7.515007257461547852e-01
-4.462993144989013672e-02
5.964730381965637207e-01
7.329869270324707031e-01
-6.298506259918212891e-02
5.776324272155761719e-01
7.352541685104370117e-01
-8.080745488405227661e-02
6.769884228706359863e-01
7.277611494064331055e-01
-6.211686134338378906e-02
6.623830199241638184e-01
6.778394579887390137e-01
-1.015520393848419189e-01
6.183426380157470703e-01
6.917450428009033203e-01
-1.227238774299621582e-01
5.880940556526184082e-01
7.118188142776489258e-01
-1.344950944185256958e-01
6.943411827087402344e-01
7.675579786300659180e-01
-6.893792003393173218e-02
6.739094257354736328e-01
7.352118492126464844e-01
-1.085123047232627869e-01
6.167512536048889160e-01
7.523942589759826660e-01
-1.187705099582672119e-01
5.850133299827575684e-01
7.688233256340026855e-01
-1.233120709657669067e-01
7.031084299087524414e-01
8.212531805038452148e-01
-7.796844840049743652e-02
6.815174221992492676e-01
8.019440770149230957e-01
-1.151473149657249451e-01
6.299489140510559082e-01
8.086073994636535645e-01
-1.178527921438217163e-01
6.023952364921569824e-01
8.148036003112792969e-01
-1.151485368609428406e-01
7.072755098342895508e-01
8.766613602638244629e-01
-8.838260173797607422e-02
6.893431544303894043e-01
8.651438355445861816e-01
-1.230377331376075745e-01
6.549291014671325684e-01
8.602678775787353516e-01
-1.296855211257934570e-01
6.351375579833984375e-01
8.613563179969787598e-01
-1.296301037073135376e-01
