5.262780785560607910e-01
8.053955435752868652e-01
2.543631580920191482e-07
5.033607482910156250e-01
7.722651362419128418e-01
-2.928432263433933258e-02
4.884946346282958984e-01
7.375801205635070801e-01
-5.170011520385742188e-02
4.743032753467559814e-01
7.196961045265197754e-01
-6.920166313648223877e-02
4.591513872146606445e-01
7.170768380165100098e-01
-8.789259195327758789e-02
5.336997509002685547e-01
7.570131421089172363e-01
-6.116009131073951721e-02
5.505236983299255371e-01
7.327517867088317871e-01
-8.229496330022811890e-02
5.662273168563842773e-01
7.115577459335327148e-01
-9.587546437978744507e-02
5.801835656166076660e-01
6.940754652023315430e-01
-1.048100516200065613e-01
5.624893903732299805e-01
7.704513072967529297e-01
-5.633393675088882446e-02
5.933126211166381836e-01
7.355260848999023438e-01
-7.434290647506713867e-02
6.161067485809326172e-01
7.046298980712890625e-01
-8.432895690202713013e-02
6.336241960525512695e-01
6.800657510757446289e-01
-9.226074069738388062e-02
5.826871991157531738e-01
7.792985439300537109e-01
-5.169870704412460327e-02
6.120840907096862793e-01
7.439236640930175781e-01
-6.745506823062896729e-02
6.339523792266845703e-01
7.123549580574035645e-01
-7.917662709951400757e-02
6.507026553153991699e-01
6.871317028999328613e-01
-8.725024014711380005e-02
5.943511128425598145e-01
7.827817201614379883e-01
-4.855279996991157532e-02
6.233059763908386230e-01
7.640923857688903809e-01
-6.084241345524787903e-02
6.430612802505493164e-01
7.466958761215209961e-01
-6.817884743213653564e-02
6.578681468963623047e-01
7.332666516304016113e-01
-7.372927665710449219e-02
