7.168404459953308105e-01
5.390765666961669922e-01
-2.360821014235625626e-07
6.973842978477478027e-01
4.741705656051635742e-01
1.224349904805421829e-02
6.590597033500671387e-01
4.374905228614807129e-01
1.787036657333374023e-02
6.192733645439147949e-01
4.320886731147766113e-01
1.997107453644275665e-02
5.968326330184936523e-01
4.405104517936706543e-01
2.323186956346035004e-02
6.194811463356018066e-01
4.460502564907073975e-01
7.647696882486343384e-03
5.545538663864135742e-01
4.393250644207000732e-01
1.413552527083083987e-04
5.633648037910461426e-01
4.568853378295898438e-01
-1.510500092990696430e-03
5.880028605461120605e-01
4.665303826332092285e-01
1.308039296418428421e-03
6.075073480606079102e-01
4.870892465114593506e-01
6.428147316910326481e-04
5.437950491905212402e-01
4.840216338634490967e-01
-7.428796961903572083e-03
5.555217862129211426e-01
5.027251839637756348e-01
-6.922381464391946793e-03
5.790707468986511230e-01
5.112434625625610352e-01
-2.174852183088660240e-03
5.988056063652038574e-01
5.288094282150268555e-01
-5.687123164534568787e-03
5.412043929100036621e-01
5.242099761962890625e-01
-1.071194186806678772e-02
5.497472286224365234e-01
5.400474667549133301e-01
-5.603912752121686935e-03
5.681974291801452637e-01
5.478803515434265137e-01
1.611574087291955948e-03
5.948592424392700195e-01
5.670874714851379395e-01
-1.046850625425577164e-02
5.408564209938049316e-01
5.615225434303283691e-01
-9.329758584499359131e-03
5.379101634025573730e-01
5.723290443420410156e-01
-1.429519383236765862e-03
5.478125214576721191e-01
5.796854496002197266e-01
6.897780112922191620e-03
