8.081291317939758301e-01
4.078599810600280762e-01
-1.503864126561893499e-07
8.053289055824279785e-01
3.507476150989532471e-01
1.991450414061546326e-02
7.883673906326293945e-01
2.997993528842926025e-01
2.458100765943527222e-02
7.753805518150329590e-01
2.605732679367065430e-01
2.578078955411911011e-02
7.792611718177795410e-01
2.288873493671417236e-01
2.475927770137786865e-02
7.717855572700500488e-01
2.688289582729339600e-01
-2.446505473926663399e-03
7.305340170860290527e-01
2.204906344413757324e-01
-1.032219547778367996e-02
7.014726400375366211e-01
2.022104710340499878e-01
-1.328520476818084717e-02
6.794880032539367676e-01
1.934783160686492920e-01
-1.433791220188140869e-02
7.636839151382446289e-01
2.872153222560882568e-01
-1.596092060208320618e-02
7.104875445365905762e-01
2.391076982021331787e-01
-2.300223149359226227e-02
6.761189699172973633e-01
2.225058674812316895e-01
-2.338619716465473175e-02
6.501789093017578125e-01
2.137388437986373901e-01
-2.358074486255645752e-02
7.531543970108032227e-01
3.143149614334106445e-01
-2.719264663755893707e-02
7.003232836723327637e-01
2.729339599609375000e-01
-3.212900087237358093e-02
6.681964397430419922e-01
2.592582702636718750e-01
-3.159556537866592407e-02
6.436327099800109863e-01
2.507459521293640137e-01
-3.169646486639976501e-02
7.414422631263732910e-01
3.486807942390441895e-01
-3.617826476693153381e-02
6.998158097267150879e-01
3.208340704441070557e-01
-4.170183837413787842e-02
6.764357089996337891e-01
3.116447031497955322e-01
-4.183411225676536560e-02
6.566131711006164551e-01
3.050928413867950439e-01
-4.136842116713523865e-02
