6.165338754653930664e-01
7.025734186172485352e-01
-8.040436938472339534e-08
6.081967353820800781e-01
6.375471353530883789e-01
-8.438313379883766174e-03
5.731374025344848633e-01
5.849211812019348145e-01
-1.344377640634775162e-02
5.380582809448242188e-01
5.552164316177368164e-01
-1.853549107909202576e-02
5.101897120475769043e-01
5.333765745162963867e-01
-2.559028565883636475e-02
5.504612922668457031e-01
5.911951661109924316e-01
-2.159113436937332153e-02
5.053471922874450684e-01
5.777738690376281738e-01
-3.949381038546562195e-02
4.725600779056549072e-01
5.786361098289489746e-01
-5.275904014706611633e-02
4.425392150878906250e-01
5.829747319221496582e-01
-6.231785193085670471e-02
5.441462993621826172e-01
6.236556172370910645e-01
-2.677955664694309235e-02
4.930930435657501221e-01
6.242622733116149902e-01
-4.626160487532615662e-02
4.588428437709808350e-01
6.316325664520263672e-01
-6.063589826226234436e-02
4.282610416412353516e-01
6.391742229461669922e-01
-7.083523273468017578e-02
5.438609719276428223e-01
6.578036546707153320e-01
-3.244108334183692932e-02
4.956831336021423340e-01
6.599142551422119141e-01
-5.290695652365684509e-02
4.644692540168762207e-01
6.661028861999511719e-01
-6.197311729192733765e-02
4.367211461067199707e-01
6.723911762237548828e-01
-6.660878658294677734e-02
5.487111806869506836e-01
6.905659437179565430e-01
-3.796415776014328003e-02
5.094063282012939453e-01
6.917396187782287598e-01
-5.640512704849243164e-02
4.830662608146667480e-01
6.925939917564392090e-01
-6.273525953292846680e-02
4.597802162170410156e-01
6.936282515525817871e-01
-6.550166010856628418e-02
