7.861350774765014648e-01
3.970981240272521973e-01
2.939135299584449967e-07
8.080409169197082520e-01
3.414004743099212646e-01
-8.863631635904312134e-03
8.121331930160522461e-01
2.830050289630889893e-01
-1.665874756872653961e-02
8.150961399078369141e-01
2.341650277376174927e-01
-2.409873344004154205e-02
8.284540176391601562e-01
2.027463614940643311e-01
-3.245625644922256470e-02
7.548695802688598633e-01
2.590720653533935547e-01
-1.793104782700538635e-02
7.249697446823120117e-01
2.071362137794494629e-01
-2.707221172749996185e-02
7.043916583061218262e-01
1.771718561649322510e-01
-3.370419144630432129e-02
6.885298490524291992e-01
1.539802849292755127e-01
-3.863346576690673828e-02
7.286348342895507812e-01
2.789742648601531982e-01
-1.998140849173069000e-02
6.930539608001708984e-01
2.240943163633346558e-01
-2.674941532313823700e-02
6.711277961730957031e-01
1.912376284599304199e-01
-3.206579387187957764e-02
6.553850769996643066e-01
1.675403118133544922e-01
-3.635803237557411194e-02
7.095524072647094727e-01
3.066575229167938232e-01
-2.216041088104248047e-02
6.735669374465942383e-01
2.604771554470062256e-01
-2.792840637266635895e-02
6.503574848175048828e-01
2.329114824533462524e-01
-3.333013132214546204e-02
6.340479254722595215e-01
2.127075493335723877e-01
-3.773887827992439270e-02
6.970440745353698730e-01
3.386818766593933105e-01
-2.489756792783737183e-02
6.668758392333984375e-01
3.107923269271850586e-01
-3.051151521503925323e-02
6.475912928581237793e-01
2.927870750427246094e-01
-3.311055526137351990e-02
6.332151889801025391e-01
2.775341868400573730e-01
-3.460433706641197205e-02
