7.664467692375183105e-01
4.199646115303039551e-01
1.785424217359832255e-07
7.825236320495605469e-01
3.593633472919464111e-01
-2.291916403919458389e-03
7.804059982299804688e-01
2.936289012432098389e-01
-7.885866798460483551e-03
7.783021926879882812e-01
2.424654662609100342e-01
-1.370264589786529541e-02
7.893909811973571777e-01
2.092461287975311279e-01
-2.115079015493392944e-02
7.415689229965209961e-01
2.788713872432708740e-01
-2.233630791306495667e-02
7.004474401473999023e-01
2.239685356616973877e-01
-3.178875148296356201e-02
6.731526255607604980e-01
1.944011300802230835e-01
-3.627295047044754028e-02
6.512776017189025879e-01
1.742294877767562866e-01
-3.920694440603256226e-02
7.180681824684143066e-01
3.016351461410522461e-01
-2.779929339885711670e-02
6.710878610610961914e-01
2.417275309562683105e-01
-3.571967780590057373e-02
6.409350037574768066e-01
2.095442563295364380e-01
-3.953291103243827820e-02
6.176859140396118164e-01
1.886449456214904785e-01
-4.240166023373603821e-02
6.982821226119995117e-01
3.306011259555816650e-01
-3.201686963438987732e-02
6.542711257934570312e-01
2.789683640003204346e-01
-3.801418095827102661e-02
6.274057030677795410e-01
2.529279291629791260e-01
-4.133802652359008789e-02
6.078823804855346680e-01
2.360035777091979980e-01
-4.423450678586959839e-02
6.820243597030639648e-01
3.628712594509124756e-01
-3.590840846300125122e-02
6.463240981101989746e-01
3.346994519233703613e-01
-4.212194308638572693e-02
6.243591904640197754e-01
3.202670514583587646e-01
-4.364404454827308655e-02
6.068950891494750977e-01
3.093829154968261719e-01
-4.404401034116744995e-02
