7.604282498359680176e-01
5.265246629714965820e-01
2.919899770859046839e-07
7.555639147758483887e-01
4.626103043556213379e-01
-1.851880922913551331e-02
7.350167036056518555e-01
4.080245792865753174e-01
-3.196389973163604736e-02
7.165415287017822266e-01
3.595913648605346680e-01
-4.256759956479072571e-02
7.155122756958007812e-01
3.177660703659057617e-01
-5.331000313162803650e-02
6.817668676376342773e-01
4.308853447437286377e-01
-3.059224039316177368e-02
6.297709345817565918e-01
4.069609940052032471e-01
-4.453888535499572754e-02
5.952029228210449219e-01
3.961935639381408691e-01
-5.418435856699943542e-02
5.693131685256958008e-01
3.892701268196105957e-01
-6.049790978431701660e-02
6.678057312965393066e-01
4.716520607471466064e-01
-2.747989073395729065e-02
6.139175891876220703e-01
4.507300853729248047e-01
-3.953466564416885376e-02
5.782946348190307617e-01
4.390355050563812256e-01
-4.656929522752761841e-02
5.513391494750976562e-01
4.307111501693725586e-01
-5.143775418400764465e-02
6.607297658920288086e-01
5.060318112373352051e-01
-2.465100772678852081e-02
6.128098964691162109e-01
4.864654242992401123e-01
-3.291622921824455261e-02
5.825931429862976074e-01
4.740298390388488770e-01
-3.372889757156372070e-02
5.606964826583862305e-01
4.645089507102966309e-01
-3.382674604654312134e-02
6.597877740859985352e-01
5.342867374420166016e-01
-2.345559373497962952e-02
6.212487816810607910e-01
5.167710185050964355e-01
-2.896044589579105377e-02
5.966261625289916992e-01
5.061208605766296387e-01
-2.740412764251232147e-02
5.774000287055969238e-01
4.974067509174346924e-01
-2.509471774101257324e-02
