7.900476455688476562e-01
6.087647080421447754e-01
-2.208334848319282173e-07
7.524672746658325195e-01
5.104734897613525391e-01
-1.358628622256219387e-03
6.951719522476196289e-01
4.166528880596160889e-01
-1.964304782450199127e-02
6.533273458480834961e-01
3.443697988986968994e-01
-3.778411075472831726e-02
6.284698843955993652e-01
2.809979915618896484e-01
-5.704212933778762817e-02
6.848226785659790039e-01
4.646922945976257324e-01
-7.766115665435791016e-02
5.584297180175781250e-01
4.518551826477050781e-01
-1.061180382966995239e-01
5.869510769844055176e-01
4.695436656475067139e-01
-1.097799763083457947e-01
6.348078250885009766e-01
4.779713451862335205e-01
-1.062502339482307434e-01
6.845573186874389648e-01
5.476173162460327148e-01
-8.910757303237915039e-02
5.472247004508972168e-01
5.254088044166564941e-01
-1.158532500267028809e-01
5.780196189880371094e-01
5.379678606986999512e-01
-1.105132102966308594e-01
6.278405785560607910e-01
5.494726896286010742e-01
-1.041994914412498474e-01
6.783488392829895020e-01
6.287221312522888184e-01
-9.671231359243392944e-02
5.481646060943603516e-01
6.056496500968933105e-01
-1.144152507185935974e-01
5.758770704269409180e-01
6.137022972106933594e-01
-9.636557847261428833e-02
6.204309463500976562e-01
6.235056519508361816e-01
-8.260333538055419922e-02
6.693254709243774414e-01
7.023192644119262695e-01
-1.027510315179824829e-01
5.586640834808349609e-01
6.937569975852966309e-01
-1.181390807032585144e-01
5.722212195396423340e-01
7.000634074211120605e-01
-1.062314361333847046e-01
6.067944765090942383e-01
7.111182212829589844e-01
-9.542544186115264893e-02
