7.416682839393615723e-01
6.438932418823242188e-01
-1.784182614983365056e-07
7.025060057640075684e-01
5.562002658843994141e-01
-6.318749394267797470e-03
6.455157399177551270e-01
4.873006641864776611e-01
-2.397852391004562378e-02
6.013451218605041504e-01
4.283372163772583008e-01
-4.217326268553733826e-02
5.792004466056823730e-01
3.626223504543304443e-01
-5.988425388932228088e-02
6.096218824386596680e-01
5.266191363334655762e-01
-5.015359446406364441e-02
4.995309412479400635e-01
5.387269258499145508e-01
-7.589129358530044556e-02
5.228009223937988281e-01
5.473166704177856445e-01
-8.554368466138839722e-02
5.614420175552368164e-01
5.445351004600524902e-01
-8.628761768341064453e-02
6.062670350074768066e-01
6.018188595771789551e-01
-5.600091069936752319e-02
4.979056715965270996e-01
6.080130934715270996e-01
-7.358901947736740112e-02
5.255450606346130371e-01
6.128810048103332520e-01
-7.108126580715179443e-02
5.632682442665100098e-01
6.107487082481384277e-01
-6.806438416242599487e-02
6.053864955902099609e-01
6.750047206878662109e-01
-6.067648902535438538e-02
4.992945194244384766e-01
6.689671874046325684e-01
-7.120797038078308105e-02
5.257928371429443359e-01
6.706722378730773926e-01
-5.621740594506263733e-02
5.638782978057861328e-01
6.700165271759033203e-01
-4.513374343514442444e-02
6.048763990402221680e-01
7.377762198448181152e-01
-6.548998504877090454e-02
5.090727806091308594e-01
7.218021154403686523e-01
-7.158657908439636230e-02
4.962165355682373047e-01
7.236012816429138184e-01
-6.100486218929290771e-02
5.007634162902832031e-01
7.344319224357604980e-01
-5.217089131474494934e-02
