7.761684656143188477e-01
4.374478757381439209e-01
-2.335035134137797286e-07
7.761285901069641113e-01
3.725423514842987061e-01
1.255378033965826035e-02
7.586502432823181152e-01
3.101872205734252930e-01
1.488951779901981354e-02
7.429664134979248047e-01
2.661274373531341553e-01
1.364563778042793274e-02
7.380965352058410645e-01
2.328579872846603394e-01
1.224108505994081497e-02
7.409448027610778809e-01
2.853686213493347168e-01
4.879063460975885391e-03
6.897674798965454102e-01
2.578861713409423828e-01
-2.067384310066699982e-03
6.919336318969726562e-01
2.767596542835235596e-01
-6.810287013649940491e-03
7.083075046539306641e-01
2.950355410575866699e-01
-7.960861548781394958e-03
7.249177694320678711e-01
3.115127980709075928e-01
-3.933297470211982727e-03
6.748717427253723145e-01
2.833088636398315430e-01
-8.374764584004878998e-03
6.794342398643493652e-01
3.010618984699249268e-01
-9.140298701822757721e-03
6.958404183387756348e-01
3.179700374603271484e-01
-9.006292559206485748e-03
7.086046934127807617e-01
3.405663371086120605e-01
-1.169818732887506485e-02
6.643491387367248535e-01
3.117499351501464844e-01
-1.403471827507019043e-02
6.708921194076538086e-01
3.277034163475036621e-01
-7.992913015186786652e-03
6.865130662918090820e-01
3.426167368888854980e-01
-3.590150270611047745e-03
6.930196285247802734e-01
3.723450899124145508e-01
-1.834004931151866913e-02
6.592035889625549316e-01
3.442857563495635986e-01
-1.883484236896038055e-02
6.669491529464721680e-01
3.569833636283874512e-01
-1.120760478079319000e-02
6.805404424667358398e-01
3.713844418525695801e-01
-4.427826963365077972e-03
