4.943755865097045898e-01
8.472445011138916016e-01
2.881543821331433719e-07
4.698638617992401123e-01
8.115258812904357910e-01
-2.768814377486705780e-02
4.546258449554443359e-01
7.787078022956848145e-01
-5.026962608098983765e-02
4.405978918075561523e-01
7.636153697967529297e-01
-6.852859258651733398e-02
4.179946780204772949e-01
7.597330808639526367e-01
-8.837869763374328613e-02
4.942219555377960205e-01
7.988247275352478027e-01
-5.961192399263381958e-02
5.112417340278625488e-01
7.809941172599792480e-01
-8.055210858583450317e-02
5.264439582824707031e-01
7.606250047683715820e-01
-9.452916681766510010e-02
5.425361394882202148e-01
7.409999966621398926e-01
-1.045583337545394897e-01
5.253567695617675781e-01
8.123934268951416016e-01
-5.669553577899932861e-02
5.549969673156738281e-01
7.791323065757751465e-01
-7.410136610269546509e-02
5.783722996711730957e-01
7.499907016754150391e-01
-8.369557559490203857e-02
5.988653302192687988e-01
7.268347740173339844e-01
-9.293524175882339478e-02
5.482969284057617188e-01
8.218139410018920898e-01
-5.401511117815971375e-02
5.809901356697082520e-01
7.893085479736328125e-01
-6.909528374671936035e-02
6.045771837234497070e-01
7.619739770889282227e-01
-7.908686250448226929e-02
6.249372363090515137e-01
7.384648323059082031e-01
-8.717602491378784180e-02
5.631850361824035645e-01
8.296658992767333984e-01
-5.293212831020355225e-02
5.940578579902648926e-01
8.074305653572082520e-01
-6.386183947324752808e-02
6.156596541404724121e-01
7.895780801773071289e-01
-6.981174647808074951e-02
6.345052719116210938e-01
7.737844586372375488e-01
-7.585188746452331543e-02
