7.379105091094970703e-01
4.497455954551696777e-01
-1.774050133462878875e-07
7.406420707702636719e-01
3.921187818050384521e-01
3.559849224984645844e-03
7.226994633674621582e-01
3.332666754722595215e-01
7.827930385246872902e-04
6.996319293975830078e-01
2.913542389869689941e-01
-3.599287709221243858e-03
6.798043251037597656e-01
2.661221623420715332e-01
-7.979996502399444580e-03
7.099810242652893066e-01
3.151766061782836914e-01
-1.039662119001150131e-02
6.579892039299011230e-01
2.860797643661499023e-01
-2.354445680975914001e-02
6.608692407608032227e-01
3.000403642654418945e-01
-3.122527338564395905e-02
6.767548918724060059e-01
3.151202499866485596e-01
-3.379221260547637939e-02
6.930378675460815430e-01
3.428875803947448730e-01
-1.657688617706298828e-02
6.405018568038940430e-01
3.106133341789245605e-01
-2.673103101551532745e-02
6.456632614135742188e-01
3.252834081649780273e-01
-2.934290841221809387e-02
6.616909503936767578e-01
3.408636748790740967e-01
-3.000171668827533722e-02
6.755335927009582520e-01
3.731719851493835449e-01
-2.218332327902317047e-02
6.278369426727294922e-01
3.398456871509552002e-01
-2.993364445865154266e-02
6.351730227470397949e-01
3.530233800411224365e-01
-2.469585649669170380e-02
6.509317755699157715e-01
3.679004013538360596e-01
-1.993678137660026550e-02
6.595755219459533691e-01
4.034679234027862549e-01
-2.715229429304599762e-02
6.245220899581909180e-01
3.747735023498535156e-01
-3.224173560738563538e-02
6.319186091423034668e-01
3.849496543407440186e-01
-2.617583423852920532e-02
6.450124382972717285e-01
3.976643681526184082e-01
-2.012277394533157349e-02
