8.196169734001159668e-01
3.279984891414642334e-01
2.506708653982059332e-07
8.369281888008117676e-01
2.721391618251800537e-01
-5.461533088237047195e-03
8.356413841247558594e-01
2.199064791202545166e-01
-1.187408529222011566e-02
8.315106630325317383e-01
1.735023260116577148e-01
-1.818047650158405304e-02
8.399621248245239258e-01
1.412989050149917603e-01
-2.529621124267578125e-02
7.820498943328857422e-01
2.019182592630386353e-01
-1.624287478625774384e-02
7.483239769935607910e-01
1.555520445108413696e-01
-2.371747046709060669e-02
7.255584597587585449e-01
1.300272792577743530e-01
-2.841555513441562653e-02
7.076258063316345215e-01
1.111497655510902405e-01
-3.183384612202644348e-02
7.586197853088378906e-01
2.225346565246582031e-01
-1.897995173931121826e-02
7.191103100776672363e-01
1.727166026830673218e-01
-2.422722615301609039e-02
6.940041780471801758e-01
1.451866775751113892e-01
-2.732832729816436768e-02
6.760644912719726562e-01
1.263338327407836914e-01
-2.997388876974582672e-02
7.414697408676147461e-01
2.509511411190032959e-01
-2.138662151992321014e-02
7.030652165412902832e-01
2.097512781620025635e-01
-2.563214115798473358e-02
6.782909035682678223e-01
1.871121972799301147e-01
-2.963431552052497864e-02
6.613668799400329590e-01
1.715407520532608032e-01
-3.315451368689537048e-02
7.301121354103088379e-01
2.838926315307617188e-01
-2.397194877266883850e-02
6.990294456481933594e-01
2.612619996070861816e-01
-2.831446006894111633e-02
6.793045401573181152e-01
2.476293146610260010e-01
-3.002662584185600281e-02
6.648564934730529785e-01
2.364664226770401001e-01
-3.090984560549259186e-02
