7.836092710494995117e-01
3.894804716110229492e-01
3.338669785080128349e-08
7.912793159484863281e-01
3.423480689525604248e-01
-3.178152488544583321e-03
7.836542725563049316e-01
2.826002240180969238e-01
-1.033445820212364197e-02
7.805526852607727051e-01
2.352926135063171387e-01
-1.681122742593288422e-02
7.879181504249572754e-01
2.024987041950225830e-01
-2.631432376801967621e-02
7.622685432434082031e-01
2.635129690170288086e-01
-3.158888593316078186e-02
7.219840884208679199e-01
2.121861577033996582e-01
-4.797447100281715393e-02
6.925101280212402344e-01
1.811744868755340576e-01
-5.796481296420097351e-02
6.695951223373413086e-01
1.581594347953796387e-01
-6.480930745601654053e-02
7.515668869018554688e-01
2.862308919429779053e-01
-3.909209370613098145e-02
7.005423307418823242e-01
2.265224009752273560e-01
-5.311839282512664795e-02
6.659131050109863281e-01
1.932830810546875000e-01
-6.108791381120681763e-02
6.424168348312377930e-01
1.680885851383209229e-01
-6.804203242063522339e-02
7.381305694580078125e-01
3.162949681282043457e-01
-4.518219828605651855e-02
6.894363164901733398e-01
2.662737965583801270e-01
-5.962525308132171631e-02
6.551443338394165039e-01
2.386850118637084961e-01
-6.523107737302780151e-02
6.325954198837280273e-01
2.162836492061614990e-01
-6.920176744461059570e-02
7.227399349212646484e-01
3.515147864818572998e-01
-5.030209571123123169e-02
6.815951466560363770e-01
3.195572793483734131e-01
-6.408587843179702759e-02
6.545853018760681152e-01
2.996362447738647461e-01
-6.764783710241317749e-02
6.336033344268798828e-01
2.809329032897949219e-01
-6.941778957843780518e-02
