6.467932462692260742e-01
5.766663551330566406e-01
2.867489854452287545e-07
5.845855474472045898e-01
6.598738431930541992e-01
-4.431385919451713562e-02
5.125739574432373047e-01
6.973600387573242188e-01
-1.017899811267852783e-01
4.551371932029724121e-01
6.893336772918701172e-01
-1.462517231702804565e-01
4.290443658828735352e-01
6.896451711654663086e-01
-1.895743757486343384e-01
6.686086654663085938e-01
7.170174121856689453e-01
-2.054715603590011597e-01
5.865797400474548340e-01
7.049167752265930176e-01
-2.961681485176086426e-01
5.816300511360168457e-01
7.019863128662109375e-01
-3.435890972614288330e-01
6.051130890846252441e-01
6.981771588325500488e-01
-3.643386065959930420e-01
7.166365385055541992e-01
6.230314970016479492e-01
-2.098173052072525024e-01
5.330031514167785645e-01
5.737928748130798340e-01
-2.985152006149291992e-01
5.413770079612731934e-01
5.828540325164794922e-01
-3.153323829174041748e-01
5.934265255928039551e-01
5.872844457626342773e-01
-3.187547326087951660e-01
7.225512862205505371e-01
5.239804387092590332e-01
-2.075277715921401978e-01
5.296884179115295410e-01
4.881648719310760498e-01
-2.689649462699890137e-01
5.509952902793884277e-01
5.099663138389587402e-01
-2.459950298070907593e-01
6.025007367134094238e-01
5.138456225395202637e-01
-2.221518456935882568e-01
7.058540582656860352e-01
4.457998573780059814e-01
-2.063652276992797852e-01
5.744444131851196289e-01
4.197276830673217773e-01
-2.357131987810134888e-01
5.908518433570861816e-01
4.295972585678100586e-01
-2.134621888399124146e-01
6.303017139434814453e-01
4.149712920188903809e-01
-1.961811929941177368e-01
