7.843223214149475098e-01
4.022423923015594482e-01
-6.173299027523171389e-08
7.772334218025207520e-01
3.501719236373901367e-01
7.416746113449335098e-03
7.623679637908935547e-01
2.954291701316833496e-01
5.350127816200256348e-03
7.521883249282836914e-01
2.552330195903778076e-01
1.759411767125129700e-03
7.560101151466369629e-01
2.271060347557067871e-01
-4.088404122740030289e-03
7.527930736541748047e-01
2.753582000732421875e-01
-1.922110281884670258e-02
7.089878916740417480e-01
2.342287153005599976e-01
-3.118915669620037079e-02
6.792679429054260254e-01
2.135422825813293457e-01
-3.723211213946342468e-02
6.553952693939208984e-01
2.014225721359252930e-01
-4.107398167252540588e-02
7.450767159461975098e-01
2.965617477893829346e-01
-3.005789220333099365e-02
6.901409626007080078e-01
2.514827251434326172e-01
-4.244728386402130127e-02
6.545104980468750000e-01
2.317257374525070190e-01
-4.799243435263633728e-02
6.251748204231262207e-01
2.223330885171890259e-01
-5.194894596934318542e-02
7.362572550773620605e-01
3.256619870662689209e-01
-3.887410461902618408e-02
6.829271316528320312e-01
2.858341336250305176e-01
-5.063604563474655151e-02
6.495975255966186523e-01
2.705108225345611572e-01
-5.523132905364036560e-02
6.230413913726806641e-01
2.638858258724212646e-01
-5.812201276421546936e-02
7.260252833366394043e-01
3.598358035087585449e-01
-4.601866379380226135e-02
6.837041378021240234e-01
3.342528343200683594e-01
-5.876680836081504822e-02
6.570019721984863281e-01
3.242478370666503906e-01
-6.331812590360641479e-02
6.336383223533630371e-01
3.184045255184173584e-01
-6.542721390724182129e-02
