5.079197883605957031e-01
7.906131744384765625e-01
8.176326105058251414e-08
4.772180616855621338e-01
7.746295332908630371e-01
-4.670525342226028442e-02
4.565761685371398926e-01
7.607690095901489258e-01
-8.287442475557327271e-02
4.353578984737396240e-01
7.528906464576721191e-01
-1.133626252412796021e-01
4.172101020812988281e-01
7.486811876296997070e-01
-1.445410847663879395e-01
5.017429590225219727e-01
7.839560508728027344e-01
-8.740451186895370483e-02
5.204942822456359863e-01
7.515027523040771484e-01
-1.222175806760787964e-01
5.368626117706298828e-01
7.347652912139892578e-01
-1.448604464530944824e-01
5.556737780570983887e-01
7.171561121940612793e-01
-1.597696244716644287e-01
5.307782888412475586e-01
7.910753488540649414e-01
-7.954205572605133057e-02
5.641091465950012207e-01
7.557830810546875000e-01
-1.084301322698593140e-01
5.894776582717895508e-01
7.295315861701965332e-01
-1.237142756581306458e-01
6.138684749603271484e-01
7.026015520095825195e-01
-1.367377191781997681e-01
5.522782802581787109e-01
7.978685498237609863e-01
-7.304636389017105103e-02
5.815652608871459961e-01
7.653812766075134277e-01
-9.640564024448394775e-02
6.036064624786376953e-01
7.396983504295349121e-01
-1.078889518976211548e-01
6.241180300712585449e-01
7.140786051750183105e-01
-1.170124411582946777e-01
5.648930072784423828e-01
8.022366166114807129e-01
-7.014727592468261719e-02
5.884383320808410645e-01
7.866363525390625000e-01
-8.415342867374420166e-02
6.066251397132873535e-01
7.711623311042785645e-01
-9.054985642433166504e-02
6.239502429962158203e-01
7.555677294731140137e-01
-9.743747860193252563e-02
