3.918827772140502930e-01
8.631917238235473633e-01
1.689710815711009673e-09
4.440779983997344971e-01
8.898949027061462402e-01
-1.224630884826183319e-02
5.045969486236572266e-01
8.873165249824523926e-01
-3.090227022767066956e-02
5.516540408134460449e-01
8.783599734306335449e-01
-4.831690713763237000e-02
5.886859893798828125e-01
8.718670606613159180e-01
-7.033719867467880249e-02
5.351650118827819824e-01
8.764235973358154297e-01
-6.914377212524414062e-02
5.852116346359252930e-01
8.215650916099548340e-01
-1.068784594535827637e-01
6.204827427864074707e-01
7.863530516624450684e-01
-1.328964084386825562e-01
6.510698795318603516e-01
7.552508115768432617e-01
-1.511167287826538086e-01
5.142008066177368164e-01
8.544854521751403809e-01
-8.155104517936706543e-02
5.650653839111328125e-01
7.896772623062133789e-01
-1.166771501302719116e-01
6.006583571434020996e-01
7.535859346389770508e-01
-1.356104612350463867e-01
6.301931738853454590e-01
7.226949930191040039e-01
-1.518965661525726318e-01
4.823066294193267822e-01
8.298724293708801270e-01
-9.303183853626251221e-02
5.302724242210388184e-01
7.676260471343994141e-01
-1.253938376903533936e-01
5.645171403884887695e-01
7.346524000167846680e-01
-1.393781751394271851e-01
5.928108692169189453e-01
7.074130773544311523e-01
-1.508575230836868286e-01
4.459469318389892578e-01
8.020094633102416992e-01
-1.041559055447578430e-01
4.758003950119018555e-01
7.571530342102050781e-01
-1.359683275222778320e-01
5.001283884048461914e-01
7.322629690170288086e-01
-1.491417735815048218e-01
5.219494700431823730e-01
7.119317054748535156e-01
-1.587083339691162109e-01
