7.511262893676757812e-01
7.391956448554992676e-01
4.186331636901741149e-07
7.858094573020935059e-01
6.522741317749023438e-01
-3.549660742282867432e-02
7.933413386344909668e-01
5.451529622077941895e-01
-4.985113814473152161e-02
7.565731406211853027e-01
4.854636788368225098e-01
-6.093244999647140503e-02
7.123864293098449707e-01
4.675616621971130371e-01
-7.202475517988204956e-02
7.606695890426635742e-01
4.397472143173217773e-01
-2.250736579298973083e-02
7.497107982635498047e-01
3.448990583419799805e-01
-4.350387677550315857e-02
7.371419072151184082e-01
2.839032411575317383e-01
-6.307591497898101807e-02
7.246273756027221680e-01
2.287096381187438965e-01
-7.852082699537277222e-02
7.231278419494628906e-01
4.511341452598571777e-01
-2.160918340086936951e-02
7.066936492919921875e-01
3.456807136535644531e-01
-4.141396656632423401e-02
6.937693357467651367e-01
2.742514014244079590e-01
-6.215439364314079285e-02
6.830313205718994141e-01
2.090397477149963379e-01
-7.798733562231063843e-02
6.917074918746948242e-01
4.885668158531188965e-01
-2.581391297280788422e-02
6.740447878837585449e-01
3.899669945240020752e-01
-4.981566965579986572e-02
6.645557284355163574e-01
3.220021724700927734e-01
-7.137303054332733154e-02
6.573621630668640137e-01
2.603928446769714355e-01
-8.596433699131011963e-02
6.623661518096923828e-01
5.451252460479736328e-01
-3.311678767204284668e-02
6.468768119812011719e-01
4.745163619518280029e-01
-5.622251704335212708e-02
6.413127779960632324e-01
4.230870604515075684e-01
-7.114066928625106812e-02
6.391673088073730469e-01
3.693249225616455078e-01
-8.205892890691757202e-02
