8.068166971206665039e-01
5.242691040039062500e-01
2.366892886129789986e-07
7.611503005027770996e-01
5.078338384628295898e-01
-1.105676870793104172e-02
7.315422892570495605e-01
4.627719819545745850e-01
-1.785991340875625610e-02
7.192239761352539062e-01
4.233526885509490967e-01
-2.514753118157386780e-02
7.079876065254211426e-01
3.940255641937255859e-01
-3.272568807005882263e-02
7.339943647384643555e-01
3.774145543575286865e-01
-9.667528793215751648e-03
7.133708596229553223e-01
3.160518109798431396e-01
-2.397417090833187103e-02
6.991486549377441406e-01
2.784925103187561035e-01
-3.615671768784523010e-02
6.870539188385009766e-01
2.462141960859298706e-01
-4.514313489198684692e-02
7.563383579254150391e-01
3.652079105377197266e-01
-1.651788316667079926e-02
7.355085611343383789e-01
2.961147725582122803e-01
-3.016553260385990143e-02
7.172921895980834961e-01
2.540655136108398438e-01
-4.346458986401557922e-02
6.999090909957885742e-01
2.190345078706741333e-01
-5.308918654918670654e-02
7.820026874542236328e-01
3.669087290763854980e-01
-2.531448751688003540e-02
7.718873023986816406e-01
2.924695312976837158e-01
-4.101099073886871338e-02
7.612624168395996094e-01
2.506725788116455078e-01
-5.267458781599998474e-02
7.491238713264465332e-01
2.164464443922042847e-01
-6.060061976313591003e-02
8.092266321182250977e-01
3.827295899391174316e-01
-3.506892919540405273e-02
8.159822821617126465e-01
3.260550200939178467e-01
-5.050100758671760559e-02
8.179847598075866699e-01
2.877374887466430664e-01
-5.788426846265792847e-02
8.169971108436584473e-01
2.542990446090698242e-01
-6.249214708805084229e-02
