7.735661268234252930e-01
5.216493010520935059e-01
1.789077117564374930e-07
7.311474084854125977e-01
5.194438695907592773e-01
-1.031940896064043045e-02
6.939771175384521484e-01
4.891874194145202637e-01
-1.759035885334014893e-02
6.792852282524108887e-01
4.510059654712677002e-01
-2.534168027341365814e-02
6.730161309242248535e-01
4.230007529258728027e-01
-3.365029022097587585e-02
6.796410679817199707e-01
4.132536053657531738e-01
-9.772963821887969971e-03
6.511905789375305176e-01
3.716755807399749756e-01
-2.393012307584285736e-02
6.344437003135681152e-01
3.529764115810394287e-01
-3.658924996852874756e-02
6.222483515739440918e-01
3.399149477481842041e-01
-4.533754661679267883e-02
7.010011076927185059e-01
3.899504840373992920e-01
-1.702514477074146271e-02
6.712924242019653320e-01
3.275348842144012451e-01
-2.944757230579853058e-02
6.488883495330810547e-01
2.894597053527832031e-01
-4.222415387630462646e-02
6.296162605285644531e-01
2.593182325363159180e-01
-5.150764435529708862e-02
7.283957004547119141e-01
3.823517262935638428e-01
-2.636077255010604858e-02
7.087718248367309570e-01
3.127089142799377441e-01
-4.075125604867935181e-02
6.935837864875793457e-01
2.738349139690399170e-01
-5.323393642902374268e-02
6.788046956062316895e-01
2.428031861782073975e-01
-6.197275221347808838e-02
7.594610452651977539e-01
3.897494375705718994e-01
-3.640386089682579041e-02
7.571228742599487305e-01
3.338542580604553223e-01
-5.012070760130882263e-02
7.529175281524658203e-01
2.971023023128509521e-01
-5.688873678445816040e-02
7.476127147674560547e-01
2.655132710933685303e-01
-6.144312769174575806e-02
