6.961827874183654785e-01
5.608583688735961914e-01
1.890932423975755228e-07
6.532181501388549805e-01
5.575555562973022461e-01
-2.875666366890072823e-03
6.204370260238647461e-01
5.258911252021789551e-01
-6.747872103005647659e-03
6.027271151542663574e-01
4.965405166149139404e-01
-1.271810755133628845e-02
5.875484347343444824e-01
4.751498699188232422e-01
-1.947187259793281555e-02
5.931700468063354492e-01
4.740219116210937500e-01
-3.763015847653150558e-03
5.561188459396362305e-01
4.344429373741149902e-01
-1.663125306367874146e-02
5.274058580398559570e-01
4.168144762516021729e-01
-2.766469493508338928e-02
5.023326873779296875e-01
4.047608077526092529e-01
-3.564956039190292358e-02
6.018067598342895508e-01
4.634416401386260986e-01
-1.336182095110416412e-02
5.602395534515380859e-01
4.180072844028472900e-01
-2.578880451619625092e-02
5.277998447418212891e-01
3.946791589260101318e-01
-3.763753920793533325e-02
4.993456006050109863e-01
3.781919777393341064e-01
-4.589424654841423035e-02
6.188274025917053223e-01
4.597815573215484619e-01
-2.411755733191967010e-02
5.814194679260253906e-01
4.072360396385192871e-01
-3.759519010782241821e-02
5.538298487663269043e-01
3.793216645717620850e-01
-4.805626347661018372e-02
5.286802053451538086e-01
3.589608371257781982e-01
-5.516736209392547607e-02
6.418208479881286621e-01
4.636698961257934570e-01
-3.518693521618843079e-02
6.231911778450012207e-01
4.192419648170471191e-01
-4.756178334355354309e-02
6.064794659614562988e-01
3.906435370445251465e-01
-5.334344506263732910e-02
5.902796983718872070e-01
3.667305409908294678e-01
-5.716537684202194214e-02
