8.197590708732604980e-01
5.302467346191406250e-01
2.542296329011151101e-07
7.755923271179199219e-01
5.118742585182189941e-01
-1.207048445940017700e-02
7.490917444229125977e-01
4.657232463359832764e-01
-1.905643381178379059e-02
7.406015396118164062e-01
4.248466491699218750e-01
-2.627842873334884644e-02
7.288427352905273438e-01
3.971639275550842285e-01
-3.387378901243209839e-02
7.562180161476135254e-01
3.777150511741638184e-01
-1.070309802889823914e-02
7.385973334312438965e-01
3.136879503726959229e-01
-2.495346404612064362e-02
7.263607978820800781e-01
2.731951177120208740e-01
-3.739399462938308716e-02
7.158805727958679199e-01
2.386372983455657959e-01
-4.662517830729484558e-02
7.794337272644042969e-01
3.669437766075134277e-01
-1.711712218821048737e-02
7.613237500190734863e-01
2.956755459308624268e-01
-3.041141666471958160e-02
7.453297972679138184e-01
2.514087557792663574e-01
-4.349553212523460388e-02
7.302018404006958008e-01
2.150211781263351440e-01
-5.303619056940078735e-02
8.049758672714233398e-01
3.703143298625946045e-01
-2.558279223740100861e-02
7.962931394577026367e-01
2.955483794212341309e-01
-4.066795483231544495e-02
7.861433625221252441e-01
2.513696849346160889e-01
-5.236955359578132629e-02
7.747320532798767090e-01
2.147297412157058716e-01
-6.053256243467330933e-02
8.316120505332946777e-01
3.873207271099090576e-01
-3.519805520772933960e-02
8.396291732788085938e-01
3.316690027713775635e-01
-5.001746118068695068e-02
8.421059846878051758e-01
2.926055192947387695e-01
-5.760233849287033081e-02
8.417167067527770996e-01
2.576250135898590088e-01
-6.255465745925903320e-02
