9.262656569480895996e-01
5.503506064414978027e-01
2.082631027633397025e-07
8.842322230339050293e-01
5.237545371055603027e-01
-1.157939154654741287e-02
8.612424731254577637e-01
4.748339951038360596e-01
-1.672927290201187134e-02
8.573401570320129395e-01
4.297413527965545654e-01
-2.196968346834182739e-02
8.549336194992065430e-01
3.990349769592285156e-01
-2.680254913866519928e-02
8.913214802742004395e-01
4.026245474815368652e-01
-4.927249625325202942e-03
8.866786360740661621e-01
3.454800248146057129e-01
-1.514210738241672516e-02
8.839030861854553223e-01
3.104364275932312012e-01
-2.498659119009971619e-02
8.821176886558532715e-01
2.811437845230102539e-01
-3.248907998204231262e-02
9.173497557640075684e-01
3.962474465370178223e-01
-9.001921862363815308e-03
9.131772518157958984e-01
3.309111893177032471e-01
-1.856058649718761444e-02
9.082124233245849609e-01
2.890421748161315918e-01
-2.887427248060703278e-02
9.032390117645263672e-01
2.542248964309692383e-01
-3.650442510843276978e-02
9.438660144805908203e-01
4.023590683937072754e-01
-1.538885012269020081e-02
9.505147337913513184e-01
3.373892307281494141e-01
-2.684038504958152771e-02
9.525372385978698730e-01
2.970674037933349609e-01
-3.546599298715591431e-02
9.526785612106323242e-01
2.639090418815612793e-01
-4.136631637811660767e-02
9.705103635787963867e-01
4.199330508708953857e-01
-2.298690192401409149e-02
9.867826700210571289e-01
3.714250624179840088e-01
-3.345759585499763489e-02
9.954950809478759766e-01
3.381399512290954590e-01
-3.791387379169464111e-02
1.001273751258850098e+00
3.085497021675109863e-01
-4.066305235028266907e-02
