6.919514536857604980e-01
5.257114768028259277e-01
1.890169443186096032e-07
6.509768366813659668e-01
5.249438285827636719e-01
-3.545964835211634636e-03
6.176979541778564453e-01
4.935734570026397705e-01
-7.844604551792144775e-03
6.001582741737365723e-01
4.636094272136688232e-01
-1.391209475696086884e-02
5.840178132057189941e-01
4.423601627349853516e-01
-2.089793421328067780e-02
5.882731676101684570e-01
4.455684125423431396e-01
-6.392334587872028351e-03
5.477744936943054199e-01
4.120301902294158936e-01
-1.953622512519359589e-02
5.171734690666198730e-01
3.979764282703399658e-01
-3.075153566896915436e-02
4.911851286888122559e-01
3.875035047531127930e-01
-3.880754485726356506e-02
5.965493321418762207e-01
4.361718297004699707e-01
-1.566214859485626221e-02
5.526015162467956543e-01
3.953954577445983887e-01
-2.810436487197875977e-02
5.193120241165161133e-01
3.741185665130615234e-01
-4.049523547291755676e-02
4.903432428836822510e-01
3.573822975158691406e-01
-4.917905107140541077e-02
6.129649877548217773e-01
4.325468540191650391e-01
-2.581745013594627380e-02
5.739736557006835938e-01
3.840185999870300293e-01
-3.862088918685913086e-02
5.455636978149414062e-01
3.597475290298461914e-01
-4.905059933662414551e-02
5.204480886459350586e-01
3.415474295616149902e-01
-5.630131438374519348e-02
6.350978016853332520e-01
4.356519281864166260e-01
-3.636782243847846985e-02
6.131528615951538086e-01
3.954805135726928711e-01
-4.799037799239158630e-02
5.952105522155761719e-01
3.706711828708648682e-01
-5.328813567757606506e-02
5.784438848495483398e-01
3.502386510372161865e-01
-5.680589005351066589e-02
