8.081762194633483887e-01
5.258644819259643555e-01
2.162525589710639906e-07
7.649803161621093750e-01
5.084323883056640625e-01
-9.484413079917430878e-03
7.389397621154785156e-01
4.628166556358337402e-01
-1.480998937040567398e-02
7.288801074028015137e-01
4.231125116348266602e-01
-2.081614360213279724e-02
7.185119986534118652e-01
3.949181735515594482e-01
-2.730862423777580261e-02
7.456554770469665527e-01
3.782738149166107178e-01
-7.977501489222049713e-03
7.254954576492309570e-01
3.163995742797851562e-01
-2.108719386160373688e-02
7.111494541168212891e-01
2.765399217605590820e-01
-3.244467079639434814e-02
6.994377970695495605e-01
2.429665029048919678e-01
-4.083841666579246521e-02
7.675752043724060059e-01
3.660682141780853271e-01
-1.448509655892848969e-02
7.473095655441284180e-01
2.971798181533813477e-01
-2.676609344780445099e-02
7.287707328796386719e-01
2.541307806968688965e-01
-3.903026506304740906e-02
7.117052078247070312e-01
2.187313586473464966e-01
-4.790089651942253113e-02
7.924977540969848633e-01
3.667951226234436035e-01
-2.275171503424644470e-02
7.820815443992614746e-01
2.939036786556243896e-01
-3.693697974085807800e-02
7.708605527877807617e-01
2.509350478649139404e-01
-4.809122532606124878e-02
7.591187357902526855e-01
2.152363210916519165e-01
-5.573578923940658569e-02
8.186661601066589355e-01
3.804123401641845703e-01
-3.190828859806060791e-02
8.258708715438842773e-01
3.259104788303375244e-01
-4.578183591365814209e-02
8.278346061706542969e-01
2.875685095787048340e-01
-5.292879790067672729e-02
8.274767398834228516e-01
2.533807158470153809e-01
-5.750392377376556396e-02
