8.830552101135253906e-01
5.259210467338562012e-01
2.249370396611993783e-07
8.407428264617919922e-01
5.049466490745544434e-01
-1.291866879910230637e-02
8.132465481758117676e-01
4.606978297233581543e-01
-2.020878531038761139e-02
8.037950396537780762e-01
4.184346795082092285e-01
-2.738026715815067291e-02
7.987164258956909180e-01
3.916682600975036621e-01
-3.470593690872192383e-02
8.320209980010986328e-01
3.842477500438690186e-01
-1.040198374539613724e-02
8.190762996673583984e-01
3.282637596130371094e-01
-2.291988395154476166e-02
8.100067973136901855e-01
2.922849357128143311e-01
-3.419193252921104431e-02
8.033731579780578613e-01
2.622392177581787109e-01
-4.260380193591117859e-02
8.569533824920654297e-01
3.726074993610382080e-01
-1.487961784005165100e-02
8.472325801849365234e-01
3.064450025558471680e-01
-2.670802921056747437e-02
8.367809653282165527e-01
2.639368772506713867e-01
-3.824464976787567139e-02
8.266103267669677734e-01
2.290816605091094971e-01
-4.662442579865455627e-02
8.823357820510864258e-01
3.741871714591979980e-01
-2.143708430230617523e-02
8.824501037597656250e-01
3.064990639686584473e-01
-3.443524986505508423e-02
8.784595727920532227e-01
2.656646966934204102e-01
-4.423765465617179871e-02
8.730928301811218262e-01
2.330499440431594849e-01
-5.096662417054176331e-02
9.077197313308715820e-01
3.877852261066436768e-01
-2.924114465713500977e-02
9.195768833160400391e-01
3.358351290225982666e-01
-4.117992520332336426e-02
9.242233633995056152e-01
2.998197674751281738e-01
-4.686986654996871948e-02
9.263991713523864746e-01
2.686910033226013184e-01
-5.060463771224021912e-02
