7.084282040596008301e-01
5.220046043395996094e-01
2.997169019636203302e-07
6.534613966941833496e-01
5.545969009399414062e-01
-1.903074979782104492e-02
5.939506292343139648e-01
5.529657006263732910e-01
-2.671171724796295166e-02
5.481389164924621582e-01
5.328170061111450195e-01
-3.372244536876678467e-02
5.095918774604797363e-01
5.138693451881408691e-01
-4.028719663619995117e-02
5.678706765174865723e-01
4.634951353073120117e-01
-9.205092675983905792e-03
5.172193646430969238e-01
4.346596598625183105e-01
-2.542665973305702209e-02
4.859388172626495361e-01
4.149779379367828369e-01
-3.931828960776329041e-02
4.584008455276489258e-01
3.946305513381958008e-01
-5.017296969890594482e-02
5.827900171279907227e-01
4.232706427574157715e-01
-1.354481745511293411e-02
5.293320417404174805e-01
3.791651725769042969e-01
-2.826452627778053284e-02
4.946925938129425049e-01
3.531814813613891602e-01
-4.252855852246284485e-02
4.630993902683258057e-01
3.304798603057861328e-01
-5.320744216442108154e-02
6.079183816909790039e-01
3.956877291202545166e-01
-2.160906977951526642e-02
5.613104104995727539e-01
3.463428914546966553e-01
-4.058067500591278076e-02
5.302330851554870605e-01
3.176275789737701416e-01
-5.388601496815681458e-02
5.007896423339843750e-01
2.926614284515380859e-01
-6.291730701923370361e-02
6.414373517036437988e-01
3.776211738586425781e-01
-3.139577060937881470e-02
6.201056838035583496e-01
3.229835033416748047e-01
-4.983420297503471375e-02
6.050621867179870605e-01
2.858704328536987305e-01
-5.893389880657196045e-02
5.893753767013549805e-01
2.525186538696289062e-01
-6.488502770662307739e-02
