7.109461426734924316e-01
5.469216704368591309e-01
1.843557413394592004e-07
6.708526015281677246e-01
5.459427833557128906e-01
-1.454785582609474659e-03
6.392262578010559082e-01
5.140902400016784668e-01
-4.763625562191009521e-03
6.244673728942871094e-01
4.829889237880706787e-01
-1.033553853631019592e-02
6.151222586631774902e-01
4.615865349769592285e-01
-1.688323915004730225e-02
6.127557754516601562e-01
4.536401629447937012e-01
-4.279830958694219589e-03
5.791754126548767090e-01
4.120792746543884277e-01
-1.661572605371475220e-02
5.535302162170410156e-01
3.899013102054595947e-01
-2.725875377655029297e-02
5.314944386482238770e-01
3.733789622783660889e-01
-3.508126735687255859e-02
6.228680610656738281e-01
4.420989453792572021e-01
-1.439368352293968201e-02
5.844810605049133301e-01
3.946367204189300537e-01
-2.637282200157642365e-02
5.534104108810424805e-01
3.676124513149261475e-01
-3.806616365909576416e-02
5.255773663520812988e-01
3.471595346927642822e-01
-4.626099020242691040e-02
6.402508616447448730e-01
4.389976859092712402e-01
-2.538845315575599670e-02
6.061814427375793457e-01
3.849722743034362793e-01
-3.832886368036270142e-02
5.798368453979492188e-01
3.555628657341003418e-01
-4.931350052356719971e-02
5.554810762405395508e-01
3.338860869407653809e-01
-5.684411525726318359e-02
6.629468798637390137e-01
4.446761906147003174e-01
-3.656955063343048096e-02
6.488323211669921875e-01
3.985955417156219482e-01
-4.883237928152084351e-02
6.338757872581481934e-01
3.680327832698822021e-01
-5.534454435110092163e-02
6.192414164543151855e-01
3.422819077968597412e-01
-5.971612781286239624e-02
