7.481524944305419922e-01
5.511299967765808105e-01
2.326260641893895809e-07
7.025394439697265625e-01
5.446270108222961426e-01
-5.031388718634843826e-03
6.703082919120788574e-01
5.056505799293518066e-01
-8.076460100710391998e-03
6.548298001289367676e-01
4.692632555961608887e-01
-1.251460518687963486e-02
6.379233002662658691e-01
4.461106061935424805e-01
-1.754965819418430328e-02
6.535162329673767090e-01
4.380207657814025879e-01
-4.675901960581541061e-03
6.231553554534912109e-01
3.867110013961791992e-01
-1.678547449409961700e-02
6.007143259048461914e-01
3.572290539741516113e-01
-2.707605063915252686e-02
5.805782079696655273e-01
3.333427309989929199e-01
-3.471435979008674622e-02
6.703875064849853516e-01
4.233854115009307861e-01
-1.319954358041286469e-02
6.363345384597778320e-01
3.663287758827209473e-01
-2.527386881411075592e-02
6.083076000213623047e-01
3.328308165073394775e-01
-3.763879090547561646e-02
5.823009014129638672e-01
3.065012395381927490e-01
-4.635667055845260620e-02
6.924104094505310059e-01
4.209163784980773926e-01
-2.306357957422733307e-02
6.667491197586059570e-01
3.572736084461212158e-01
-3.755730018019676208e-02
6.458960175514221191e-01
3.226743638515472412e-01
-4.993241652846336365e-02
6.247527003288269043e-01
2.959138453006744385e-01
-5.831924453377723694e-02
7.174587845802307129e-01
4.310688674449920654e-01
-3.328071534633636475e-02
7.130023241043090820e-01
3.817656636238098145e-01
-4.773047938942909241e-02
7.047885656356811523e-01
3.483793735504150391e-01
-5.579900741577148438e-02
6.947603225708007812e-01
3.200640380382537842e-01
-6.104402616620063782e-02
