7.240308523178100586e-01
4.748711585998535156e-01
2.218237824536117841e-07
6.790471673011779785e-01
4.885864853858947754e-01
-1.200796663761138916e-02
6.343682408332824707e-01
4.765696525573730469e-01
-2.006798237562179565e-02
6.047697067260742188e-01
4.532873034477233887e-01
-2.805803343653678894e-02
5.876868963241577148e-01
4.349620938301086426e-01
-3.664754703640937805e-02
6.115316152572631836e-01
4.055044651031494141e-01
-1.480708457529544830e-02
5.723196268081665039e-01
3.666224479675292969e-01
-2.990818768739700317e-02
5.478513240814208984e-01
3.459874093532562256e-01
-4.232387989759445190e-02
5.262458324432373047e-01
3.284917771816253662e-01
-5.128801614046096802e-02
6.287912726402282715e-01
3.778587281703948975e-01
-2.080027386546134949e-02
5.869613289833068848e-01
3.316071629524230957e-01
-3.448021784424781799e-02
5.585227608680725098e-01
3.077657818794250488e-01
-4.624738171696662903e-02
5.330385565757751465e-01
2.897315323352813721e-01
-5.467454716563224792e-02
6.522928476333618164e-01
3.602244555950164795e-01
-2.856584638357162476e-02
6.181819438934326172e-01
3.058368265628814697e-01
-4.278809577226638794e-02
5.946995615959167480e-01
2.783783376216888428e-01
-5.136542767286300659e-02
5.732383728027343750e-01
2.578862905502319336e-01
-5.718654394149780273e-02
6.809514760971069336e-01
3.525656163692474365e-01
-3.737550228834152222e-02
6.612955927848815918e-01
3.046356439590454102e-01
-5.017188936471939087e-02
6.464017629623413086e-01
2.748900651931762695e-01
-5.444122105836868286e-02
6.314941644668579102e-01
2.506103217601776123e-01
-5.694792419672012329e-02
