6.953124403953552246e-01
5.882056951522827148e-01
1.393687654172026669e-07
6.501684188842773438e-01
5.840932130813598633e-01
-1.124593894928693771e-03
6.178240776062011719e-01
5.496404170989990234e-01
-4.707729443907737732e-03
6.007651090621948242e-01
5.192174911499023438e-01
-1.047882344573736191e-02
5.849767327308654785e-01
4.959565997123718262e-01
-1.733960583806037903e-02
5.932403206825256348e-01
4.979872703552246094e-01
-5.947765894234180450e-03
5.554537177085876465e-01
4.589338600635528564e-01
-2.056824788451194763e-02
5.248948931694030762e-01
4.442140758037567139e-01
-3.261806443333625793e-02
4.978548288345336914e-01
4.368287920951843262e-01
-4.110198467969894409e-02
6.016205549240112305e-01
4.919194579124450684e-01
-1.670047268271446228e-02
5.596606731414794922e-01
4.483082592487335205e-01
-3.074018843472003937e-02
5.252044200897216797e-01
4.300892353057861328e-01
-4.322363063693046570e-02
4.938815236091613770e-01
4.196731448173522949e-01
-5.177782848477363586e-02
6.185078024864196777e-01
4.923723340034484863e-01
-2.823664247989654541e-02
5.815710425376892090e-01
4.402309060096740723e-01
-4.277599602937698364e-02
5.516101717948913574e-01
4.147253930568695068e-01
-5.355551466345787048e-02
5.236320495605468750e-01
3.976229131221771240e-01
-6.086270511150360107e-02
6.416587233543395996e-01
4.999384582042694092e-01
-3.979874029755592346e-02
6.234446763992309570e-01
4.567430615425109863e-01
-5.311174690723419189e-02
6.055467724800109863e-01
4.298716187477111816e-01
-5.899767577648162842e-02
5.878919959068298340e-01
4.083328843116760254e-01
-6.283093243837356567e-02
