7.539203166961669922e-01
5.497277379035949707e-01
2.286130751372184022e-07
7.099835872650146484e-01
5.415389537811279297e-01
-5.997668951749801636e-03
6.776782870292663574e-01
5.009908676147460938e-01
-9.290408343076705933e-03
6.633003950119018555e-01
4.639918208122253418e-01
-1.388378813862800598e-02
6.474413871765136719e-01
4.423327744007110596e-01
-1.919016428291797638e-02
6.620054244995117188e-01
4.296296536922454834e-01
-5.778720602393150330e-03
6.329313516616821289e-01
3.772045075893402100e-01
-1.794451847672462463e-02
6.118688583374023438e-01
3.472996950149536133e-01
-2.865123003721237183e-02
5.924348235130310059e-01
3.223515152931213379e-01
-3.674238920211791992e-02
6.792814135551452637e-01
4.170373976230621338e-01
-1.430059969425201416e-02
6.454306840896606445e-01
3.606572449207305908e-01
-2.689956128597259521e-02
6.181279420852661133e-01
3.262680768966674805e-01
-3.956420347094535828e-02
5.924365520477294922e-01
2.994281947612762451e-01
-4.850360006093978882e-02
7.013972401618957520e-01
4.168113470077514648e-01
-2.424733340740203857e-02
6.768909096717834473e-01
3.528994321823120117e-01
-3.914488852024078369e-02
6.556314229965209961e-01
3.179687261581420898e-01
-5.099982023239135742e-02
6.335766911506652832e-01
2.905665636062622070e-01
-5.889008939266204834e-02
7.266160249710083008e-01
4.285459816455841064e-01
-3.463728353381156921e-02
7.214862704277038574e-01
3.768156766891479492e-01
-4.882488027215003967e-02
7.127093076705932617e-01
3.422136604785919189e-01
-5.606103315949440002e-02
7.022318840026855469e-01
3.128589987754821777e-01
-6.070194393396377563e-02
