7.166354656219482422e-01
5.313497185707092285e-01
3.205078087376023177e-07
6.548408865928649902e-01
5.519118905067443848e-01
-1.788804866373538971e-02
5.950345993041992188e-01
5.368974208831787109e-01
-2.472571469843387604e-02
5.516949892044067383e-01
5.088270306587219238e-01
-3.107800893485546112e-02
5.154424309730529785e-01
4.866433143615722656e-01
-3.692036122083663940e-02
5.836371779441833496e-01
4.424742460250854492e-01
-8.490415289998054504e-03
5.404311418533325195e-01
3.981888294219970703e-01
-2.355789206922054291e-02
5.135285854339599609e-01
3.697183132171630859e-01
-3.643158823251724243e-02
4.907982051372528076e-01
3.449655175209045410e-01
-4.621895775198936462e-02
6.071636676788330078e-01
4.057484269142150879e-01
-1.291540917009115219e-02
5.646464228630065918e-01
3.463374376296997070e-01
-2.595257759094238281e-02
5.371647477149963379e-01
3.087700009346008301e-01
-3.906746581196784973e-02
5.131407380104064941e-01
2.773141860961914062e-01
-4.872766509652137756e-02
6.376320719718933105e-01
3.836572468280792236e-01
-2.081985399127006531e-02
6.002557873725891113e-01
3.204134404659271240e-01
-3.869331628084182739e-02
5.774667263031005859e-01
2.840379774570465088e-01
-5.067406967282295227e-02
5.561975240707397461e-01
2.535929083824157715e-01
-5.840910226106643677e-02
6.751263737678527832e-01
3.740020990371704102e-01
-3.024149313569068909e-02
6.632326841354370117e-01
3.168281018733978271e-01
-4.912109300494194031e-02
6.550333499908447266e-01
2.781578898429870605e-01
-5.752846598625183105e-02
6.459373235702514648e-01
2.441830039024353027e-01
-6.218335032463073730e-02
