7.242868542671203613e-01
5.654120445251464844e-01
1.963730937859509140e-07
6.820486783981323242e-01
5.555173754692077637e-01
-3.596266731619834900e-03
6.505200266838073730e-01
5.171893239021301270e-01
-6.462673190981149673e-03
6.360999941825866699e-01
4.835590720176696777e-01
-1.077487319707870483e-02
6.247823238372802734e-01
4.623637199401855469e-01
-1.581495627760887146e-02
6.324328184127807617e-01
4.514798223972320557e-01
-6.365024950355291367e-03
6.021524071693420410e-01
4.011009037494659424e-01
-1.875042542815208435e-02
5.796637535095214844e-01
3.743858039379119873e-01
-2.868074737489223480e-02
5.593785643577575684e-01
3.528332710266113281e-01
-3.606872633099555969e-02
6.481612324714660645e-01
4.409843981266021729e-01
-1.541278231889009476e-02
6.127035021781921387e-01
3.880927860736846924e-01
-2.869363315403461456e-02
5.846677422523498535e-01
3.578481972217559814e-01
-4.036731645464897156e-02
5.584574937820434570e-01
3.344917297363281250e-01
-4.828992486000061035e-02
6.698138713836669922e-01
4.409386515617370605e-01
-2.545904181897640228e-02
6.427912116050720215e-01
3.813417255878448486e-01
-4.061396420001983643e-02
6.203991174697875977e-01
3.487926125526428223e-01
-5.146297812461853027e-02
5.972795486450195312e-01
3.238094151020050049e-01
-5.843193456530570984e-02
6.959475278854370117e-01
4.508768916130065918e-01
-3.561811521649360657e-02
6.881602406501770020e-01
4.020396173000335693e-01
-5.016094073653221130e-02
6.772338151931762695e-01
3.698345422744750977e-01
-5.701743811368942261e-02
6.645662784576416016e-01
3.434322774410247803e-01
-6.117854639887809753e-02
