6.975073814392089844e-01
5.612872838973999023e-01
2.052083658554693102e-07
6.549977660179138184e-01
5.582541227340698242e-01
-3.474436001852154732e-03
6.213100552558898926e-01
5.269132852554321289e-01
-7.680669892579317093e-03
6.027905941009521484e-01
4.964479207992553711e-01
-1.381289213895797729e-02
5.878301858901977539e-01
4.747062623500823975e-01
-2.059575915336608887e-02
5.942162275314331055e-01
4.734950661659240723e-01
-6.097140721976757050e-03
5.578631758689880371e-01
4.307594895362854004e-01
-2.035629563033580780e-02
5.295753479003906250e-01
4.116560220718383789e-01
-3.196117281913757324e-02
5.048407316207885742e-01
3.990580141544342041e-01
-4.008480161428451538e-02
6.029150485992431641e-01
4.627710580825805664e-01
-1.566695049405097961e-02
5.611029267311096191e-01
4.154145419597625732e-01
-2.960943803191184998e-02
5.283860564231872559e-01
3.908503055572509766e-01
-4.141269251704216003e-02
4.994279146194458008e-01
3.738401234149932861e-01
-4.925227910280227661e-02
6.202669739723205566e-01
4.593025743961334229e-01
-2.641667239367961884e-02
5.828182697296142578e-01
4.048224389553070068e-01
-4.117061197757720947e-02
5.555447936058044434e-01
3.762388229370117188e-01
-5.106284096837043762e-02
5.302409529685974121e-01
3.552348017692565918e-01
-5.740337446331977844e-02
6.439659595489501953e-01
4.634023606777191162e-01
-3.752121701836585999e-02
6.260790824890136719e-01
4.173301160335540771e-01
-5.105071887373924255e-02
6.091699004173278809e-01
3.881021142005920410e-01
-5.684201046824455261e-02
5.925307273864746094e-01
3.637291789054870605e-01
-6.029944866895675659e-02
