8.187376260757446289e-01
4.276683032512664795e-01
2.294705012673148303e-07
7.724603414535522461e-01
4.311233758926391602e-01
-1.113678608089685440e-02
7.349577546119689941e-01
4.044919908046722412e-01
-1.704480126500129700e-02
7.140721082687377930e-01
3.717182874679565430e-01
-2.301639318466186523e-02
7.030519247055053711e-01
3.428183197975158691e-01
-2.887598238885402679e-02
7.338717579841613770e-01
3.227397501468658447e-01
-7.572938222438097000e-03
7.083297371864318848e-01
2.706045210361480713e-01
-1.994420401751995087e-02
6.936199069023132324e-01
2.386403977870941162e-01
-3.092459961771965027e-02
6.822068691253662109e-01
2.107220888137817383e-01
-3.878109902143478394e-02
7.557432651519775391e-01
3.020880818367004395e-01
-1.203000731766223907e-02
7.298820018768310547e-01
2.462002187967300415e-01
-2.249558456242084503e-02
7.111589908599853516e-01
2.118657678365707397e-01
-3.332303464412689209e-02
6.939050555229187012e-01
1.821727752685546875e-01
-4.121932387351989746e-02
7.820228934288024902e-01
2.915470004081726074e-01
-1.849715784192085266e-02
7.642683982849121094e-01
2.312028706073760986e-01
-3.027023747563362122e-02
7.530596256256103516e-01
1.946957707405090332e-01
-3.779936581850051880e-02
7.422628998756408691e-01
1.649047434329986572e-01
-4.274237155914306641e-02
8.114688396453857422e-01
2.912042438983917236e-01
-2.610653452575206757e-02
8.053789138793945312e-01
2.395865470170974731e-01
-3.682553768157958984e-02
8.016443252563476562e-01
2.079357504844665527e-01
-3.979557380080223083e-02
7.972756624221801758e-01
1.812407076358795166e-01
-4.105163738131523132e-02
