7.135118842124938965e-01
5.822280645370483398e-01
1.997532734776541474e-07
6.717109680175781250e-01
5.767998695373535156e-01
-5.325251724570989609e-03
6.394420862197875977e-01
5.425449609756469727e-01
-1.022066269069910049e-02
6.241808533668518066e-01
5.106881260871887207e-01
-1.637767069041728973e-02
6.116052269935607910e-01
4.901491701602935791e-01
-2.334141544997692108e-02
6.148872375488281250e-01
4.761972427368164062e-01
-9.717920795083045959e-03
5.814568996429443359e-01
4.290496706962585449e-01
-2.353943325579166412e-02
5.551486611366271973e-01
4.056498408317565918e-01
-3.485498949885368347e-02
5.313836932182312012e-01
3.878696262836456299e-01
-4.324204847216606140e-02
6.287543177604675293e-01
4.662850797176361084e-01
-1.863168925046920776e-02
5.911593437194824219e-01
4.158151745796203613e-01
-3.236893564462661743e-02
5.613734126091003418e-01
3.880597651004791260e-01
-4.466473311185836792e-02
5.340723991394042969e-01
3.681709170341491699e-01
-5.316418781876564026e-02
6.494940519332885742e-01
4.666320085525512695e-01
-2.853078767657279968e-02
6.182494163513183594e-01
4.104204773902893066e-01
-4.345473647117614746e-02
5.936554074287414551e-01
3.807519078254699707e-01
-5.415009334683418274e-02
5.691501498222351074e-01
3.587541580200195312e-01
-6.134032830595970154e-02
6.751887798309326172e-01
4.765181243419647217e-01
-3.879353776574134827e-02
6.637357473373413086e-01
4.293159544467926025e-01
-5.315412580966949463e-02
6.505677103996276855e-01
3.991835117340087891e-01
-5.982924625277519226e-02
6.361622214317321777e-01
3.745125830173492432e-01
-6.400160491466522217e-02
