8.990165591239929199e-01
5.298560261726379395e-01
1.969367247056652559e-07
8.569140434265136719e-01
5.068077445030212402e-01
-1.356250047683715820e-02
8.307411074638366699e-01
4.625381231307983398e-01
-2.129114978015422821e-02
8.235696554183959961e-01
4.191503226757049561e-01
-2.889754436910152435e-02
8.247191309928894043e-01
3.900154531002044678e-01
-3.650142624974250793e-02
8.516232967376708984e-01
3.882566690444946289e-01
-1.152151357382535934e-02
8.396745324134826660e-01
3.288045525550842285e-01
-2.443181723356246948e-02
8.313846588134765625e-01
2.924025058746337891e-01
-3.539759293198585510e-02
8.263995051383972168e-01
2.630257010459899902e-01
-4.324399679899215698e-02
8.771021366119384766e-01
3.795617520809173584e-01
-1.547273062169551849e-02
8.678977489471435547e-01
3.135975599288940430e-01
-2.754866145551204681e-02
8.601658344268798828e-01
2.730945944786071777e-01
-3.811375051736831665e-02
8.529436588287353516e-01
2.409758269786834717e-01
-4.546156153082847595e-02
9.032974243164062500e-01
3.820077478885650635e-01
-2.163602225482463837e-02
9.066486954689025879e-01
3.149815201759338379e-01
-3.489881753921508789e-02
9.050998091697692871e-01
2.758168578147888184e-01
-4.326549917459487915e-02
9.016019701957702637e-01
2.449205517768859863e-01
-4.851541668176651001e-02
9.299114346504211426e-01
3.948454260826110840e-01
-2.912431210279464722e-02
9.427285194396972656e-01
3.420169651508331299e-01
-4.074580594897270203e-02
9.483082890510559082e-01
3.066433668136596680e-01
-4.525526985526084900e-02
9.513024687767028809e-01
2.762703597545623779e-01
-4.779860377311706543e-02
