7.085212469100952148e-01
5.467792749404907227e-01
2.025340251066154451e-07
6.682122945785522461e-01
5.510814189910888672e-01
-7.574727293103933334e-03
6.322921514511108398e-01
5.235756039619445801e-01
-1.300132926553487778e-02
6.133924126625061035e-01
4.919192492961883545e-01
-1.910000666975975037e-02
5.993559956550598145e-01
4.709862172603607178e-01
-2.575336024165153503e-02
6.075497865676879883e-01
4.601456820964813232e-01
-9.626626968383789062e-03
5.731307268142700195e-01
4.205394387245178223e-01
-2.222567051649093628e-02
5.494560003280639648e-01
3.972984552383422852e-01
-3.300138190388679504e-02
5.302101373672485352e-01
3.770906925201416016e-01
-4.094405472278594971e-02
6.220251917839050293e-01
4.418998658657073975e-01
-1.670811884105205536e-02
5.840038061141967773e-01
3.951769173145294189e-01
-2.937501296401023865e-02
5.549565553665161133e-01
3.665450811386108398e-01
-4.135065525770187378e-02
5.299261808395385742e-01
3.434418141841888428e-01
-4.978435859084129333e-02
6.433979868888854980e-01
4.329607188701629639e-01
-2.507805265486240387e-02
6.117606163024902344e-01
3.780153393745422363e-01
-3.884623199701309204e-02
5.880060791969299316e-01
3.474631011486053467e-01
-4.986383393406867981e-02
5.664834380149841309e-01
3.239937424659729004e-01
-5.742124095559120178e-02
6.698063015937805176e-01
4.341044723987579346e-01
-3.403934463858604431e-02
6.566235423088073730e-01
3.841510415077209473e-01
-4.748387262225151062e-02
6.441524028778076172e-01
3.514692485332489014e-01
-5.440320074558258057e-02
6.313419342041015625e-01
3.242769241333007812e-01
-5.889082700014114380e-02
