7.003710865974426270e-01
5.244078040122985840e-01
2.011668271961752907e-07
6.573411226272583008e-01
5.413679480552673340e-01
-9.622699581086635590e-03
6.155352592468261719e-01
5.253069400787353516e-01
-1.525736786425113678e-02
5.899536609649658203e-01
4.940505325794219971e-01
-2.135373279452323914e-02
5.724191069602966309e-01
4.734680652618408203e-01
-2.767691016197204590e-02
5.818592309951782227e-01
4.608269631862640381e-01
-7.817607372999191284e-03
5.423943996429443359e-01
4.245153367519378662e-01
-1.968335360288619995e-02
5.185394883155822754e-01
4.047084748744964600e-01
-3.002796322107315063e-02
4.971644282341003418e-01
3.865324556827545166e-01
-3.796397149562835693e-02
5.956501364707946777e-01
4.317858219146728516e-01
-1.426949724555015564e-02
5.505982637405395508e-01
3.916430771350860596e-01
-2.588642761111259460e-02
5.205373167991638184e-01
3.690907359123229980e-01
-3.718416020274162292e-02
4.934831559658050537e-01
3.502626419067382812e-01
-4.529732093214988708e-02
6.178226470947265625e-01
4.106464385986328125e-01
-2.251638844609260559e-02
5.794675350189208984e-01
3.592793345451354980e-01
-3.552792966365814209e-02
5.550119280815124512e-01
3.300287425518035889e-01
-4.471808671951293945e-02
5.324773192405700684e-01
3.057750463485717773e-01
-5.101384967565536499e-02
6.459033489227294922e-01
3.976441323757171631e-01
-3.168922662734985352e-02
6.209753751754760742e-01
3.526632487773895264e-01
-4.340966045856475830e-02
6.034732460975646973e-01
3.230454027652740479e-01
-4.804973676800727844e-02
5.863910317420959473e-01
2.973592281341552734e-01
-5.099835991859436035e-02
