6.959868073463439941e-01
5.737974047660827637e-01
1.271794332069475786e-07
6.511127948760986328e-01
5.650342106819152832e-01
-1.477018697187304497e-03
6.183733940124511719e-01
5.232234597206115723e-01
-4.298360552638769150e-03
6.019763946533203125e-01
4.854423999786376953e-01
-8.802155032753944397e-03
5.888736844062805176e-01
4.577688574790954590e-01
-1.398177538067102432e-02
5.936865806579589844e-01
4.832441806793212891e-01
-5.907331593334674835e-03
5.566101670265197754e-01
4.476556777954101562e-01
-2.001100964844226837e-02
5.248886942863464355e-01
4.338664412498474121e-01
-3.164781630039215088e-02
4.974086284637451172e-01
4.263751208782196045e-01
-3.987750411033630371e-02
6.032155156135559082e-01
4.771387577056884766e-01
-1.577321439981460571e-02
5.635743737220764160e-01
4.370286762714385986e-01
-2.891897782683372498e-02
5.283926725387573242e-01
4.181782603263854980e-01
-4.103592410683631897e-02
4.968874156475067139e-01
4.064682424068450928e-01
-4.945484921336174011e-02
6.204186081886291504e-01
4.777056872844696045e-01
-2.633330598473548889e-02
5.847854614257812500e-01
4.311396479606628418e-01
-4.002800211310386658e-02
5.548688173294067383e-01
4.077110886573791504e-01
-5.048562213778495789e-02
5.276472568511962891e-01
3.921196758747100830e-01
-5.773662403225898743e-02
6.430955529212951660e-01
4.853866696357727051e-01
-3.701828792691230774e-02
6.271954774856567383e-01
4.451154470443725586e-01
-4.990023002028465271e-02
6.100518703460693359e-01
4.200469851493835449e-01
-5.608856678009033203e-02
5.933346748352050781e-01
4.003146588802337646e-01
-6.017945706844329834e-02
