7.733796238899230957e-01
5.280332565307617188e-01
2.381033965548340348e-07
7.286456227302551270e-01
5.184226632118225098e-01
-9.277990087866783142e-03
6.981784105300903320e-01
4.821068942546844482e-01
-1.584243960678577423e-02
6.854875683784484863e-01
4.456835091114044189e-01
-2.306067757308483124e-02
6.731027364730834961e-01
4.161753654479980469e-01
-3.049236163496971130e-02
6.912665367126464844e-01
4.026825726032257080e-01
-9.082718752324581146e-03
6.652781367301940918e-01
3.479650616645812988e-01
-2.287861332297325134e-02
6.466726064682006836e-01
3.151272237300872803e-01
-3.426698222756385803e-02
6.308494806289672852e-01
2.879325151443481445e-01
-4.247765243053436279e-02
7.099072337150573730e-01
3.893991112709045410e-01
-1.619234681129455566e-02
6.798648834228515625e-01
3.289814889430999756e-01
-2.960258536040782928e-02
6.556961536407470703e-01
2.917342185974121094e-01
-4.227674007415771484e-02
6.337844729423522949e-01
2.622893452644348145e-01
-5.118509754538536072e-02
7.327282428741455078e-01
3.882397711277008057e-01
-2.513632364571094513e-02
7.123124003410339355e-01
3.218717575073242188e-01
-4.103146493434906006e-02
6.948110461235046387e-01
2.831846475601196289e-01
-5.334656313061714172e-02
6.769175529479980469e-01
2.524126172065734863e-01
-6.145379692316055298e-02
7.578963041305541992e-01
3.996265232563018799e-01
-3.471149876713752747e-02
7.574345469474792480e-01
3.472857475280761719e-01
-5.025893449783325195e-02
7.534732222557067871e-01
3.114248812198638916e-01
-5.838484689593315125e-02
7.467863559722900391e-01
2.804847955703735352e-01
-6.341533362865447998e-02
