2.058313786983489990e-01
5.054411888122558594e-01
2.170481678831492900e-07
2.504520416259765625e-01
5.275753140449523926e-01
-8.947070688009262085e-03
2.951204478740692139e-01
5.172272324562072754e-01
-1.108086667954921722e-02
3.243025839328765869e-01
5.066518783569335938e-01
-1.437721587717533112e-02
3.460273742675781250e-01
4.891204833984375000e-01
-1.798881217837333679e-02
3.202436268329620361e-01
4.344032704830169678e-01
-8.919324027374386787e-04
3.600374460220336914e-01
4.014493823051452637e-01
-1.285970117896795273e-02
3.853734731674194336e-01
3.793627619743347168e-01
-2.431026659905910492e-02
4.069155454635620117e-01
3.586767017841339111e-01
-3.254356980323791504e-02
3.107934594154357910e-01
4.145964980125427246e-01
-5.955459084361791611e-03
3.535394668579101562e-01
3.794066607952117920e-01
-1.559334807097911835e-02
3.815052509307861328e-01
3.565226793289184570e-01
-2.620450966060161591e-02
4.065764546394348145e-01
3.357520699501037598e-01
-3.419150412082672119e-02
2.947322428226470947e-01
4.013479351997375488e-01
-1.343090459704399109e-02
3.335125148296356201e-01
3.657565712928771973e-01
-2.262924052774906158e-02
3.598814606666564941e-01
3.445059359073638916e-01
-3.001097217202186584e-02
3.836075961589813232e-01
3.249607682228088379e-01
-3.542719036340713501e-02
2.712777256965637207e-01
3.932279944419860840e-01
-2.241447009146213531e-02
2.968831956386566162e-01
3.614228665828704834e-01
-3.076944500207901001e-02
3.158603608608245850e-01
3.410528004169464111e-01
-3.409566357731819153e-02
3.335193395614624023e-01
3.232653737068176270e-01
-3.630445897579193115e-02
