6.998503804206848145e-01
5.261582136154174805e-01
1.933414921495568706e-07
6.560873985290527344e-01
5.426722168922424316e-01
-9.041954763233661652e-03
6.150239109992980957e-01
5.259394645690917969e-01
-1.455326098948717117e-02
5.908315181732177734e-01
4.940138459205627441e-01
-2.074263244867324829e-02
5.765634775161743164e-01
4.723807275295257568e-01
-2.729049883782863617e-02
5.841010808944702148e-01
4.604507982730865479e-01
-6.999321281909942627e-03
5.459912419319152832e-01
4.241318702697753906e-01
-1.890348270535469055e-02
5.224061608314514160e-01
4.039440453052520752e-01
-2.944499067962169647e-02
5.013879537582397461e-01
3.856613039970397949e-01
-3.749369084835052490e-02
5.981782078742980957e-01
4.312947690486907959e-01
-1.377673633396625519e-02
5.541800260543823242e-01
3.906283974647521973e-01
-2.542350813746452332e-02
5.238197445869445801e-01
3.676329851150512695e-01
-3.699569404125213623e-02
4.964621365070343018e-01
3.485331535339355469e-01
-4.529172927141189575e-02
6.205113530158996582e-01
4.099188446998596191e-01
-2.228884957730770111e-02
5.827882289886474609e-01
3.581016659736633301e-01
-3.525794297456741333e-02
5.582438111305236816e-01
3.289279341697692871e-01
-4.468148946762084961e-02
5.358056426048278809e-01
3.050788044929504395e-01
-5.105668678879737854e-02
6.487354636192321777e-01
3.967180550098419189e-01
-3.167463466525077820e-02
6.243438124656677246e-01
3.510295748710632324e-01
-4.328128695487976074e-02
6.068831086158752441e-01
3.211473822593688965e-01
-4.788122698664665222e-02
5.900924205780029297e-01
2.954944968223571777e-01
-5.075667053461074829e-02
