7.226526141166687012e-01
5.630683898925781250e-01
4.195951319729829265e-08
6.728442907333374023e-01
5.779535174369812012e-01
5.770056974142789841e-03
6.357109546661376953e-01
5.508154034614562988e-01
6.700771860778331757e-03
6.101946830749511719e-01
5.295891165733337402e-01
4.514123778790235519e-03
5.867601037025451660e-01
5.176475048065185547e-01
1.499035977758467197e-03
6.171323060989379883e-01
4.862266182899475098e-01
7.069373968988656998e-03
5.654045939445495605e-01
4.819472730159759521e-01
-2.704598475247621536e-03
5.270041227340698242e-01
4.781002104282379150e-01
-1.172944065183401108e-02
4.952904284000396729e-01
4.707284867763519287e-01
-1.888229325413703918e-02
6.192361712455749512e-01
4.803596735000610352e-01
-4.505092743784189224e-03
5.566453337669372559e-01
4.766077697277069092e-01
-1.548290252685546875e-02
5.151693820953369141e-01
4.691966474056243896e-01
-2.516158483922481537e-02
4.797840118408203125e-01
4.587591588497161865e-01
-3.242904692888259888e-02
6.221637129783630371e-01
4.863561391830444336e-01
-1.684378460049629211e-02
5.609714984893798828e-01
4.767547249794006348e-01
-2.925187349319458008e-02
5.216243267059326172e-01
4.684464633464813232e-01
-3.709667548537254333e-02
4.886557757854461670e-01
4.574095606803894043e-01
-4.227452352643013000e-02
6.236459016799926758e-01
5.022053122520446777e-01
-2.894273027777671814e-02
5.804432034492492676e-01
4.877701997756958008e-01
-4.046137630939483643e-02
5.522065758705139160e-01
4.768067300319671631e-01
-4.600628465414047241e-02
5.267198681831359863e-01
4.637202620506286621e-01
-4.979108646512031555e-02
