7.467131018638610840e-01
5.508601665496826172e-01
2.322707928215095308e-07
7.016224861145019531e-01
5.433530807495117188e-01
-5.860120989382266998e-03
6.697721481323242188e-01
5.054208040237426758e-01
-9.134958498179912567e-03
6.554457545280456543e-01
4.699302315711975098e-01
-1.360931247472763062e-02
6.406589746475219727e-01
4.489024579524993896e-01
-1.875749230384826660e-02
6.534810662269592285e-01
4.355183243751525879e-01
-5.932893604040145874e-03
6.235791444778442383e-01
3.835409879684448242e-01
-1.802476309239864349e-02
6.020100712776184082e-01
3.531963527202606201e-01
-2.817423269152641296e-02
5.824050903320312500e-01
3.283106982707977295e-01
-3.580175712704658508e-02
6.708996891975402832e-01
4.218003749847412109e-01
-1.403331011533737183e-02
6.365219354629516602e-01
3.658225238323211670e-01
-2.678095735609531403e-02
6.090596318244934082e-01
3.326686620712280273e-01
-3.900655359029769897e-02
5.830544233322143555e-01
3.070403933525085449e-01
-4.753047972917556763e-02
6.930989027023315430e-01
4.202014803886413574e-01
-2.350847236812114716e-02
6.682221293449401855e-01
3.587844669818878174e-01
-3.853145241737365723e-02
6.464223861694335938e-01
3.245599269866943359e-01
-5.019293725490570068e-02
6.237829327583312988e-01
2.977035343647003174e-01
-5.781462788581848145e-02
7.182554006576538086e-01
4.304813444614410400e-01
-3.336461260914802551e-02
7.126564383506774902e-01
3.802285790443420410e-01
-4.748711735010147095e-02
7.038833498954772949e-01
3.467122018337249756e-01
-5.467791110277175903e-02
6.934498548507690430e-01
3.182764947414398193e-01
-5.923906713724136353e-02
