7.713320851325988770e-01
5.265960693359375000e-01
2.111852666075719753e-07
7.272865772247314453e-01
5.170879960060119629e-01
-8.848909288644790649e-03
6.972095370292663574e-01
4.797101616859436035e-01
-1.472168974578380585e-02
6.856230497360229492e-01
4.433768093585968018e-01
-2.115244045853614807e-02
6.727002859115600586e-01
4.153826236724853516e-01
-2.774998359382152557e-02
6.910012364387512207e-01
3.972635269165039062e-01
-8.676297031342983246e-03
6.661520004272460938e-01
3.421633243560791016e-01
-2.145589143037796021e-02
6.473680734634399414e-01
3.080987036228179932e-01
-3.250269591808319092e-02
6.307111978530883789e-01
2.801619768142700195e-01
-4.079286009073257446e-02
7.096310853958129883e-01
3.853379786014556885e-01
-1.565738394856452942e-02
6.811252832412719727e-01
3.259685635566711426e-01
-2.837695367634296417e-02
6.573212742805480957e-01
2.890206873416900635e-01
-4.046635329723358154e-02
6.351936459541320801e-01
2.603196203708648682e-01
-4.915084689855575562e-02
7.322302460670471191e-01
3.853818476200103760e-01
-2.436304651200771332e-02
7.133922576904296875e-01
3.215287327766418457e-01
-3.892774879932403564e-02
6.957283020019531250e-01
2.831386327743530273e-01
-5.014471337199211121e-02
6.773666739463806152e-01
2.526895105838775635e-01
-5.774100497364997864e-02
7.574189305305480957e-01
3.973315954208374023e-01
-3.379471972584724426e-02
7.573459148406982422e-01
3.455890119075775146e-01
-4.771105200052261353e-02
7.522525787353515625e-01
3.101201951503753662e-01
-5.501394718885421753e-02
7.446081042289733887e-01
2.795751094818115234e-01
-5.969492346048355103e-02
