8.080010414123535156e-01
5.204229950904846191e-01
2.215788441617405624e-07
7.678415179252624512e-01
5.055106878280639648e-01
-9.781785309314727783e-03
7.420831322669982910e-01
4.610053300857543945e-01
-1.552554685622453690e-02
7.328385114669799805e-01
4.220967590808868408e-01
-2.177008055150508881e-02
7.218807935714721680e-01
3.938265442848205566e-01
-2.857052348554134369e-02
7.455945611000061035e-01
3.772507309913635254e-01
-9.741514921188354492e-03
7.257702350616455078e-01
3.179678320884704590e-01
-2.259532362222671509e-02
7.104527354240417480e-01
2.804410457611083984e-01
-3.365928679704666138e-02
6.980156898498535156e-01
2.482549101114273071e-01
-4.200565069913864136e-02
7.642841935157775879e-01
3.679058253765106201e-01
-1.642879284918308258e-02
7.421153783798217773e-01
3.029975295066833496e-01
-2.900209836661815643e-02
7.222451567649841309e-01
2.627861201763153076e-01
-4.127620533108711243e-02
7.041842937469482422e-01
2.295680940151214600e-01
-5.018988624215126038e-02
7.864750027656555176e-01
3.710268437862396240e-01
-2.474256791174411774e-02
7.739825844764709473e-01
2.994989156723022461e-01
-4.007293656468391418e-02
7.608519196510314941e-01
2.582924664020538330e-01
-5.147221311926841736e-02
7.464685440063476562e-01
2.240045815706253052e-01
-5.916784703731536865e-02
8.099844455718994141e-01
3.874847590923309326e-01
-3.380876779556274414e-02
8.148977160453796387e-01
3.312526345252990723e-01
-4.931392148137092590e-02
8.157244324684143066e-01
2.929810285568237305e-01
-5.695269629359245300e-02
8.132942914962768555e-01
2.587887048721313477e-01
-6.176682561635971069e-02
