7.263233661651611328e-01
5.316563844680786133e-01
2.216986842995538609e-07
6.854321360588073730e-01
5.294015407562255859e-01
-2.428026171401143074e-03
6.543921232223510742e-01
4.930962026119232178e-01
-6.007781717926263809e-03
6.388527154922485352e-01
4.635344445705413818e-01
-1.131508219987154007e-02
6.265407204627990723e-01
4.444341361522674561e-01
-1.773141324520111084e-02
6.340384483337402344e-01
4.282000064849853516e-01
-7.484965026378631592e-03
6.037757396697998047e-01
3.807052671909332275e-01
-1.989649236202239990e-02
5.788018107414245605e-01
3.555602133274078369e-01
-3.015605174005031586e-02
5.571485757827758789e-01
3.356467485427856445e-01
-3.788080066442489624e-02
6.465282440185546875e-01
4.177029132843017578e-01
-1.741085201501846313e-02
6.108970642089843750e-01
3.664849400520324707e-01
-3.067290410399436951e-02
5.802002549171447754e-01
3.379541933536529541e-01
-4.254783317446708679e-02
5.526548624038696289e-01
3.172752261161804199e-01
-5.083522573113441467e-02
6.657888889312744141e-01
4.171539247035980225e-01
-2.811333723366260529e-02
6.370540261268615723e-01
3.562483489513397217e-01
-4.315575212240219116e-02
6.121851801872253418e-01
3.228551745414733887e-01
-5.517899617552757263e-02
5.878059864044189453e-01
2.982823252677917480e-01
-6.337990611791610718e-02
6.889532208442687988e-01
4.273774623870849609e-01
-3.876857832074165344e-02
6.799281239509582520e-01
3.751848340034484863e-01
-5.363954231142997742e-02
6.676318049430847168e-01
3.405485749244689941e-01
-6.165991351008415222e-02
6.540737748146057129e-01
3.117156028747558594e-01
-6.706788390874862671e-02
