7.141017913818359375e-01
5.411639809608459473e-01
1.915021385912041296e-07
6.735756993293762207e-01
5.357648730278015137e-01
-1.874558976851403713e-03
6.416575312614440918e-01
4.964696168899536133e-01
-4.669390153139829636e-03
6.261816024780273438e-01
4.599313735961914062e-01
-9.379883296787738800e-03
6.147506833076477051e-01
4.332306385040283203e-01
-1.498172432184219360e-02
6.199289560317993164e-01
4.426841139793395996e-01
-4.987775348126888275e-03
5.874913334846496582e-01
4.003882110118865967e-01
-1.693571917712688446e-02
5.618885159492492676e-01
3.782649934291839600e-01
-2.717803604900836945e-02
5.395956039428710938e-01
3.613728582859039307e-01
-3.493750467896461487e-02
6.298151612281799316e-01
4.322001039981842041e-01
-1.496366411447525024e-02
5.922183990478515625e-01
3.839547038078308105e-01
-2.727258391678333282e-02
5.606734752655029297e-01
3.573635518550872803e-01
-3.926912695169448853e-02
5.323191285133361816e-01
3.379493057727813721e-01
-4.762743040919303894e-02
6.476674675941467285e-01
4.309033453464508057e-01
-2.573060430586338043e-02
6.148483753204345703e-01
3.734256029129028320e-01
-3.960475325584411621e-02
5.886499285697937012e-01
3.428734242916107178e-01
-5.138169974088668823e-02
5.641738772392272949e-01
3.201986551284790039e-01
-5.946606397628784180e-02
6.710355281829833984e-01
4.392272531986236572e-01
-3.652443364262580872e-02
6.586413383483886719e-01
3.919755220413208008e-01
-5.015199631452560425e-02
6.440864801406860352e-01
3.600679934024810791e-01
-5.756988748908042908e-02
6.295892596244812012e-01
3.328762650489807129e-01
-6.257807463407516479e-02
