7.587677240371704102e-01
5.418121814727783203e-01
2.661453777363931295e-07
7.104642391204833984e-01
5.417254567146301270e-01
-9.502547793090343475e-03
6.695130467414855957e-01
5.108410120010375977e-01
-1.470133010298013687e-02
6.461753249168395996e-01
4.786807894706726074e-01
-2.061487175524234772e-02
6.226077675819396973e-01
4.628261327743530273e-01
-2.748640254139900208e-02
6.581712365150451660e-01
4.295273423194885254e-01
-8.910762146115303040e-03
6.284169554710388184e-01
3.757438659667968750e-01
-2.262129262089729309e-02
6.085962653160095215e-01
3.424757122993469238e-01
-3.488179296255111694e-02
5.909004211425781250e-01
3.130832314491271973e-01
-4.412637278437614441e-02
6.793748140335083008e-01
4.083760678768157959e-01
-1.669990085065364838e-02
6.464288830757141113e-01
3.459881246089935303e-01
-2.988293580710887909e-02
6.203579902648925781e-01
3.088345825672149658e-01
-4.339630901813507080e-02
5.960017442703247070e-01
2.778218388557434082e-01
-5.345810949802398682e-02
7.058598399162292480e-01
3.999669253826141357e-01
-2.629811502993106842e-02
6.828247904777526855e-01
3.283775150775909424e-01
-4.236721247434616089e-02
6.650165915489196777e-01
2.879963219165802002e-01
-5.500506982207298279e-02
6.473165750503540039e-01
2.550176084041595459e-01
-6.367426365613937378e-02
7.361406087875366211e-01
4.045360386371612549e-01
-3.658818081021308899e-02
7.323364019393920898e-01
3.456621170043945312e-01
-5.272525548934936523e-02
7.289432287216186523e-01
3.055773079395294189e-01
-6.060234084725379944e-02
7.238884568214416504e-01
2.706030607223510742e-01
-6.564553081989288330e-02
