6.985418796539306641e-01
5.887072682380676270e-01
1.338008814855129458e-07
6.539927721023559570e-01
5.826127529144287109e-01
-3.572361310943961143e-03
6.210983395576477051e-01
5.483772158622741699e-01
-8.450610563158988953e-03
6.028945446014404297e-01
5.167527198791503906e-01
-1.494837831705808640e-02
5.878140926361083984e-01
4.934789538383483887e-01
-2.214539609849452972e-02
5.954556465148925781e-01
4.916484355926513672e-01
-8.793965913355350494e-03
5.575500726699829102e-01
4.511299729347229004e-01
-2.498363330960273743e-02
5.263962149620056152e-01
4.388484954833984375e-01
-3.790176287293434143e-02
4.977834820747375488e-01
4.348992109298706055e-01
-4.671918973326683044e-02
6.058073043823242188e-01
4.835059940814971924e-01
-1.896249875426292419e-02
5.647189617156982422e-01
4.379567205905914307e-01
-3.425830230116844177e-02
5.302693247795104980e-01
4.201224744319915771e-01
-4.669456556439399719e-02
4.985486268997192383e-01
4.113533496856689453e-01
-5.482321977615356445e-02
6.246110796928405762e-01
4.844502806663513184e-01
-3.019877709448337555e-02
5.897861123085021973e-01
4.329824149608612061e-01
-4.560688510537147522e-02
5.620855093002319336e-01
4.072825312614440918e-01
-5.566259101033210754e-02
5.351377129554748535e-01
3.897234797477722168e-01
-6.225594133138656616e-02
6.493257284164428711e-01
4.939078092575073242e-01
-4.172741621732711792e-02
6.336065530776977539e-01
4.505169689655303955e-01
-5.568809062242507935e-02
6.173579096794128418e-01
4.230568110942840576e-01
-6.141383945941925049e-02
6.006426811218261719e-01
4.007421135902404785e-01
-6.489058583974838257e-02
