6.994333267211914062e-01
5.260365605354309082e-01
2.011922788369702175e-07
6.559485197067260742e-01
5.428220629692077637e-01
-9.278482757508754730e-03
6.148425936698913574e-01
5.260426998138427734e-01
-1.488763932138681412e-02
5.905138850212097168e-01
4.938786327838897705e-01
-2.103159390389919281e-02
5.762815475463867188e-01
4.720827043056488037e-01
-2.754648588597774506e-02
5.837453007698059082e-01
4.601499140262603760e-01
-7.534831296652555466e-03
5.456357598304748535e-01
4.239471256732940674e-01
-1.923373341560363770e-02
5.222575664520263672e-01
4.040212333202362061e-01
-2.959641441702842712e-02
5.013710260391235352e-01
3.859039545059204102e-01
-3.754111751914024353e-02
5.979936122894287109e-01
4.307785630226135254e-01
-1.410631183534860611e-02
5.541054606437683105e-01
3.896782100200653076e-01
-2.547941356897354126e-02
5.239245891571044922e-01
3.669728934764862061e-01
-3.697945550084114075e-02
4.968410134315490723e-01
3.483259677886962891e-01
-4.528371617197990417e-02
6.204447150230407715e-01
4.095062911510467529e-01
-2.237046882510185242e-02
5.829805731773376465e-01
3.576446771621704102e-01
-3.505912423133850098e-02
5.581641793251037598e-01
3.287568986415863037e-01
-4.468624666333198547e-02
5.354349613189697266e-01
3.050727248191833496e-01
-5.132897198200225830e-02
6.486563682556152344e-01
3.967633545398712158e-01
-3.149587288498878479e-02
6.242753863334655762e-01
3.510910570621490479e-01
-4.302963614463806152e-02
6.068818569183349609e-01
3.213841915130615234e-01
-4.780692607164382935e-02
5.901015996932983398e-01
2.957911491394042969e-01
-5.087289214134216309e-02
