6.935349702835083008e-01
5.625619888305664062e-01
1.814059942262247205e-07
6.496751904487609863e-01
5.587669610977172852e-01
-1.744986628182232380e-03
6.168138384819030762e-01
5.251999497413635254e-01
-5.175126250833272934e-03
5.988107919692993164e-01
4.955326914787292480e-01
-1.080639380961656570e-02
5.829129815101623535e-01
4.736695885658264160e-01
-1.727736741304397583e-02
5.919152498245239258e-01
4.743013083934783936e-01
-3.431735327467322350e-03
5.552490353584289551e-01
4.356382489204406738e-01
-1.641419157385826111e-02
5.264881253242492676e-01
4.197702407836914062e-01
-2.732662670314311981e-02
5.014041662216186523e-01
4.091649949550628662e-01
-3.520131111145019531e-02
5.998046398162841797e-01
4.652961790561676025e-01
-1.359226182103157043e-02
5.571907758712768555e-01
4.216321110725402832e-01
-2.643296867609024048e-02
5.243015885353088379e-01
3.994539380073547363e-01
-3.812973573803901672e-02
4.952312111854553223e-01
3.837060332298278809e-01
-4.612509533762931824e-02
6.164717674255371094e-01
4.633796811103820801e-01
-2.480391971766948700e-02
5.775206089019775391e-01
4.104506373405456543e-01
-3.909262269735336304e-02
5.492545366287231445e-01
3.828703165054321289e-01
-4.960516095161437988e-02
5.230443477630615234e-01
3.628879189491271973e-01
-5.659496784210205078e-02
6.394010186195373535e-01
4.689789116382598877e-01
-3.611925244331359863e-02
6.209888458251953125e-01
4.244608283042907715e-01
-4.952572286128997803e-02
6.036902070045471191e-01
3.959001004695892334e-01
-5.569910258054733276e-02
5.865519046783447266e-01
3.721832036972045898e-01
-5.965650826692581177e-02
