7.639381289482116699e-01
5.167856216430664062e-01
2.389529925039823866e-07
7.232532501220703125e-01
5.084351897239685059e-01
-7.842192426323890686e-03
6.935907602310180664e-01
4.708593487739562988e-01
-1.382341329008340836e-02
6.811428070068359375e-01
4.359049797058105469e-01
-2.046623639762401581e-02
6.694529652595520020e-01
4.120933413505554199e-01
-2.790965512394905090e-02
6.824235916137695312e-01
4.019552469253540039e-01
-1.084599643945693970e-02
6.583199501037597656e-01
3.505671024322509766e-01
-2.450378797948360443e-02
6.394343376159667969e-01
3.191463649272918701e-01
-3.589437529444694519e-02
6.239419579505920410e-01
2.922198176383972168e-01
-4.435991123318672180e-02
7.000249028205871582e-01
3.886167109012603760e-01
-1.847190596163272858e-02
6.722774505615234375e-01
3.316020369529724121e-01
-3.281341120600700378e-02
6.486552953720092773e-01
2.953346073627471924e-01
-4.590807482600212097e-02
6.270909309387207031e-01
2.656800746917724609e-01
-5.504789575934410095e-02
7.226974964141845703e-01
3.867529332637786865e-01
-2.740524336695671082e-02
7.019506692886352539e-01
3.228126764297485352e-01
-4.332290589809417725e-02
6.830977201461791992e-01
2.841921448707580566e-01
-5.520097911357879639e-02
6.641366481781005859e-01
2.524802982807159424e-01
-6.308905035257339478e-02
7.486203908920288086e-01
3.969202339649200439e-01
-3.676922619342803955e-02
7.443722486495971680e-01
3.435463905334472656e-01
-5.207215622067451477e-02
7.370784282684326172e-01
3.070238530635833740e-01
-5.959016829729080200e-02
7.280098199844360352e-01
2.754006385803222656e-01
-6.436921656131744385e-02
