8.413365483283996582e-01
5.044324994087219238e-01
8.187362965372813051e-08
7.998913526535034180e-01
4.920606613159179688e-01
-2.415036223828792572e-02
7.716748118400573730e-01
4.534065723419189453e-01
-3.894071280956268311e-02
7.654948234558105469e-01
4.152597188949584961e-01
-5.238649249076843262e-02
7.575209140777587891e-01
3.858835995197296143e-01
-6.571019440889358521e-02
7.762821912765502930e-01
3.709189891815185547e-01
-2.477047219872474670e-02
7.569416165351867676e-01
3.173471093177795410e-01
-4.471910744905471802e-02
7.450347542762756348e-01
2.801238000392913818e-01
-6.033842265605926514e-02
7.349889278411865234e-01
2.509846687316894531e-01
-7.137663662433624268e-02
8.007626533508300781e-01
3.546029031276702881e-01
-2.587270922958850861e-02
7.844883203506469727e-01
2.921513020992279053e-01
-4.445742443203926086e-02
7.699373960494995117e-01
2.514755129814147949e-01
-5.758209899067878723e-02
7.559936046600341797e-01
2.218542993068695068e-01
-6.709774583578109741e-02
8.264923691749572754e-01
3.533560037612915039e-01
-3.048907965421676636e-02
8.229544758796691895e-01
2.876836061477661133e-01
-4.825987294316291809e-02
8.153410553932189941e-01
2.478252351284027100e-01
-5.952937155961990356e-02
8.064057826995849609e-01
2.170585393905639648e-01
-6.692398339509963989e-02
8.531302213668823242e-01
3.642319738864898682e-01
-3.736244887113571167e-02
8.621461391448974609e-01
3.131299912929534912e-01
-5.279150605201721191e-02
8.642479181289672852e-01
2.755018472671508789e-01
-6.142594292759895325e-02
8.628368377685546875e-01
2.421576380729675293e-01
-6.745751947164535522e-02
