6.979122161865234375e-01
5.599261522293090820e-01
2.164070309618182364e-07
6.532750725746154785e-01
5.619613528251647949e-01
-5.005901213735342026e-03
6.192015409469604492e-01
5.379129648208618164e-01
-1.033330801874399185e-02
6.015124917030334473e-01
5.137995481491088867e-01
-1.731423288583755493e-02
5.885750651359558105e-01
4.984876215457916260e-01
-2.496843039989471436e-02
5.875860452651977539e-01
4.787710905075073242e-01
-5.105009768158197403e-03
5.504438877105712891e-01
4.409507811069488525e-01
-1.787182688713073730e-02
5.242688655853271484e-01
4.208722710609436035e-01
-2.890842221677303314e-02
5.017433166503906250e-01
4.041592478752136230e-01
-3.708366677165031433e-02
5.987246632575988770e-01
4.638828039169311523e-01
-1.393011119216680527e-02
5.567820072174072266e-01
4.213463962078094482e-01
-2.689488790929317474e-02
5.263228416442871094e-01
3.964323997497558594e-01
-3.882046788930892944e-02
4.993498325347900391e-01
3.774368166923522949e-01
-4.721557721495628357e-02
6.175398826599121094e-01
4.565564692020416260e-01
-2.420660480856895447e-02
5.807243585586547852e-01
4.043110609054565430e-01
-3.852758184075355530e-02
5.535895228385925293e-01
3.751325011253356934e-01
-4.930127039551734924e-02
5.283654332160949707e-01
3.530080914497375488e-01
-5.644500628113746643e-02
6.423307061195373535e-01
4.568333625793457031e-01
-3.490792587399482727e-02
6.237429380416870117e-01
4.097008705139160156e-01
-4.811341315507888794e-02
6.068102717399597168e-01
3.793024420738220215e-01
-5.447309836745262146e-02
5.901196002960205078e-01
3.543929457664489746e-01
-5.862549319863319397e-02
