3.018415570259094238e-01
3.707768321037292480e-01
3.483875445908779511e-07
3.242115378379821777e-01
3.783143162727355957e-01
-3.984691947698593140e-02
3.531229794025421143e-01
3.479222059249877930e-01
-5.333320423960685730e-02
3.647819161415100098e-01
2.787871658802032471e-01
-6.075466051697731018e-02
3.699199557304382324e-01
2.209412604570388794e-01
-6.723495572805404663e-02
4.174529016017913818e-01
3.498978018760681152e-01
-2.162317000329494476e-02
4.564611911773681641e-01
3.183860778808593750e-01
-3.135767951607704163e-02
4.803568422794342041e-01
2.968476712703704834e-01
-4.272478818893432617e-02
5.021513104438781738e-01
2.770447134971618652e-01
-5.226549878716468811e-02
4.132260084152221680e-01
3.088622093200683594e-01
-1.076049078255891800e-02
4.581643044948577881e-01
2.726962566375732422e-01
-1.989370398223400116e-02
4.863453507423400879e-01
2.497729361057281494e-01
-3.304664418101310730e-02
5.124028921127319336e-01
2.325590848922729492e-01
-4.302003607153892517e-02
3.999274075031280518e-01
2.746710777282714844e-01
-4.479005932807922363e-03
4.391455948352813721e-01
2.401101589202880859e-01
-1.867367140948772430e-02
4.634737968444824219e-01
2.230595499277114868e-01
-3.531776741147041321e-02
4.852735102176666260e-01
2.139764726161956787e-01
-4.643147811293601990e-02
3.817189633846282959e-01
2.451635003089904785e-01
-1.515876734629273415e-03
4.009642302989959717e-01
2.114925980567932129e-01
-1.831728778779506683e-02
4.006814956665039062e-01
2.112785279750823975e-01
-2.826584689319133759e-02
3.979600369930267334e-01
2.191371619701385498e-01
-3.432122617959976196e-02
