1.810557395219802856e-01
4.373832643032073975e-01
2.856771459391893586e-07
2.244098037481307983e-01
4.504536390304565430e-01
-1.237326767295598984e-02
2.660848200321197510e-01
4.400293231010437012e-01
-1.722219958901405334e-02
2.914155423641204834e-01
4.203224182128906250e-01
-2.182302251458168030e-02
3.078926205635070801e-01
3.962867259979248047e-01
-2.646646834909915924e-02
2.825748324394226074e-01
3.464269936084747314e-01
-8.855452761054039001e-03
3.198855817317962646e-01
3.040261566638946533e-01
-2.023165486752986908e-02
3.406668007373809814e-01
2.781472802162170410e-01
-2.993370965123176575e-02
3.575010895729064941e-01
2.558255791664123535e-01
-3.614259511232376099e-02
2.675508558750152588e-01
3.221715390682220459e-01
-1.129076723009347916e-02
3.069025874137878418e-01
2.730166912078857422e-01
-2.028957009315490723e-02
3.313497900962829590e-01
2.426461279392242432e-01
-2.855928614735603333e-02
3.506733179092407227e-01
2.194730639457702637e-01
-3.416859731078147888e-02
2.475458681583404541e-01
3.086056113243103027e-01
-1.581873558461666107e-02
2.828193008899688721e-01
2.580612599849700928e-01
-2.452669478952884674e-02
3.055334985256195068e-01
2.281085997819900513e-01
-3.115497529506683350e-02
3.238542377948760986e-01
2.058023661375045776e-01
-3.527656942605972290e-02
2.210051119327545166e-01
3.036088645458221436e-01
-2.172412164509296417e-02
2.434545755386352539e-01
2.619720101356506348e-01
-2.981735765933990479e-02
2.599468529224395752e-01
2.357850372791290283e-01
-3.275984525680541992e-02
2.743646204471588135e-01
2.150009870529174805e-01
-3.383971750736236572e-02
