7.912424206733703613e-01
5.219693183898925781e-01
2.347540544178627897e-07
7.496824860572814941e-01
5.063089132308959961e-01
-9.819490835070610046e-03
7.248193025588989258e-01
4.647176563739776611e-01
-1.522397343069314957e-02
7.140849828720092773e-01
4.272511303424835205e-01
-2.131254598498344421e-02
7.014983296394348145e-01
4.013758003711700439e-01
-2.764255553483963013e-02
7.241901159286499023e-01
3.845584690570831299e-01
-5.502368323504924774e-03
7.024284601211547852e-01
3.275578916072845459e-01
-1.727399602532386780e-02
6.862625479698181152e-01
2.913276851177215576e-01
-2.803365141153335571e-02
6.729329824447631836e-01
2.611672282218933105e-01
-3.595228865742683411e-02
7.428079247474670410e-01
3.726266324520111084e-01
-1.128862332552671432e-02
7.177928686141967773e-01
3.098345994949340820e-01
-2.247630804777145386e-02
6.964287161827087402e-01
2.702899575233459473e-01
-3.398357331752777100e-02
6.774314045906066895e-01
2.398811727762222290e-01
-4.221519455313682556e-02
7.650811076164245605e-01
3.726512491703033447e-01
-1.904082484543323517e-02
7.506895661354064941e-01
3.056705892086029053e-01
-3.201853483915328979e-02
7.361614108085632324e-01
2.666136622428894043e-01
-4.195805639028549194e-02
7.210211753845214844e-01
2.360074520111083984e-01
-4.862040281295776367e-02
7.889517545700073242e-01
3.853206932544708252e-01
-2.780362218618392944e-02
7.921651005744934082e-01
3.330416679382324219e-01
-3.964652493596076965e-02
7.899668812751770020e-01
2.965888381004333496e-01
-4.551536589860916138e-02
7.850903868675231934e-01
2.654747962951660156e-01
-4.930300638079643250e-02
