7.257101535797119141e-01
5.078238844871520996e-01
2.040806919012538856e-07
6.668520569801330566e-01
5.132768750190734863e-01
7.722509559243917465e-03
6.265158653259277344e-01
4.881223440170288086e-01
7.458332926034927368e-03
6.027221083641052246e-01
4.679000377655029297e-01
2.114496193826198578e-03
5.818811058998107910e-01
4.543039798736572266e-01
-4.279780201613903046e-03
5.855721235275268555e-01
4.310510456562042236e-01
9.074857458472251892e-03
5.232459902763366699e-01
3.977529406547546387e-01
-6.485408637672662735e-03
4.784417748451232910e-01
3.787743449211120605e-01
-1.983412541449069977e-02
4.422237873077392578e-01
3.637722730636596680e-01
-2.886845543980598450e-02
5.869961977005004883e-01
4.205206036567687988e-01
-7.278458215296268463e-03
5.147235989570617676e-01
3.868784308433532715e-01
-2.223594859242439270e-02
4.650067985057830811e-01
3.647638857364654541e-01
-3.581550717353820801e-02
4.210200011730194092e-01
3.460997343063354492e-01
-4.485408961772918701e-02
5.942972302436828613e-01
4.114685058593750000e-01
-2.459121495485305786e-02
5.269755721092224121e-01
3.719528913497924805e-01
-3.836684674024581909e-02
4.830794930458068848e-01
3.479724526405334473e-01
-4.813881963491439819e-02
4.440889358520507812e-01
3.296173214912414551e-01
-5.434154719114303589e-02
6.080756783485412598e-01
4.036107063293457031e-01
-4.192872345447540283e-02
5.645651817321777344e-01
3.736339509487152100e-01
-5.182918161153793335e-02
5.362570881843566895e-01
3.528668582439422607e-01
-5.416352674365043640e-02
5.106900930404663086e-01
3.360454440116882324e-01
-5.538923293352127075e-02
