6.879968643188476562e-01
5.872730016708374023e-01
1.887771787778547150e-07
6.448374390602111816e-01
5.838721394538879395e-01
-1.515460200607776642e-03
6.131933927536010742e-01
5.509821772575378418e-01
-5.427562631666660309e-03
5.963573455810546875e-01
5.217776298522949219e-01
-1.157057844102382660e-02
5.801481604576110840e-01
5.010768175125122070e-01
-1.856540329754352570e-02
5.880793333053588867e-01
5.031841397285461426e-01
-5.673624575138092041e-03
5.511505007743835449e-01
4.626525044441223145e-01
-1.947794482111930847e-02
5.222405195236206055e-01
4.445416331291198730e-01
-3.072685562074184418e-02
4.968751072883605957e-01
4.323286712169647217e-01
-3.870281949639320374e-02
5.955102443695068359e-01
4.971745610237121582e-01
-1.581538468599319458e-02
5.535219311714172363e-01
4.542278647422790527e-01
-2.938414365053176880e-02
5.206822156906127930e-01
4.325556457042694092e-01
-4.124170914292335510e-02
4.913571476936340332e-01
4.170233607292175293e-01
-4.922991991043090820e-02
6.114883422851562500e-01
4.960091114044189453e-01
-2.671099640429019928e-02
5.726906061172485352e-01
4.470283687114715576e-01
-4.062477871775627136e-02
5.440319776535034180e-01
4.210791289806365967e-01
-5.044163763523101807e-02
5.174899697303771973e-01
4.018969833850860596e-01
-5.686759203672409058e-02
6.341063976287841797e-01
5.003154873847961426e-01
-3.776602074503898621e-02
6.135950684547424316e-01
4.587399959564208984e-01
-5.022201314568519592e-02
5.949482917785644531e-01
4.330721497535705566e-01
-5.549359321594238281e-02
5.767924785614013672e-01
4.119597971439361572e-01
-5.874319374561309814e-02
