8.014661073684692383e-01
5.189003348350524902e-01
2.254532631695838063e-07
7.607084512710571289e-01
5.037341117858886719e-01
-1.072602067142724991e-02
7.353013753890991211e-01
4.616031646728515625e-01
-1.626347936689853668e-02
7.257758975028991699e-01
4.239109754562377930e-01
-2.222297899425029755e-02
7.129739522933959961e-01
3.987447023391723633e-01
-2.822087705135345459e-02
7.349576950073242188e-01
3.785586953163146973e-01
-6.618943531066179276e-03
7.139445543289184570e-01
3.220212459564208984e-01
-1.804182678461074829e-02
6.982082724571228027e-01
2.857009172439575195e-01
-2.842254005372524261e-02
6.852955818176269531e-01
2.552823424339294434e-01
-3.617390245199203491e-02
7.532497644424438477e-01
3.670213222503662109e-01
-1.192530523985624313e-02
7.296606302261352539e-01
3.052262067794799805e-01
-2.274232171475887299e-02
7.088137865066528320e-01
2.659832835197448730e-01
-3.366760164499282837e-02
6.907058954238891602e-01
2.357214540243148804e-01
-4.144217818975448608e-02
7.752620577812194824e-01
3.680270612239837646e-01
-1.926594227552413940e-02
7.619463205337524414e-01
3.012152016162872314e-01
-3.185548633337020874e-02
7.477824687957763672e-01
2.624597251415252686e-01
-4.183596372604370117e-02
7.337886095046997070e-01
2.316959798336029053e-01
-4.854498058557510376e-02
7.990916371345520020e-01
3.823789060115814209e-01
-2.772071585059165955e-02
8.032609224319458008e-01
3.306033313274383545e-01
-3.987651318311691284e-02
8.019871711730957031e-01
2.945421636104583740e-01
-4.640066996216773987e-02
7.987233400344848633e-01
2.631575465202331543e-01
-5.052617564797401428e-02
