7.438942193984985352e-01
5.271114706993103027e-01
2.319836198694247287e-07
7.031034827232360840e-01
5.247210860252380371e-01
-6.586764939129352570e-03
6.718245744705200195e-01
4.939663410186767578e-01
-1.293279696255922318e-02
6.562274694442749023e-01
4.653645753860473633e-01
-2.011135034263134003e-02
6.401944160461425781e-01
4.484501481056213379e-01
-2.816854044795036316e-02
6.550266742706298828e-01
4.179722666740417480e-01
-1.177271269261837006e-02
6.277343034744262695e-01
3.691248297691345215e-01
-2.549574710428714752e-02
6.052789688110351562e-01
3.428395688533782959e-01
-3.706013783812522888e-02
5.852808952331542969e-01
3.216951489448547363e-01
-4.554421454668045044e-02
6.703904271125793457e-01
4.058620631694793701e-01
-2.013193257153034210e-02
6.383360028266906738e-01
3.504374921321868896e-01
-3.372307494282722473e-02
6.107457876205444336e-01
3.173458874225616455e-01
-4.619058966636657715e-02
5.853254795074462891e-01
2.919942140579223633e-01
-5.514960736036300659e-02
6.908699870109558105e-01
4.047036767005920410e-01
-2.962987497448921204e-02
6.666311621665954590e-01
3.431549072265625000e-01
-4.396804422140121460e-02
6.447779536247253418e-01
3.061100840568542480e-01
-5.573451891541481018e-02
6.228101849555969238e-01
2.773126363754272461e-01
-6.403482705354690552e-02
7.148824930191040039e-01
4.145045280456542969e-01
-3.956177830696105957e-02
7.077636718750000000e-01
3.617535829544067383e-01
-5.315082147717475891e-02
6.974395513534545898e-01
3.265928030014038086e-01
-6.049219146370887756e-02
6.854111552238464355e-01
2.970612943172454834e-01
-6.560779362916946411e-02
