7.034294009208679199e-01
5.567213892936706543e-01
2.249736326120910235e-07
6.597050428390502930e-01
5.515481829643249512e-01
-5.379184149205684662e-03
6.273644566535949707e-01
5.176942348480224609e-01
-1.062504388391971588e-02
6.122248768806457520e-01
4.850861728191375732e-01
-1.737235113978385925e-02
6.002866029739379883e-01
4.621512591838836670e-01
-2.483453601598739624e-02
6.040806770324707031e-01
4.520975947380065918e-01
-8.296511135995388031e-03
5.721873044967651367e-01
4.030286669731140137e-01
-2.235503867268562317e-02
5.482170581817626953e-01
3.772424459457397461e-01
-3.416993468999862671e-02
5.264535546302795410e-01
3.565066754817962646e-01
-4.281420260667800903e-02
6.170955896377563477e-01
4.396159350872039795e-01
-1.725892536342144012e-02
5.798366069793701172e-01
3.877315521240234375e-01
-3.108146786689758301e-02
5.505512952804565430e-01
3.580220043659210205e-01
-4.363860562443733215e-02
5.240151286125183105e-01
3.349640667438507080e-01
-5.242367833852767944e-02
6.369442939758300781e-01
4.375160634517669678e-01
-2.736934646964073181e-02
6.054390668869018555e-01
3.784209787845611572e-01
-4.215834289789199829e-02
5.813414454460144043e-01
3.465397953987121582e-01
-5.251296237111091614e-02
5.581943988800048828e-01
3.221091926097869873e-01
-5.948095023632049561e-02
6.618955135345458984e-01
4.457945525646209717e-01
-3.793177753686904907e-02
6.487589478492736816e-01
3.963403701782226562e-01
-5.182280763983726501e-02
6.352890729904174805e-01
3.633927702903747559e-01
-5.783259123563766479e-02
6.216653585433959961e-01
3.357164561748504639e-01
-6.154384091496467590e-02
