8.074499368667602539e-01
5.150588750839233398e-01
2.107128693751292303e-07
7.670717239379882812e-01
5.009701848030090332e-01
-8.872516453266143799e-03
7.402958869934082031e-01
4.578734040260314941e-01
-1.411864906549453735e-02
7.297353148460388184e-01
4.198341965675354004e-01
-2.003803662955760956e-02
7.172232866287231445e-01
3.923583924770355225e-01
-2.621807716786861420e-02
7.397242188453674316e-01
3.752380311489105225e-01
-7.454697974026203156e-03
7.183237075805664062e-01
3.184338808059692383e-01
-1.912059821188449860e-02
7.026660442352294922e-01
2.828397452831268311e-01
-2.916217595338821411e-02
6.897820234298706055e-01
2.530222535133361816e-01
-3.663386031985282898e-02
7.586007118225097656e-01
3.637014627456665039e-01
-1.374472770839929581e-02
7.354001998901367188e-01
2.993430197238922119e-01
-2.469834871590137482e-02
7.154198884963989258e-01
2.610347867012023926e-01
-3.531762212514877319e-02
6.973405480384826660e-01
2.305800467729568481e-01
-4.294305294752120972e-02
7.812364101409912109e-01
3.647107481956481934e-01
-2.172983810305595398e-02
7.677234411239624023e-01
2.940401434898376465e-01
-3.500778600573539734e-02
7.537184357643127441e-01
2.551960349082946777e-01
-4.506424441933631897e-02
7.387703657150268555e-01
2.234039306640625000e-01
-5.192065238952636719e-02
8.055250644683837891e-01
3.791234195232391357e-01
-3.051893040537834167e-02
8.102240562438964844e-01
3.248916864395141602e-01
-4.383101314306259155e-02
8.093501329421997070e-01
2.874552011489868164e-01
-5.076258629560470581e-02
8.056906461715698242e-01
2.545108795166015625e-01
-5.517706274986267090e-02
