6.694058775901794434e-01
5.685089230537414551e-01
1.467377472863518051e-07
6.237624287605285645e-01
5.756399631500244141e-01
-5.190312513150274754e-04
5.855502486228942871e-01
5.531497001647949219e-01
-2.459017792716622353e-03
5.641968846321105957e-01
5.315679907798767090e-01
-7.138716056942939758e-03
5.480424761772155762e-01
5.147589445114135742e-01
-1.246121991425752640e-02
5.617400407791137695e-01
4.880619645118713379e-01
4.889285657554864883e-03
5.276440978050231934e-01
4.562249481678009033e-01
-5.983304232358932495e-03
5.016075968742370605e-01
4.404649436473846436e-01
-1.704517751932144165e-02
4.788845181465148926e-01
4.273951351642608643e-01
-2.529532462358474731e-02
5.709973573684692383e-01
4.761056005954742432e-01
-4.715263377875089645e-03
5.337284207344055176e-01
4.371186792850494385e-01
-1.465901546180248260e-02
5.042854547500610352e-01
4.143222570419311523e-01
-2.519281953573226929e-02
4.776433706283569336e-01
3.939749300479888916e-01
-3.280831128358840942e-02
5.864688754081726074e-01
4.714104831218719482e-01
-1.594739779829978943e-02
5.520396232604980469e-01
4.297500252723693848e-01
-2.579402364790439606e-02
5.256041884422302246e-01
4.055536687374114990e-01
-3.334558382630348206e-02
5.013118386268615723e-01
3.864601254463195801e-01
-3.858244046568870544e-02
6.066087484359741211e-01
4.749895334243774414e-01
-2.790701948106288910e-02
5.820976495742797852e-01
4.398898780345916748e-01
-3.599414229393005371e-02
5.617921352386474609e-01
4.208664894104003906e-01
-3.915980458259582520e-02
5.424938201904296875e-01
4.064943194389343262e-01
-4.140839725732803345e-02
