6.892576813697814941e-01
5.858295559883117676e-01
1.733117898083946784e-07
6.479619741439819336e-01
5.823684930801391602e-01
-3.062602365389466286e-03
6.152583360671997070e-01
5.486257672309875488e-01
-7.472789380699396133e-03
5.974396467208862305e-01
5.182990431785583496e-01
-1.361080072820186615e-02
5.807747244834899902e-01
4.966893494129180908e-01
-2.075372450053691864e-02
5.881080031394958496e-01
4.987140595912933350e-01
-8.019110187888145447e-03
5.499853491783142090e-01
4.609526693820953369e-01
-2.247014082968235016e-02
5.198253393173217773e-01
4.463730454444885254e-01
-3.431181982159614563e-02
4.929713606834411621e-01
4.375248253345489502e-01
-4.268541187047958374e-02
5.965071320533752441e-01
4.922265708446502686e-01
-1.790256239473819733e-02
5.527954101562500000e-01
4.510955810546875000e-01
-3.199333325028419495e-02
5.179237127304077148e-01
4.323927760124206543e-01
-4.450616240501403809e-02
4.865349531173706055e-01
4.205764830112457275e-01
-5.296190828084945679e-02
6.140780448913574219e-01
4.911150038242340088e-01
-2.853804267942905426e-02
5.750519633293151855e-01
4.425851404666900635e-01
-4.302896559238433838e-02
5.450416803359985352e-01
4.175253212451934814e-01
-5.325501039624214172e-02
5.172723531723022461e-01
3.993723988533020020e-01
-5.994265154004096985e-02
6.382323503494262695e-01
4.961889088153839111e-01
-3.937039151787757874e-02
6.172053813934326172e-01
4.546795487403869629e-01
-5.234209075570106506e-02
5.988016128540039062e-01
4.283446371555328369e-01
-5.753237754106521606e-02
5.811718106269836426e-01
4.064472615718841553e-01
-6.065429747104644775e-02
