2.686679959297180176e-01
5.608217120170593262e-01
1.364665536129905377e-07
3.172175288200378418e-01
5.936360955238342285e-01
7.465871516615152359e-03
3.634573817253112793e-01
5.850459337234497070e-01
9.367374703288078308e-03
3.915147185325622559e-01
5.785720348358154297e-01
6.884154397994279861e-03
4.130568504333496094e-01
5.761078000068664551e-01
2.296443097293376923e-03
4.065911769866943359e-01
5.286338329315185547e-01
4.380266182124614716e-03
4.553479254245758057e-01
5.063877701759338379e-01
-8.535953238606452942e-03
4.865729510784149170e-01
4.989361763000488281e-01
-1.928967423737049103e-02
5.142747163772583008e-01
4.936511218547821045e-01
-2.747327834367752075e-02
3.974517285823822021e-01
5.136380195617675781e-01
-1.112507376819849014e-02
4.510813951492309570e-01
4.878159463405609131e-01
-2.379709482192993164e-02
4.873246550559997559e-01
4.747892618179321289e-01
-3.498283028602600098e-02
5.194557309150695801e-01
4.640276730060577393e-01
-4.338344931602478027e-02
3.796091675758361816e-01
5.023411512374877930e-01
-2.772109955549240112e-02
4.317265152931213379e-01
4.726601541042327881e-01
-4.104865342378616333e-02
4.663212895393371582e-01
4.574595689773559570e-01
-5.103746056556701660e-02
4.981278777122497559e-01
4.437300562858581543e-01
-5.837375298142433167e-02
3.540268838405609131e-01
4.955329298973083496e-01
-4.389230534434318542e-02
3.919855058193206787e-01
4.684513807296752930e-01
-5.783113837242126465e-02
4.198769330978393555e-01
4.552860558032989502e-01
-6.510893255472183228e-02
4.473917484283447266e-01
4.430500864982604980e-01
-7.050898671150207520e-02
