8.049268722534179688e-01
5.214888453483581543e-01
1.984800093168814783e-07
7.652240991592407227e-01
5.051591992378234863e-01
-9.224211797118186951e-03
7.407910823822021484e-01
4.601393938064575195e-01
-1.468616630882024765e-02
7.314143776893615723e-01
4.235196113586425781e-01
-2.069398015737533569e-02
7.202295660972595215e-01
3.981284201145172119e-01
-2.721744962036609650e-02
7.434275150299072266e-01
3.806546628475189209e-01
-9.561484679579734802e-03
7.235822677612304688e-01
3.234226107597351074e-01
-2.225577458739280701e-02
7.080374956130981445e-01
2.880463898181915283e-01
-3.302203491330146790e-02
6.946930289268493652e-01
2.576553225517272949e-01
-4.095518216490745544e-02
7.627444863319396973e-01
3.702322542667388916e-01
-1.618610136210918427e-02
7.403748035430908203e-01
3.063905239105224609e-01
-2.900081127882003784e-02
7.195548415184020996e-01
2.660670280456542969e-01
-4.098802059888839722e-02
7.004141211509704590e-01
2.333410829305648804e-01
-4.937037453055381775e-02
7.852672934532165527e-01
3.728959262371063232e-01
-2.435975335538387299e-02
7.735301852226257324e-01
3.015784621238708496e-01
-3.936649858951568604e-02
7.596929073333740234e-01
2.608446478843688965e-01
-5.052428320050239563e-02
7.449136972427368164e-01
2.268606871366500854e-01
-5.771786347031593323e-02
8.088584542274475098e-01
3.884385228157043457e-01
-3.321253135800361633e-02
8.130798935890197754e-01
3.322483897209167480e-01
-4.789640754461288452e-02
8.119317293167114258e-01
2.932231426239013672e-01
-5.529096722602844238e-02
8.081186413764953613e-01
2.585857808589935303e-01
-5.978668481111526489e-02
