8.481173515319824219e-01
4.891522526741027832e-01
2.164361916356938309e-07
8.029033541679382324e-01
4.681825637817382812e-01
-1.280391868203878403e-02
7.778172492980957031e-01
4.218003749847412109e-01
-1.934411935508251190e-02
7.720511555671691895e-01
3.776776492595672607e-01
-2.600030414760112762e-02
7.631214261054992676e-01
3.478184640407562256e-01
-3.272348642349243164e-02
7.982529401779174805e-01
3.380766510963439941e-01
-6.601660046726465225e-03
7.877456545829772949e-01
2.770631313323974609e-01
-1.980166696012020111e-02
7.781899571418762207e-01
2.370632886886596680e-01
-3.216553479433059692e-02
7.695341706275939941e-01
2.051733583211898804e-01
-4.113931581377983093e-02
8.235653042793273926e-01
3.278533220291137695e-01
-1.102934498339891434e-02
8.144867420196533203e-01
2.609034776687622070e-01
-2.255538292229175568e-02
8.024010658264160156e-01
2.188066691160202026e-01
-3.417923301458358765e-02
7.899749875068664551e-01
1.871604174375534058e-01
-4.270117357373237610e-02
8.484672307968139648e-01
3.291901350021362305e-01
-1.806349307298660278e-02
8.458772301673889160e-01
2.627275586128234863e-01
-2.958165109157562256e-02
8.382375836372375488e-01
2.223771661520004272e-01
-3.802532702684402466e-02
8.287158012390136719e-01
1.912837177515029907e-01
-4.397350922226905823e-02
8.731551170349121094e-01
3.426094055175781250e-01
-2.676929160952568054e-02
8.822396397590637207e-01
2.923160195350646973e-01
-3.722216188907623291e-02
8.826524615287780762e-01
2.575091123580932617e-01
-4.231312498450279236e-02
8.794155120849609375e-01
2.285355925559997559e-01
-4.563230648636817932e-02
