7.895778417587280273e-01
5.047319531440734863e-01
3.071345702210237505e-07
7.490294575691223145e-01
4.888116419315338135e-01
-3.978941123932600021e-03
7.260398864746093750e-01
4.462537765502929688e-01
-7.799679413437843323e-03
7.157527804374694824e-01
4.132068455219268799e-01
-1.352638937532901764e-02
7.035482525825500488e-01
3.940904438495635986e-01
-2.004670538008213043e-02
7.163000702857971191e-01
3.761000633239746094e-01
-2.036660676822066307e-03
6.941830515861511230e-01
3.229199051856994629e-01
-1.368506625294685364e-02
6.759266853332519531e-01
2.899483442306518555e-01
-2.406670898199081421e-02
6.615642309188842773e-01
2.627374231815338135e-01
-3.143333643674850464e-02
7.294772863388061523e-01
3.651594519615173340e-01
-1.082390360534191132e-02
7.051986455917358398e-01
3.019358217716217041e-01
-2.218364365398883820e-02
6.829481124877929688e-01
2.622421979904174805e-01
-3.379811346530914307e-02
6.634771227836608887e-01
2.300406247377395630e-01
-4.186656698584556580e-02
7.466239333152770996e-01
3.649339079856872559e-01
-2.102580480277538300e-02
7.311146855354309082e-01
2.951713204383850098e-01
-3.347309306263923645e-02
7.150464057922363281e-01
2.555515170097351074e-01
-4.388126358389854431e-02
6.989558935165405273e-01
2.239814847707748413e-01
-5.098532512784004211e-02
7.658275365829467773e-01
3.768230676651000977e-01
-3.177421167492866516e-02
7.668222188949584961e-01
3.209408521652221680e-01
-4.304790869355201721e-02
7.626027464866638184e-01
2.831475138664245605e-01
-4.878916218876838684e-02
7.564863562583923340e-01
2.506278157234191895e-01
-5.269975587725639343e-02
