8.084995150566101074e-01
5.183683633804321289e-01
1.959777335969192791e-07
7.687597870826721191e-01
5.056132674217224121e-01
-8.172420784831047058e-03
7.421900033950805664e-01
4.607021212577819824e-01
-1.253402326256036758e-02
7.324173450469970703e-01
4.218339920043945312e-01
-1.757542230188846588e-02
7.214608192443847656e-01
3.946512043476104736e-01
-2.304690331220626831e-02
7.447704076766967773e-01
3.770920634269714355e-01
-7.387641351670026779e-03
7.254084348678588867e-01
3.196189999580383301e-01
-1.851494424045085907e-02
7.108293175697326660e-01
2.830942273139953613e-01
-2.830006182193756104e-02
6.987299919128417969e-01
2.516753673553466797e-01
-3.600718453526496887e-02
7.636558413505554199e-01
3.660665750503540039e-01
-1.415829826146364212e-02
7.414575219154357910e-01
3.019935488700866699e-01
-2.524142898619174957e-02
7.214345335960388184e-01
2.629227936267852783e-01
-3.643707185983657837e-02
7.030581235885620117e-01
2.316842228174209595e-01
-4.473016038537025452e-02
7.858804464340209961e-01
3.681190907955169678e-01
-2.244408801198005676e-02
7.741446495056152344e-01
2.965268492698669434e-01
-3.656261414289474487e-02
7.606122493743896484e-01
2.562450766563415527e-01
-4.766276851296424866e-02
7.459680438041687012e-01
2.229241579771041870e-01
-5.526880919933319092e-02
8.091193437576293945e-01
3.836274147033691406e-01
-3.132820874452590942e-02
8.146630525588989258e-01
3.285183608531951904e-01
-4.583884030580520630e-02
8.144169449806213379e-01
2.901974916458129883e-01
-5.366805940866470337e-02
8.112247586250305176e-01
2.560508251190185547e-01
-5.879030004143714905e-02
