7.435187101364135742e-01
5.878055691719055176e-01
1.231709774174305494e-07
6.961075067520141602e-01
5.929052829742431641e-01
1.131427101790904999e-02
6.606293916702270508e-01
5.654036998748779297e-01
1.224778406322002411e-02
6.381368041038513184e-01
5.410920977592468262e-01
8.396581746637821198e-03
6.168334484100341797e-01
5.220278501510620117e-01
3.161849686875939369e-03
6.296842098236083984e-01
5.275384783744812012e-01
8.809416554868221283e-03
5.822894573211669922e-01
4.990678131580352783e-01
-1.412473502568900585e-03
5.488119721412658691e-01
4.867090880870819092e-01
-9.836465120315551758e-03
5.211694240570068359e-01
4.782737493515014648e-01
-1.567996293306350708e-02
6.332980394363403320e-01
5.180918574333190918e-01
-6.382457911968231201e-03
5.775125622749328613e-01
4.880585670471191406e-01
-1.734491065144538879e-02
5.389096140861511230e-01
4.740117490291595459e-01
-2.663075365126132965e-02
5.059649348258972168e-01
4.651760160923004150e-01
-3.280422464013099670e-02
6.435891985893249512e-01
5.137498974800109863e-01
-2.175873890519142151e-02
5.881767868995666504e-01
4.790676236152648926e-01
-3.339952230453491211e-02
5.521173477172851562e-01
4.629523456096649170e-01
-4.167587682604789734e-02
5.219576358795166016e-01
4.537139236927032471e-01
-4.702011868357658386e-02
6.581605672836303711e-01
5.138209462165832520e-01
-3.626631945371627808e-02
6.243473887443542480e-01
4.807703495025634766e-01
-4.560334607958793640e-02
5.989158749580383301e-01
4.603647589683532715e-01
-4.984126240015029907e-02
5.759595632553100586e-01
4.444001913070678711e-01
-5.281508713960647583e-02
