6.999710202217102051e-01
5.529839396476745605e-01
1.810311118788376916e-07
6.565430164337158203e-01
5.469002723693847656e-01
-9.398052352480590343e-04
6.236279606819152832e-01
5.101417899131774902e-01
-3.526234533637762070e-03
6.052566170692443848e-01
4.775263667106628418e-01
-8.329424075782299042e-03
5.872123241424560547e-01
4.550891518592834473e-01
-1.382313668727874756e-02
5.987091660499572754e-01
4.618045091629028320e-01
-2.982154721394181252e-03
5.627155303955078125e-01
4.224658608436584473e-01
-1.510306913405656815e-02
5.349770784378051758e-01
4.038861989974975586e-01
-2.543801255524158478e-02
5.113868713378906250e-01
3.896982371807098389e-01
-3.283606469631195068e-02
6.070836782455444336e-01
4.530082941055297852e-01
-1.262743864208459854e-02
5.668658614158630371e-01
4.086169898509979248e-01
-2.368614077568054199e-02
5.353480577468872070e-01
3.850866556167602539e-01
-3.443213552236557007e-02
5.080773830413818359e-01
3.673931062221527100e-01
-4.197986796498298645e-02
6.237289905548095703e-01
4.514382481575012207e-01
-2.314428053796291351e-02
5.884399414062500000e-01
3.999133706092834473e-01
-3.507903218269348145e-02
5.625766515731811523e-01
3.728484511375427246e-01
-4.472304508090019226e-02
5.391943454742431641e-01
3.534016311168670654e-01
-5.149642750620841980e-02
6.464467048645019531e-01
4.581179022789001465e-01
-3.389194607734680176e-02
6.313368082046508789e-01
4.138834774494171143e-01
-4.518933594226837158e-02
6.159662604331970215e-01
3.853696882724761963e-01
-5.077202618122100830e-02
6.011213660240173340e-01
3.618015646934509277e-01
-5.453267693519592285e-02
