7.225190997123718262e-01
5.393618941307067871e-01
2.104488885379396379e-07
6.835307478904724121e-01
5.376380681991577148e-01
-2.664344618096947670e-03
6.541875600814819336e-01
5.061051249504089355e-01
-7.193071767687797546e-03
6.400846242904663086e-01
4.779489040374755859e-01
-1.362594030797481537e-02
6.279967427253723145e-01
4.609847664833068848e-01
-2.118133939802646637e-02
6.275228857994079590e-01
4.404346644878387451e-01
-7.853516377508640289e-03
5.953400135040283203e-01
3.940367400646209717e-01
-2.100633084774017334e-02
5.709855556488037109e-01
3.688006997108459473e-01
-3.204488381743431091e-02
5.495470762252807617e-01
3.497084379196166992e-01
-3.991999849677085876e-02
6.392987966537475586e-01
4.294297695159912109e-01
-1.762290298938751221e-02
6.023174524307250977e-01
3.765417933464050293e-01
-3.046421706676483154e-02
5.722923874855041504e-01
3.461638092994689941e-01
-4.248278588056564331e-02
5.449885129928588867e-01
3.236713111400604248e-01
-5.086267367005348206e-02
6.579464077949523926e-01
4.273976087570190430e-01
-2.817589975893497467e-02
6.268184185028076172e-01
3.671522736549377441e-01
-4.176720604300498962e-02
6.021928191184997559e-01
3.337654471397399902e-01
-5.321696028113365173e-02
5.787343978881835938e-01
3.094320893287658691e-01
-6.094125285744667053e-02
6.813739538192749023e-01
4.338324666023254395e-01
-3.887201845645904541e-02
6.688744425773620605e-01
3.820290863513946533e-01
-5.133429169654846191e-02
6.553114652633666992e-01
3.482045531272888184e-01
-5.799772590398788452e-02
6.412208080291748047e-01
3.204981684684753418e-01
-6.244753673672676086e-02
