7.256239056587219238e-01
4.870256185531616211e-01
2.004012031875390676e-07
6.855965852737426758e-01
4.970354437828063965e-01
-7.119090761989355087e-03
6.418712735176086426e-01
4.728452265262603760e-01
-1.077103614807128906e-02
6.169591546058654785e-01
4.426184296607971191e-01
-1.519837323576211929e-02
5.958441495895385742e-01
4.251842498779296875e-01
-2.032203972339630127e-02
6.138214468955993652e-01
4.086355566978454590e-01
-8.102767169475555420e-03
5.763786435127258301e-01
3.653948009014129639e-01
-2.015439979732036591e-02
5.506870746612548828e-01
3.405389785766601562e-01
-3.077962249517440796e-02
5.287879109382629395e-01
3.201179504394531250e-01
-3.870712220668792725e-02
6.286585330963134766e-01
3.891276419162750244e-01
-1.507598813623189926e-02
5.874092578887939453e-01
3.447082638740539551e-01
-2.729223482310771942e-02
5.564032196998596191e-01
3.203380703926086426e-01
-3.863893821835517883e-02
5.295526385307312012e-01
3.023023605346679688e-01
-4.653300717473030090e-02
6.509068608283996582e-01
3.777298033237457275e-01
-2.343992516398429871e-02
6.132721900939941406e-01
3.260175287723541260e-01
-3.657002747058868408e-02
5.864531993865966797e-01
2.991905808448791504e-01
-4.590723663568496704e-02
5.623278617858886719e-01
2.790172696113586426e-01
-5.211335420608520508e-02
6.785413026809692383e-01
3.746128380298614502e-01
-3.252898529171943665e-02
6.564944386482238770e-01
3.280094861984252930e-01
-4.571478068828582764e-02
6.376932859420776367e-01
2.984383106231689453e-01
-5.204216763377189636e-02
6.193475127220153809e-01
2.740297913551330566e-01
-5.584593117237091064e-02
