7.275347709655761719e-01
5.165145397186279297e-01
2.472345386195229366e-07
6.820687055587768555e-01
5.094692707061767578e-01
-8.145987056195735931e-03
6.444934010505676270e-01
4.726145267486572266e-01
-1.333618443459272385e-02
6.247847676277160645e-01
4.400472044944763184e-01
-2.000654302537441254e-02
6.119480133056640625e-01
4.162114262580871582e-01
-2.689076215028762817e-02
6.414929032325744629e-01
3.895254135131835938e-01
-1.701454515568912029e-03
6.189235448837280273e-01
3.344188630580902100e-01
-1.453337259590625763e-02
6.006515622138977051e-01
2.993895709514617920e-01
-2.706571668386459351e-02
5.845661163330078125e-01
2.693939208984375000e-01
-3.631314635276794434e-02
6.566087603569030762e-01
3.795903921127319336e-01
-8.700697682797908783e-03
6.323553919792175293e-01
3.194250762462615967e-01
-2.030278369784355164e-02
6.095080971717834473e-01
2.793843746185302734e-01
-3.245430067181587219e-02
5.883752107620239258e-01
2.445992082357406616e-01
-4.135889559984207153e-02
6.743948459625244141e-01
3.784003257751464844e-01
-1.793059147894382477e-02
6.527866721153259277e-01
3.181829154491424561e-01
-2.929913438856601715e-02
6.326887607574462891e-01
2.807908952236175537e-01
-3.805209323763847351e-02
6.131206154823303223e-01
2.502111196517944336e-01
-4.415743798017501831e-02
6.944535970687866211e-01
3.865686655044555664e-01
-2.857736684381961823e-02
6.817756891250610352e-01
3.380723893642425537e-01
-3.865621984004974365e-02
6.687166094779968262e-01
3.074370920658111572e-01
-4.320324584841728210e-02
6.545496582984924316e-01
2.827717959880828857e-01
-4.627613350749015808e-02
