7.865702509880065918e-01
4.348486959934234619e-01
1.725035616573222796e-07
7.434098124504089355e-01
4.338427484035491943e-01
-9.239403530955314636e-03
7.056590914726257324e-01
4.051970839500427246e-01
-1.457918994128704071e-02
6.838131546974182129e-01
3.770899772644042969e-01
-2.049565315246582031e-02
6.682510972023010254e-01
3.575423955917358398e-01
-2.669985406100749969e-02
6.968023777008056641e-01
3.275511562824249268e-01
-6.124337203800678253e-03
6.661508083343505859e-01
2.836012542247772217e-01
-1.865815185010433197e-02
6.453641057014465332e-01
2.577590644359588623e-01
-2.983978018164634705e-02
6.287196278572082520e-01
2.360755205154418945e-01
-3.791369870305061340e-02
7.153155803680419922e-01
3.072940111160278320e-01
-1.184566598385572433e-02
6.832109093666076660e-01
2.540655434131622314e-01
-2.355394326150417328e-02
6.582934856414794922e-01
2.225433588027954102e-01
-3.490721434354782104e-02
6.364024877548217773e-01
1.983006000518798828e-01
-4.284711182117462158e-02
7.386904358863830566e-01
2.970776557922363281e-01
-1.953320018947124481e-02
7.139107584953308105e-01
2.382217347621917725e-01
-3.194255009293556213e-02
6.949329972267150879e-01
2.044543921947479248e-01
-4.104368388652801514e-02
6.777759194374084473e-01
1.787326782941818237e-01
-4.702844098210334778e-02
7.660413980484008789e-01
2.977450489997863770e-01
-2.821592241525650024e-02
7.568607330322265625e-01
2.471305429935455322e-01
-3.952708467841148376e-02
7.475503087043762207e-01
2.140807807445526123e-01
-4.454666748642921448e-02
7.379388213157653809e-01
1.865424066781997681e-01
-4.757067188620567322e-02
