1.625221222639083862e-01
4.557731449604034424e-01
2.799539515763171948e-07
2.072145491838455200e-01
4.698332250118255615e-01
-1.317182183265686035e-02
2.509612441062927246e-01
4.598872661590576172e-01
-1.937100850045681000e-02
2.790120840072631836e-01
4.421144425868988037e-01
-2.553911507129669189e-02
2.980560064315795898e-01
4.182949364185333252e-01
-3.188848122954368591e-02
2.696786522865295410e-01
3.669997453689575195e-01
-1.006846316158771515e-02
3.052638769149780273e-01
3.264229297637939453e-01
-2.351032756268978119e-02
3.266808986663818359e-01
3.010519146919250488e-01
-3.494102880358695984e-02
3.446669578552246094e-01
2.791329920291900635e-01
-4.262099415063858032e-02
2.542883753776550293e-01
3.455715477466583252e-01
-1.374698057770729065e-02
2.941379845142364502e-01
2.975201606750488281e-01
-2.536728791892528534e-02
3.204067349433898926e-01
2.687980532646179199e-01
-3.566236048936843872e-02
3.421949148178100586e-01
2.451535463333129883e-01
-4.263462871313095093e-02
2.326216399669647217e-01
3.346594870090484619e-01
-1.966048963367938995e-02
2.687497735023498535e-01
2.834080755710601807e-01
-3.161513805389404297e-02
2.922972440719604492e-01
2.541349530220031738e-01
-3.988872841000556946e-02
3.126914501190185547e-01
2.305984795093536377e-01
-4.485994949936866760e-02
2.049730569124221802e-01
3.324300944805145264e-01
-2.696656808257102966e-02
2.283052057027816772e-01
2.906442880630493164e-01
-3.865177556872367859e-02
2.456292510032653809e-01
2.639717459678649902e-01
-4.347375407814979553e-02
2.620621025562286377e-01
2.407886832952499390e-01
-4.569790512323379517e-02
