6.886968016624450684e-01
5.869784951210021973e-01
2.012570803344715387e-07
6.450622081756591797e-01
5.846936106681823730e-01
-2.145980717614293098e-03
6.133908033370971680e-01
5.529715418815612793e-01
-6.561430171132087708e-03
5.967377424240112305e-01
5.242645740509033203e-01
-1.312521193176507950e-02
5.808377265930175781e-01
5.030964612960815430e-01
-2.063580602407455444e-02
5.868040919303894043e-01
5.036721825599670410e-01
-6.526170764118432999e-03
5.494846105575561523e-01
4.639672636985778809e-01
-2.100547775626182556e-02
5.198293328285217285e-01
4.460582137107849121e-01
-3.289365395903587341e-02
4.937677979469299316e-01
4.337001740932464600e-01
-4.135850816965103149e-02
5.945997238159179688e-01
4.974431097507476807e-01
-1.668425835669040680e-02
5.522441864013671875e-01
4.549675285816192627e-01
-3.091935254633426666e-02
5.187196135520935059e-01
4.333196282386779785e-01
-4.358008131384849548e-02
4.885587990283966064e-01
4.174284934997558594e-01
-5.220369249582290649e-02
6.106335520744323730e-01
4.963606297969818115e-01
-2.763612754642963409e-02
5.722604990005493164e-01
4.472489953041076660e-01
-4.226844385266304016e-02
5.430992841720581055e-01
4.211452603340148926e-01
-5.290490388870239258e-02
5.159415602684020996e-01
4.019124507904052734e-01
-5.989200994372367859e-02
6.330951452255249023e-01
5.013502836227416992e-01
-3.876357898116111755e-02
6.129364371299743652e-01
4.595096707344055176e-01
-5.194616317749023438e-02
5.943472385406494141e-01
4.336926639080047607e-01
-5.778883397579193115e-02
5.760915875434875488e-01
4.124645292758941650e-01
-6.144011393189430237e-02
