7.702235579490661621e-01
5.247890353202819824e-01
1.324252139056625310e-07
7.285906672477722168e-01
5.197874903678894043e-01
-4.121788311749696732e-03
6.977725625038146973e-01
4.866079092025756836e-01
-5.918291863054037094e-03
6.825267076492309570e-01
4.520976543426513672e-01
-9.322398342192173004e-03
6.689048409461975098e-01
4.291175007820129395e-01
-1.307207625359296799e-02
6.858168840408325195e-01
4.145783483982086182e-01
4.202396608889102936e-03
6.643198728561401367e-01
3.697907030582427979e-01
-3.811001544818282127e-03
6.486067771911621094e-01
3.428274095058441162e-01
-1.290448755025863647e-02
6.343659758567810059e-01
3.188127875328063965e-01
-2.041377872228622437e-02
7.008811235427856445e-01
3.988257348537445068e-01
-3.097202163189649582e-03
6.755856871604919434e-01
3.494647145271301270e-01
-1.118951663374900818e-02
6.555184721946716309e-01
3.198955655097961426e-01
-2.144324034452438354e-02
6.364208459854125977e-01
2.940290570259094238e-01
-2.927550673484802246e-02
7.207001447677612305e-01
3.926048278808593750e-01
-1.212768256664276123e-02
6.996690034866333008e-01
3.379085659980773926e-01
-2.225316129624843597e-02
6.839297413825988770e-01
3.053262829780578613e-01
-3.010457009077072144e-02
6.675240993499755859e-01
2.773959040641784668e-01
-3.565289452672004700e-02
7.443104982376098633e-01
3.958745896816253662e-01
-2.188958227634429932e-02
7.343317270278930664e-01
3.494375348091125488e-01
-3.110443428158760071e-02
7.252504229545593262e-01
3.185634613037109375e-01
-3.490637242794036865e-02
7.150632739067077637e-01
2.913197875022888184e-01
-3.760468959808349609e-02
