1.927533000707626343e-01
4.787809252738952637e-01
2.698826904179441044e-07
2.379253953695297241e-01
5.002576708793640137e-01
-1.045175082981586456e-02
2.833201587200164795e-01
4.918051064014434814e-01
-1.447113789618015289e-02
3.119844794273376465e-01
4.771073460578918457e-01
-1.889970712363719940e-02
3.308244347572326660e-01
4.568693339824676514e-01
-2.363824471831321716e-02
3.019047677516937256e-01
3.984404504299163818e-01
-7.607549894601106644e-03
3.407511115074157715e-01
3.606922924518585205e-01
-2.082707732915878296e-02
3.652113080024719238e-01
3.369681835174560547e-01
-3.199868276715278625e-02
3.857973217964172363e-01
3.168733716011047363e-01
-3.956170380115509033e-02
2.891806364059448242e-01
3.772479593753814697e-01
-1.219871081411838531e-02
3.321107625961303711e-01
3.347015380859375000e-01
-2.357790619134902954e-02
3.614432215690612793e-01
3.096476495265960693e-01
-3.339633718132972717e-02
3.866466283798217773e-01
2.894381582736968994e-01
-4.003964737057685852e-02
2.700420916080474854e-01
3.647089302539825439e-01
-1.889055781066417694e-02
3.093628585338592529e-01
3.180595636367797852e-01
-3.050125390291213989e-02
3.355927765369415283e-01
2.921792566776275635e-01
-3.799427300691604614e-02
3.588556647300720215e-01
2.712777853012084961e-01
-4.256004467606544495e-02
2.446878403425216675e-01
3.606695532798767090e-01
-2.684945054352283478e-02
2.688268423080444336e-01
3.228016793727874756e-01
-3.792692720890045166e-02
2.868986725807189941e-01
2.988762557506561279e-01
-4.186566919088363647e-02
3.044455349445343018e-01
2.786400914192199707e-01
-4.365811124444007874e-02
