6.952009797096252441e-01
5.635776519775390625e-01
1.758439935883870930e-07
6.524392366409301758e-01
5.597339868545532227e-01
-2.832628088071942329e-03
6.196751594543457031e-01
5.269373059272766113e-01
-6.553993094712495804e-03
6.019789576530456543e-01
4.969599843025207520e-01
-1.233750302344560623e-02
5.858889222145080566e-01
4.746221601963043213e-01
-1.887436583638191223e-02
5.922096967697143555e-01
4.760546982288360596e-01
-3.978066612035036087e-03
5.541521310806274414e-01
4.388185739517211914e-01
-1.705338805913925171e-02
5.240989327430725098e-01
4.239518046379089355e-01
-2.810951694846153259e-02
4.977616071701049805e-01
4.141048491001129150e-01
-3.615340590476989746e-02
5.997754335403442383e-01
4.664073288440704346e-01
-1.366787776350975037e-02
5.569604635238647461e-01
4.223643243312835693e-01
-2.631054632365703583e-02
5.240119099617004395e-01
4.001591801643371582e-01
-3.799530863761901855e-02
4.949778914451599121e-01
3.841757774353027344e-01
-4.609202966094017029e-02
6.162531375885009766e-01
4.638079404830932617e-01
-2.452590316534042358e-02
5.769166350364685059e-01
4.115358591079711914e-01
-3.842968866229057312e-02
5.486427545547485352e-01
3.845912516117095947e-01
-4.880031198263168335e-02
5.227835178375244141e-01
3.649716675281524658e-01
-5.583215877413749695e-02
6.390182971954345703e-01
4.686046540737152100e-01
-3.565952554345130920e-02
6.201128959655761719e-01
4.245167076587677002e-01
-4.846053197979927063e-02
6.027383208274841309e-01
3.966609537601470947e-01
-5.434726923704147339e-02
5.858581662178039551e-01
3.735965192317962646e-01
-5.825021862983703613e-02
