2.669768035411834717e-01
5.825461745262145996e-01
1.731296777052193647e-07
3.191947937011718750e-01
6.131607294082641602e-01
6.978965830057859421e-03
3.663318455219268799e-01
6.016200184822082520e-01
1.109333708882331848e-02
3.939428329467773438e-01
5.920498371124267578e-01
1.090668141841888428e-02
4.138531386852264404e-01
5.881598591804504395e-01
8.856786414980888367e-03
4.055822193622589111e-01
5.437051653861999512e-01
9.318390861153602600e-03
4.540762603282928467e-01
5.184154510498046875e-01
-2.243404975160956383e-03
4.857094287872314453e-01
5.102125406265258789e-01
-1.230045594274997711e-02
5.131331086158752441e-01
5.056956410408020020e-01
-1.983268745243549347e-02
3.975102305412292480e-01
5.271425843238830566e-01
-4.606782924383878708e-03
4.512439370155334473e-01
4.981410503387451172e-01
-1.627196930348873138e-02
4.875931143760681152e-01
4.835037291049957275e-01
-2.755748853087425232e-02
5.203433632850646973e-01
4.718399047851562500e-01
-3.574587777256965637e-02
3.805924654006958008e-01
5.155270695686340332e-01
-2.000132203102111816e-02
4.323655962944030762e-01
4.821277856826782227e-01
-3.307807072997093201e-02
4.664512276649475098e-01
4.633301496505737305e-01
-4.415844753384590149e-02
4.984874129295349121e-01
4.473497867584228516e-01
-5.182984471321105957e-02
3.549212813377380371e-01
5.082572102546691895e-01
-3.500084206461906433e-02
3.926978111267089844e-01
4.799442291259765625e-01
-4.874160885810852051e-02
4.194798469543457031e-01
4.651708900928497314e-01
-5.664598569273948669e-02
4.459184110164642334e-01
4.517242014408111572e-01
-6.228668615221977234e-02
