2.507499456405639648e-01
5.124010443687438965e-01
2.157930225621385034e-07
2.938064336776733398e-01
5.402849316596984863e-01
-6.752382498234510422e-03
3.369713127613067627e-01
5.376048088073730469e-01
-1.078605651855468750e-02
3.647578060626983643e-01
5.296452045440673828e-01
-1.619937829673290253e-02
3.876811861991882324e-01
5.165432095527648926e-01
-2.261799573898315430e-02
3.742885887622833252e-01
4.659385979175567627e-01
-6.285162176936864853e-03
4.152197539806365967e-01
4.342103898525238037e-01
-2.053071558475494385e-02
4.425810575485229492e-01
4.168925285339355469e-01
-3.254011645913124084e-02
4.668172597885131836e-01
4.021500647068023682e-01
-4.103526473045349121e-02
3.652712702751159668e-01
4.472529888153076172e-01
-1.377657521516084671e-02
4.127347171306610107e-01
4.146754145622253418e-01
-2.728312648832798004e-02
4.466748237609863281e-01
3.954328894615173340e-01
-3.906285017728805542e-02
4.764920175075531006e-01
3.789080381393432617e-01
-4.736897721886634827e-02
3.483182787895202637e-01
4.345562756061553955e-01
-2.308714576065540314e-02
3.945870101451873779e-01
3.998661339282989502e-01
-3.673528134822845459e-02
4.256451725959777832e-01
3.803347349166870117e-01
-4.613262414932250977e-02
4.528808593750000000e-01
3.633146286010742188e-01
-5.221995338797569275e-02
3.235977292060852051e-01
4.269134700298309326e-01
-3.317608311772346497e-02
3.552622199058532715e-01
3.977602720260620117e-01
-4.651647433638572693e-02
3.796186149120330811e-01
3.807327449321746826e-01
-5.277347937226295471e-02
4.025082290172576904e-01
3.650619685649871826e-01
-5.652631074190139771e-02
