7.682098746299743652e-01
5.382112860679626465e-01
2.489136932126712054e-07
7.214679718017578125e-01
5.388502478599548340e-01
-1.005840487778186798e-02
6.787512302398681641e-01
5.085358023643493652e-01
-1.535678375512361526e-02
6.542767286300659180e-01
4.754559993743896484e-01
-2.109445817768573761e-02
6.308981180191040039e-01
4.571492373943328857e-01
-2.753624133765697479e-02
6.729943156242370605e-01
4.181400835514068604e-01
-9.189283475279808044e-03
6.436514854431152344e-01
3.642548918724060059e-01
-2.215636335313320160e-02
6.247839927673339844e-01
3.308387994766235352e-01
-3.381895273923873901e-02
6.087571978569030762e-01
3.018820881843566895e-01
-4.277750477194786072e-02
6.948822736740112305e-01
3.971841037273406982e-01
-1.650724560022354126e-02
6.620118618011474609e-01
3.334776163101196289e-01
-2.910553663969039917e-02
6.375097036361694336e-01
2.951327562332153320e-01
-4.214153438806533813e-02
6.152156591415405273e-01
2.635612189769744873e-01
-5.184304341673851013e-02
7.221470475196838379e-01
3.890720605850219727e-01
-2.570305019617080688e-02
7.012181878089904785e-01
3.163729310035705566e-01
-4.146984592080116272e-02
6.856808662414550781e-01
2.741556465625762939e-01
-5.402640625834465027e-02
6.705089807510375977e-01
2.396823167800903320e-01
-6.271915882825851440e-02
7.532742619514465332e-01
3.939407765865325928e-01
-3.557436913251876831e-02
7.517873644828796387e-01
3.343400061130523682e-01
-5.132188647985458374e-02
7.499249577522277832e-01
2.946397662162780762e-01
-5.916532874107360840e-02
7.461670637130737305e-01
2.595362067222595215e-01
-6.433340907096862793e-02
