8.335023522377014160e-01
4.235126376152038574e-01
2.005271966254440485e-07
7.854087948799133301e-01
4.234041571617126465e-01
-1.073075830936431885e-02
7.463844418525695801e-01
3.982158899307250977e-01
-1.635576784610748291e-02
7.254695296287536621e-01
3.639492988586425781e-01
-2.196748554706573486e-02
7.151783108711242676e-01
3.323433995246887207e-01
-2.721909806132316589e-02
7.497725486755371094e-01
3.162619173526763916e-01
-6.008489988744258881e-03
7.253107428550720215e-01
2.655719518661499023e-01
-1.696094311773777008e-02
7.114064693450927734e-01
2.343403995037078857e-01
-2.673629671335220337e-02
7.008016109466552734e-01
2.069829702377319336e-01
-3.409604728221893311e-02
7.723669409751892090e-01
2.936637997627258301e-01
-1.075794920325279236e-02
7.469818592071533203e-01
2.359325587749481201e-01
-2.038195915520191193e-02
7.294427156448364258e-01
1.999959647655487061e-01
-3.045183792710304260e-02
7.142111659049987793e-01
1.691935807466506958e-01
-3.801623359322547913e-02
7.992022037506103516e-01
2.837415635585784912e-01
-1.762094534933567047e-02
7.833645939826965332e-01
2.230131626129150391e-01
-2.929018251597881317e-02
7.721798419952392578e-01
1.858567148447036743e-01
-3.737753629684448242e-02
7.618524432182312012e-01
1.549977213144302368e-01
-4.297392070293426514e-02
8.290233612060546875e-01
2.848947644233703613e-01
-2.551670372486114502e-02
8.257179856300354004e-01
2.348368465900421143e-01
-3.654117882251739502e-02
8.220089077949523926e-01
2.021783888339996338e-01
-4.043041914701461792e-02
8.175854682922363281e-01
1.730945557355880737e-01
-4.259424656629562378e-02
