7.012139558792114258e-01
5.288611650466918945e-01
6.300447807916498277e-08
6.643393039703369141e-01
4.961881041526794434e-01
1.180944498628377914e-02
6.297358274459838867e-01
4.657548069953918457e-01
1.448138244450092316e-02
6.035590767860412598e-01
4.464300870895385742e-01
1.339224074035882950e-02
5.834480524063110352e-01
4.326817691326141357e-01
1.101948507130146027e-02
6.139307022094726562e-01
4.388015866279602051e-01
5.706443451344966888e-03
5.662816762924194336e-01
4.203451275825500488e-01
-4.847891163080930710e-03
5.312563180923461914e-01
4.056422114372253418e-01
-1.360807660967111588e-02
5.013529658317565918e-01
3.936220705509185791e-01
-1.990791782736778259e-02
6.139669418334960938e-01
4.415190219879150391e-01
-7.571203168481588364e-03
5.600783228874206543e-01
4.195141792297363281e-01
-1.744150184094905853e-02
5.224709510803222656e-01
4.026722311973571777e-01
-2.628849446773529053e-02
4.888755679130554199e-01
3.877072334289550781e-01
-3.308279439806938171e-02
6.127680540084838867e-01
4.551807343959808350e-01
-2.039154432713985443e-02
5.620272755622863770e-01
4.298760294914245605e-01
-2.922103181481361389e-02
5.271222591400146484e-01
4.135395586490631104e-01
-3.680065274238586426e-02
4.974386692047119141e-01
3.991928994655609131e-01
-4.252276197075843811e-02
6.104502081871032715e-01
4.776978790760040283e-01
-3.226826712489128113e-02
5.758855342864990234e-01
4.585009515285491943e-01
-3.972167149186134338e-02
5.518656373023986816e-01
4.459318518638610840e-01
-4.372346401214599609e-02
5.306143164634704590e-01
4.357768893241882324e-01
-4.686778038740158081e-02
