7.016078829765319824e-01
5.604510307312011719e-01
2.188358791954669869e-07
6.587048172950744629e-01
5.553453564643859863e-01
-3.700437722727656364e-03
6.248726248741149902e-01
5.206879973411560059e-01
-7.923241704702377319e-03
6.076064109802246094e-01
4.876282215118408203e-01
-1.400280091911554337e-02
5.944857597351074219e-01
4.642568230628967285e-01
-2.093003503978252411e-02
6.021691560745239258e-01
4.640939235687255859e-01
-7.059939671307802200e-03
5.677915811538696289e-01
4.178256988525390625e-01
-2.101053111255168915e-02
5.421304106712341309e-01
3.939408659934997559e-01
-3.240477293729782104e-02
5.196316242218017578e-01
3.753090202808380127e-01
-4.061876982450485229e-02
6.126376390457153320e-01
4.527193903923034668e-01
-1.675881072878837585e-02
5.717265605926513672e-01
4.032442569732666016e-01
-3.083105199038982391e-02
5.405567288398742676e-01
3.749822676181793213e-01
-4.335502535104751587e-02
5.129181146621704102e-01
3.534648418426513672e-01
-5.185961723327636719e-02
6.311191916465759277e-01
4.500461816787719727e-01
-2.749211713671684265e-02
5.945633649826049805e-01
3.928894102573394775e-01
-4.268203675746917725e-02
5.680626630783081055e-01
3.623470664024353027e-01
-5.364816263318061829e-02
5.434798002243041992e-01
3.395282328128814697e-01
-6.083485856652259827e-02
6.556590795516967773e-01
4.558401405811309814e-01
-3.849216923117637634e-02
6.396163702011108398e-01
4.073448777198791504e-01
-5.266023799777030945e-02
6.240763068199157715e-01
3.755867183208465576e-01
-5.930040404200553894e-02
6.086860895156860352e-01
3.490236401557922363e-01
-6.345649808645248413e-02
