7.720336914062500000e-01
5.252799391746520996e-01
1.954457218289462617e-07
7.309862971305847168e-01
5.124314427375793457e-01
-7.137294858694076538e-03
7.029117941856384277e-01
4.704749584197998047e-01
-1.152641605585813522e-02
6.909021139144897461e-01
4.347741901874542236e-01
-1.687007956206798553e-02
6.789900660514831543e-01
4.065809249877929688e-01
-2.274833060801029205e-02
7.009634971618652344e-01
3.914064466953277588e-01
-7.296549156308174133e-03
6.764692068099975586e-01
3.382601737976074219e-01
-1.945453695952892303e-02
6.574264764785766602e-01
3.050522208213806152e-01
-2.991921454668045044e-02
6.412010192871093750e-01
2.767448127269744873e-01
-3.785957396030426025e-02
7.189945578575134277e-01
3.804440200328826904e-01
-1.505180168896913528e-02
6.907140016555786133e-01
3.205245137214660645e-01
-2.795059978961944580e-02
6.663928627967834473e-01
2.824711203575134277e-01
-4.037905856966972351e-02
6.439847946166992188e-01
2.518534064292907715e-01
-4.915859550237655640e-02
7.410301566123962402e-01
3.824770152568817139e-01
-2.425058558583259583e-02
7.236649990081787109e-01
3.157468438148498535e-01
-4.000848904252052307e-02
7.063488960266113281e-01
2.761377692222595215e-01
-5.218561738729476929e-02
6.877659559249877930e-01
2.443264871835708618e-01
-6.003256514668464661e-02
7.649683952331542969e-01
3.972520828247070312e-01
-3.380760923027992249e-02
7.661473751068115234e-01
3.434740900993347168e-01
-4.906672611832618713e-02
7.615019679069519043e-01
3.058490753173828125e-01
-5.712169408798217773e-02
7.539502382278442383e-01
2.732005119323730469e-01
-6.213998422026634216e-02
