7.165161967277526855e-01
5.540472865104675293e-01
3.376115955688874237e-07
6.577837467193603516e-01
5.707675218582153320e-01
-1.964616775512695312e-02
5.990660786628723145e-01
5.516514182090759277e-01
-2.790411747992038727e-02
5.567681789398193359e-01
5.244493484497070312e-01
-3.496957942843437195e-02
5.203726291656494141e-01
5.055992603302001953e-01
-4.182307422161102295e-02
5.907013416290283203e-01
4.548408985137939453e-01
-1.354340557008981705e-02
5.486174821853637695e-01
4.057550728321075439e-01
-2.853730320930480957e-02
5.233343243598937988e-01
3.745466768741607666e-01
-4.090336710214614868e-02
5.021350979804992676e-01
3.464685678482055664e-01
-5.047325417399406433e-02
6.165329217910766602e-01
4.200619757175445557e-01
-1.737068034708499908e-02
5.770402550697326660e-01
3.566125333309173584e-01
-3.055324777960777283e-02
5.501483082771301270e-01
3.173314929008483887e-01
-4.396743327379226685e-02
5.257147550582885742e-01
2.834298610687255859e-01
-5.394906923174858093e-02
6.486276388168334961e-01
4.021015763282775879e-01
-2.435333840548992157e-02
6.163944005966186523e-01
3.377456963062286377e-01
-4.185067489743232727e-02
5.938867926597595215e-01
2.988559007644653320e-01
-5.454607307910919189e-02
5.720559358596801758e-01
2.644308507442474365e-01
-6.322657316923141479e-02
6.858001351356506348e-01
3.972676396369934082e-01
-3.283498063683509827e-02
6.778278350830078125e-01
3.422691226005554199e-01
-5.068581923842430115e-02
6.727242469787597656e-01
3.047716915607452393e-01
-5.860675126314163208e-02
6.666164398193359375e-01
2.704916000366210938e-01
-6.335323303937911987e-02
