6.889359951019287109e-01
5.880334377288818359e-01
1.654270391782119987e-07
6.458551287651062012e-01
5.841883420944213867e-01
-1.403846312314271927e-03
6.142180562019348145e-01
5.510083436965942383e-01
-4.726004786789417267e-03
5.972044467926025391e-01
5.215718746185302734e-01
-1.034328341484069824e-02
5.822331309318542480e-01
5.004282593727111816e-01
-1.687905006110668182e-02
5.889958143234252930e-01
5.010948777198791504e-01
-3.530150512233376503e-03
5.521323680877685547e-01
4.617113173007965088e-01
-1.664501428604125977e-02
5.225162506103515625e-01
4.441893100738525391e-01
-2.778092771768569946e-02
4.964864253997802734e-01
4.332948327064514160e-01
-3.578557446599006653e-02
5.964507460594177246e-01
4.939125180244445801e-01
-1.372458878904581070e-02
5.541691780090332031e-01
4.520584642887115479e-01
-2.652431651949882507e-02
5.204403400421142578e-01
4.320278167724609375e-01
-3.838212415575981140e-02
4.903495311737060547e-01
4.190261363983154297e-01
-4.635392874479293823e-02
6.128338575363159180e-01
4.924585819244384766e-01
-2.477635815739631653e-02
5.743149518966674805e-01
4.437025785446166992e-01
-3.841110691428184509e-02
5.448132753372192383e-01
4.178546965122222900e-01
-4.855974391102790833e-02
5.177468061447143555e-01
3.991101980209350586e-01
-5.523016303777694702e-02
6.358565688133239746e-01
4.973821640014648438e-01
-3.597181290388107300e-02
6.164910793304443359e-01
4.566531181335449219e-01
-4.830104857683181763e-02
5.986108779907226562e-01
4.310293197631835938e-01
-5.346354842185974121e-02
5.813161730766296387e-01
4.099635183811187744e-01
-5.660414323210716248e-02
