7.165371179580688477e-01
5.827168822288513184e-01
1.999791976459164289e-07
6.748969554901123047e-01
5.753248333930969238e-01
-3.185866167768836021e-03
6.429475545883178711e-01
5.421887040138244629e-01
-7.359685841947793961e-03
6.278561949729919434e-01
5.115091204643249512e-01
-1.337132602930068970e-02
6.152613759040832520e-01
4.912921786308288574e-01
-2.012980729341506958e-02
6.172140836715698242e-01
4.767191410064697266e-01
-6.646094843745231628e-03
5.826690196990966797e-01
4.301806390285491943e-01
-1.992379315197467804e-02
5.559669733047485352e-01
4.057538807392120361e-01
-3.104159235954284668e-02
5.325150489807128906e-01
3.870838284492492676e-01
-3.923507034778594971e-02
6.298975944519042969e-01
4.673834741115570068e-01
-1.648209057748317719e-02
5.924099087715148926e-01
4.173496961593627930e-01
-2.934747189283370972e-02
5.619220733642578125e-01
3.891074657440185547e-01
-4.163989424705505371e-02
5.347053408622741699e-01
3.684252500534057617e-01
-5.026944354176521301e-02
6.499928236007690430e-01
4.673836529254913330e-01
-2.723818458616733551e-02
6.195351481437683105e-01
4.120799899101257324e-01
-4.116969555616378784e-02
5.945797562599182129e-01
3.812586367130279541e-01
-5.225554853677749634e-02
5.706409811973571777e-01
3.587408065795898438e-01
-5.983733385801315308e-02
6.758016347885131836e-01
4.763211309909820557e-01
-3.828195482492446899e-02
6.648644208908081055e-01
4.297251403331756592e-01
-5.134684219956398010e-02
6.506898403167724609e-01
3.996107578277587891e-01
-5.790698155760765076e-02
6.357831358909606934e-01
3.750145733356475830e-01
-6.220690533518791199e-02
