6.994937658309936523e-01
5.265661478042602539e-01
1.873084016779102967e-07
6.553807258605957031e-01
5.429164767265319824e-01
-8.952789008617401123e-03
6.140925884246826172e-01
5.258524417877197266e-01
-1.417998038232326508e-02
5.893213152885437012e-01
4.950190484523773193e-01
-2.009980194270610809e-02
5.731450915336608887e-01
4.734540581703186035e-01
-2.626232430338859558e-02
5.826558470726013184e-01
4.600150287151336670e-01
-5.912440363317728043e-03
5.438683032989501953e-01
4.248240590095520020e-01
-1.753598265349864960e-02
5.194846987724304199e-01
4.050875604152679443e-01
-2.794528752565383911e-02
4.980828166007995605e-01
3.870498538017272949e-01
-3.598639741539955139e-02
5.965266823768615723e-01
4.310573935508728027e-01
-1.267154049128293991e-02
5.522426366806030273e-01
3.921640515327453613e-01
-2.413124218583106995e-02
5.221154689788818359e-01
3.700416684150695801e-01
-3.564565628767013550e-02
4.949917793273925781e-01
3.514031469821929932e-01
-4.389677196741104126e-02
6.188458800315856934e-01
4.099162817001342773e-01
-2.123250812292098999e-02
5.807436108589172363e-01
3.587451875209808350e-01
-3.425051644444465637e-02
5.562404990196228027e-01
3.299531936645507812e-01
-4.344591870903968811e-02
5.337424278259277344e-01
3.062294721603393555e-01
-4.965189844369888306e-02
6.471775174140930176e-01
3.971629738807678223e-01
-3.067486546933650970e-02
6.228902339935302734e-01
3.522572219371795654e-01
-4.242318868637084961e-02
6.055805683135986328e-01
3.223962187767028809e-01
-4.693060740828514099e-02
5.887566208839416504e-01
2.966386079788208008e-01
-4.967553913593292236e-02
