8.053617477416992188e-01
5.211948156356811523e-01
1.952693935436400352e-07
7.651411890983581543e-01
5.034058094024658203e-01
-8.719164878129959106e-03
7.403714060783386230e-01
4.582154452800750732e-01
-1.390054635703563690e-02
7.308459281921386719e-01
4.216701984405517578e-01
-1.977341808378696442e-02
7.200200557708740234e-01
3.968471884727478027e-01
-2.621108293533325195e-02
7.441768646240234375e-01
3.790635764598846436e-01
-8.863468654453754425e-03
7.237011790275573730e-01
3.223839402198791504e-01
-2.156838588416576385e-02
7.077687382698059082e-01
2.873809933662414551e-01
-3.247634693980216980e-02
6.940071582794189453e-01
2.574842572212219238e-01
-4.053900018334388733e-02
7.631363272666931152e-01
3.687650859355926514e-01
-1.573034748435020447e-02
7.411740422248840332e-01
3.050166666507720947e-01
-2.835439331829547882e-02
7.204230427742004395e-01
2.652280628681182861e-01
-4.019093886017799377e-02
7.012158632278442383e-01
2.330862581729888916e-01
-4.857602715492248535e-02
7.852590084075927734e-01
3.715607225894927979e-01
-2.416625805199146271e-02
7.740107774734497070e-01
3.003718256950378418e-01
-3.886671736836433411e-02
7.603803277015686035e-01
2.603534758090972900e-01
-4.969124123454093933e-02
7.455341815948486328e-01
2.275371104478836060e-01
-5.680070072412490845e-02
8.085831403732299805e-01
3.875021636486053467e-01
-3.331806883215904236e-02
8.134220838546752930e-01
3.321112394332885742e-01
-4.765899851918220520e-02
8.120358586311340332e-01
2.934119403362274170e-01
-5.482716113328933716e-02
8.077142238616943359e-01
2.590640187263488770e-01
-5.929994955658912659e-02
