1.193038225173950195e-01
3.758816719055175781e-01
2.857962329017027514e-07
1.645060777664184570e-01
3.877804875373840332e-01
-2.312894724309444427e-02
2.074060738086700439e-01
3.736278712749481201e-01
-3.370771557092666626e-02
2.359616011381149292e-01
3.559719026088714600e-01
-4.251056537032127380e-02
2.454675436019897461e-01
3.251702785491943359e-01
-5.253828689455986023e-02
2.074544578790664673e-01
2.785159349441528320e-01
-2.815667726099491119e-02
2.394433617591857910e-01
2.228527069091796875e-01
-4.736182838678359985e-02
2.583584785461425781e-01
1.852044165134429932e-01
-6.236535310745239258e-02
2.732085585594177246e-01
1.520140767097473145e-01
-7.307424396276473999e-02
1.863912343978881836e-01
2.526449263095855713e-01
-2.965734526515007019e-02
2.196283936500549316e-01
1.911425888538360596e-01
-4.978933930397033691e-02
2.422915995121002197e-01
1.487809866666793823e-01
-6.705617904663085938e-02
2.603581249713897705e-01
1.140301376581192017e-01
-7.928927987813949585e-02
1.605788022279739380e-01
2.401767373085021973e-01
-3.328506276011466980e-02
1.872173547744750977e-01
1.783981919288635254e-01
-5.294263735413551331e-02
2.070097178220748901e-01
1.358567923307418823e-01
-6.742406636476516724e-02
2.242859005928039551e-01
9.966754913330078125e-02
-7.668902724981307983e-02
1.324281692504882812e-01
2.386321425437927246e-01
-3.863447159528732300e-02
1.480672061443328857e-01
1.888451874256134033e-01
-5.679079517722129822e-02
1.592060774564743042e-01
1.563928425312042236e-01
-6.625952571630477905e-02
1.708167046308517456e-01
1.258832365274429321e-01
-7.214216887950897217e-02
