7.230449914932250977e-01
5.478074550628662109e-01
1.563054610187464277e-07
6.846402287483215332e-01
5.710412859916687012e-01
-5.895174108445644379e-03
6.462880373001098633e-01
5.584510564804077148e-01
-8.803216740489006042e-03
6.231381297111511230e-01
5.328780412673950195e-01
-1.373815070837736130e-02
6.030106544494628906e-01
5.188067555427551270e-01
-1.901771873235702515e-02
6.021535992622375488e-01
4.972738623619079590e-01
4.408269654959440231e-03
5.603327155113220215e-01
4.712209999561309814e-01
-5.186337511986494064e-03
5.323044657707214355e-01
4.574739336967468262e-01
-1.575210131704807281e-02
5.074445009231567383e-01
4.450734853744506836e-01
-2.398502454161643982e-02
6.086959242820739746e-01
4.747686088085174561e-01
-2.821876201778650284e-03
5.610540509223937988e-01
4.480020701885223389e-01
-1.159994024783372879e-02
5.281256437301635742e-01
4.343008697032928467e-01
-2.257771417498588562e-02
4.979297518730163574e-01
4.229026436805725098e-01
-3.084357269108295441e-02
6.222490072250366211e-01
4.571373462677001953e-01
-1.233139634132385254e-02
5.752445459365844727e-01
4.263225793838500977e-01
-2.205156162381172180e-02
5.437778830528259277e-01
4.117910265922546387e-01
-3.064886853098869324e-02
5.151793360710144043e-01
4.015316963195800781e-01
-3.667966648936271667e-02
6.417761445045471191e-01
4.430161118507385254e-01
-2.312337420880794525e-02
6.067929863929748535e-01
4.116362929344177246e-01
-3.182258829474449158e-02
5.817703604698181152e-01
3.931913375854492188e-01
-3.627726808190345764e-02
5.583765506744384766e-01
3.790388405323028564e-01
-3.937571495771408081e-02
