8.228178024291992188e-01
4.142612218856811523e-01
2.319537770745228045e-07
7.722503542900085449e-01
4.149790108203887939e-01
-1.301898155361413956e-02
7.301735877990722656e-01
3.887574076652526855e-01
-1.978106983006000519e-02
7.071699500083923340e-01
3.531873822212219238e-01
-2.622849680483341217e-02
6.968197822570800781e-01
3.188596069812774658e-01
-3.230830654501914978e-02
7.330601811408996582e-01
3.032445609569549561e-01
-9.433514438569545746e-03
7.034556865692138672e-01
2.483443915843963623e-01
-2.232526801526546478e-02
6.870210170745849609e-01
2.151435613632202148e-01
-3.324440121650695801e-02
6.745775938034057617e-01
1.863806694746017456e-01
-4.105083271861076355e-02
7.560992836952209473e-01
2.818905115127563477e-01
-1.366220880299806595e-02
7.252579331398010254e-01
2.216267883777618408e-01
-2.496138587594032288e-02
7.044121623039245605e-01
1.846372634172439575e-01
-3.611353412270545959e-02
6.864935159683227539e-01
1.531177908182144165e-01
-4.408081248402595520e-02
7.838973999023437500e-01
2.710961401462554932e-01
-2.013310417532920837e-02
7.639799118041992188e-01
2.065626978874206543e-01
-3.313239291310310364e-02
7.505402565002441406e-01
1.675614565610885620e-01
-4.192781820893287659e-02
7.387083172798156738e-01
1.355560719966888428e-01
-4.774536564946174622e-02
8.157979846000671387e-01
2.707450389862060547e-01
-2.778253145515918732e-02
8.097028732299804688e-01
2.185920029878616333e-01
-3.979803994297981262e-02
8.050366640090942383e-01
1.851563751697540283e-01
-4.392004013061523438e-02
7.999821305274963379e-01
1.557693034410476685e-01
-4.600230231881141663e-02
