9.121372103691101074e-01
5.431293845176696777e-01
2.648340284849837190e-07
8.695173859596252441e-01
5.184022784233093262e-01
-1.491897460073232651e-02
8.445459008216857910e-01
4.700686037540435791e-01
-2.256719768047332764e-02
8.368542194366455078e-01
4.250139296054840088e-01
-2.976246923208236694e-02
8.307586908340454102e-01
3.964954912662506104e-01
-3.673110902309417725e-02
8.667082786560058594e-01
3.957710862159729004e-01
-9.801176376640796661e-03
8.592558503150939941e-01
3.372442126274108887e-01
-2.253560721874237061e-02
8.551599383354187012e-01
3.008858561515808105e-01
-3.391184285283088684e-02
8.535611033439636230e-01
2.703525722026824951e-01
-4.205213859677314758e-02
8.928522467613220215e-01
3.869332373142242432e-01
-1.282277703285217285e-02
8.866746425628662109e-01
3.211450278759002686e-01
-2.407228946685791016e-02
8.806726932525634766e-01
2.805065214633941650e-01
-3.504824265837669373e-02
8.756331205368041992e-01
2.473867088556289673e-01
-4.293959215283393860e-02
9.194992780685424805e-01
3.905459046363830566e-01
-1.833587698638439178e-02
9.238969683647155762e-01
3.245175778865814209e-01
-3.089415282011032104e-02
9.232381582260131836e-01
2.854973077774047852e-01
-3.967893868684768677e-02
9.215596318244934082e-01
2.544275820255279541e-01
-4.542195424437522888e-02
9.463222026824951172e-01
4.056837260723114014e-01
-2.533715590834617615e-02
9.602739810943603516e-01
3.540606796741485596e-01
-3.671574592590332031e-02
9.675952196121215820e-01
3.198769092559814453e-01
-4.149411246180534363e-02
9.727535247802734375e-01
2.905035614967346191e-01
-4.425312206149101257e-02
