6.957154870033264160e-01
5.619546771049499512e-01
1.876990438631764846e-07
6.530795097351074219e-01
5.600097179412841797e-01
-2.750058658421039581e-03
6.206731200218200684e-01
5.278765559196472168e-01
-6.493544671684503555e-03
6.026889085769653320e-01
4.991446435451507568e-01
-1.229706592857837677e-02
5.861449837684631348e-01
4.780880212783813477e-01
-1.885967515408992767e-02
5.931985974311828613e-01
4.764250516891479492e-01
-4.046466201543807983e-03
5.554183721542358398e-01
4.372795820236206055e-01
-1.690210960805416107e-02
5.258123278617858887e-01
4.203838407993316650e-01
-2.767500467598438263e-02
5.002751946449279785e-01
4.086647331714630127e-01
-3.546847403049468994e-02
6.008681058883666992e-01
4.667192399501800537e-01
-1.361550297588109970e-02
5.575195550918579102e-01
4.224229753017425537e-01
-2.616258710622787476e-02
5.244479775428771973e-01
3.994470834732055664e-01
-3.780387341976165771e-02
4.956712722778320312e-01
3.826917111873626709e-01
-4.584937915205955505e-02
6.171101927757263184e-01
4.638440310955047607e-01
-2.429657056927680969e-02
5.773855447769165039e-01
4.103732407093048096e-01
-3.824842348694801331e-02
5.490161180496215820e-01
3.829754292964935303e-01
-4.884731769561767578e-02
5.230491757392883301e-01
3.633073568344116211e-01
-5.598196759819984436e-02
6.396344304084777832e-01
4.686354994773864746e-01
-3.519229963421821594e-02
6.210041046142578125e-01
4.237456619739532471e-01
-4.826127365231513977e-02
6.037282347679138184e-01
3.952727615833282471e-01
-5.449527129530906677e-02
5.867017507553100586e-01
3.718169331550598145e-01
-5.856850743293762207e-02
