7.129343748092651367e-01
5.484641194343566895e-01
1.936668638791161356e-07
6.722083091735839844e-01
5.456288456916809082e-01
-1.394253224134445190e-03
6.400154232978820801e-01
5.119280815124511719e-01
-4.514676984399557114e-03
6.240289807319641113e-01
4.793263375759124756e-01
-9.877603501081466675e-03
6.144411563873291016e-01
4.566308856010437012e-01
-1.614543423056602478e-02
6.159011125564575195e-01
4.566602110862731934e-01
-3.494736505672335625e-03
5.830340981483459473e-01
4.130265116691589355e-01
-1.573150046169757843e-02
5.565080642700195312e-01
3.908192813396453857e-01
-2.622724883258342743e-02
5.335682630538940430e-01
3.747166991233825684e-01
-3.390455618500709534e-02
6.252921223640441895e-01
4.451673328876495361e-01
-1.368041615933179855e-02
5.867646932601928711e-01
3.968616127967834473e-01
-2.600072883069515228e-02
5.544872283935546875e-01
3.701737225055694580e-01
-3.749232739210128784e-02
5.258356332778930664e-01
3.503652811050415039e-01
-4.547659680247306824e-02
6.420401930809020996e-01
4.416478574275970459e-01
-2.479656599462032318e-02
6.071510910987854004e-01
3.847778439521789551e-01
-3.833163157105445862e-02
5.799590945243835449e-01
3.543063998222351074e-01
-4.893776774406433105e-02
5.550690889358520508e-01
3.319991827011108398e-01
-5.608747899532318115e-02
6.640377640724182129e-01
4.473955631256103516e-01
-3.604833409190177917e-02
6.485981941223144531e-01
3.999884426593780518e-01
-4.864710569381713867e-02
6.334741115570068359e-01
3.682887554168701172e-01
-5.477300286293029785e-02
6.189193725585937500e-01
3.413903117179870605e-01
-5.884955078363418579e-02
