2.785828113555908203e-01
5.535507798194885254e-01
2.173199220578680979e-07
3.190474510192871094e-01
5.793410539627075195e-01
-7.295037619769573212e-03
3.644738793373107910e-01
5.751043558120727539e-01
-9.247950278222560883e-03
3.948207795619964600e-01
5.658146142959594727e-01
-1.258796360343694687e-02
4.122016429901123047e-01
5.496865510940551758e-01
-1.654845848679542542e-02
4.004137814044952393e-01
5.068081617355346680e-01
1.580726238898932934e-03
4.431730508804321289e-01
4.780445694923400879e-01
-1.020016148686408997e-02
4.719408750534057617e-01
4.680986702442169189e-01
-2.172153070569038391e-02
4.946610629558563232e-01
4.636011123657226562e-01
-2.946416661143302917e-02
3.926676511764526367e-01
4.871433675289154053e-01
-3.625695826485753059e-03
4.364255666732788086e-01
4.577766358852386475e-01
-1.528617832809686661e-02
4.667953252792358398e-01
4.517508149147033691e-01
-2.751761116087436676e-02
4.904135167598724365e-01
4.515359401702880859e-01
-3.571085631847381592e-02
3.782835304737091064e-01
4.721935093402862549e-01
-1.119669526815414429e-02
4.188367724418640137e-01
4.431841075420379639e-01
-2.276134304702281952e-02
4.466718733310699463e-01
4.406937360763549805e-01
-3.146034106612205505e-02
4.677582085132598877e-01
4.446076452732086182e-01
-3.659353405237197876e-02
3.578068017959594727e-01
4.604054391384124756e-01
-1.991302892565727234e-02
3.904904425144195557e-01
4.337624907493591309e-01
-2.981421537697315216e-02
4.133478105068206787e-01
4.238994121551513672e-01
-3.422411531209945679e-02
4.319214820861816406e-01
4.199195802211761475e-01
-3.665164858102798462e-02
