8.538721799850463867e-01
5.101495385169982910e-01
1.208638593652722193e-07
8.096415996551513672e-01
5.131887197494506836e-01
-8.876660838723182678e-03
7.729778289794921875e-01
4.851751625537872314e-01
-1.427350658923387527e-02
7.552496194839477539e-01
4.509834349155426025e-01
-2.073087543249130249e-02
7.421452999114990234e-01
4.231591522693634033e-01
-2.730622142553329468e-02
7.596175074577331543e-01
4.022006094455718994e-01
-3.609334584325551987e-03
7.257953882217407227e-01
3.584446310997009277e-01
-1.551641430705785751e-02
7.022512555122375488e-01
3.344391584396362305e-01
-2.701738104224205017e-02
6.824302673339843750e-01
3.134162127971649170e-01
-3.597839176654815674e-02
7.732964158058166504e-01
3.850237131118774414e-01
-1.035516615957021713e-02
7.371677756309509277e-01
3.370275795459747314e-01
-2.199750393629074097e-02
7.103547453880310059e-01
3.123665153980255127e-01
-3.361276537179946899e-02
6.869197487831115723e-01
2.910408675670623779e-01
-4.208132624626159668e-02
7.926822304725646973e-01
3.759205937385559082e-01
-1.924426481127738953e-02
7.595606446266174316e-01
3.209592103958129883e-01
-3.143230080604553223e-02
7.368612885475158691e-01
2.917634546756744385e-01
-3.941092267632484436e-02
7.167890667915344238e-01
2.667254209518432617e-01
-4.509688168764114380e-02
8.172426819801330566e-01
3.750249445438385010e-01
-2.945988625288009644e-02
7.984930872917175293e-01
3.257494568824768066e-01
-4.061294347047805786e-02
7.834547758102416992e-01
2.934270501136779785e-01
-4.522521793842315674e-02
7.686744332313537598e-01
2.650032639503479004e-01
-4.831054061651229858e-02
