7.012290954589843750e-01
5.513316988945007324e-01
1.839896555111408816e-07
6.598889827728271484e-01
5.457399487495422363e-01
-1.781475264579057693e-03
6.307265758514404297e-01
5.109161138534545898e-01
-6.237336900085210800e-03
6.184011101722717285e-01
4.785853922367095947e-01
-1.295953989028930664e-02
6.082553267478942871e-01
4.561219513416290283e-01
-2.061924710869789124e-02
6.039652228355407715e-01
4.545567929744720459e-01
-6.129610817879438400e-03
5.685502886772155762e-01
4.154028594493865967e-01
-2.013225108385086060e-02
5.410614013671875000e-01
3.967181742191314697e-01
-3.172847256064414978e-02
5.171458721160888672e-01
3.839778304100036621e-01
-4.016344994306564331e-02
6.133774518966674805e-01
4.452509284019470215e-01
-1.673381403088569641e-02
5.737139582633972168e-01
3.999080061912536621e-01
-3.024344332516193390e-02
5.425028204917907715e-01
3.756353557109832764e-01
-4.248826205730438232e-02
5.143758654594421387e-01
3.589114546775817871e-01
-5.095366761088371277e-02
6.312022805213928223e-01
4.442038238048553467e-01
-2.826247923076152802e-02
5.964035391807556152e-01
3.924286663532257080e-01
-4.235627502202987671e-02
5.703158974647521973e-01
3.645979464054107666e-01
-5.357320606708526611e-02
5.455413460731506348e-01
3.452343940734863281e-01
-6.115789711475372314e-02
6.552757024765014648e-01
4.514710307121276855e-01
-4.000168293714523315e-02
6.408628225326538086e-01
4.061519503593444824e-01
-5.314040184020996094e-02
6.251347661018371582e-01
3.772839009761810303e-01
-6.003296002745628357e-02
6.092811226844787598e-01
3.535481691360473633e-01
-6.460481137037277222e-02
