7.724323868751525879e-01
5.255581140518188477e-01
1.845422730184509419e-07
7.304708361625671387e-01
5.133358836174011230e-01
-6.482129916548728943e-03
7.025833129882812500e-01
4.724298119544982910e-01
-1.080352254211902618e-02
6.908549666404724121e-01
4.359841346740722656e-01
-1.615588553249835968e-02
6.792001128196716309e-01
4.076920747756958008e-01
-2.209966443479061127e-02
7.000225782394409180e-01
3.925271630287170410e-01
-6.637830752879381180e-03
6.754491925239562988e-01
3.395713269710540771e-01
-1.892651244997978210e-02
6.569393873214721680e-01
3.072212040424346924e-01
-2.948874421417713165e-02
6.410994529724121094e-01
2.794733941555023193e-01
-3.750287368893623352e-02
7.189924120903015137e-01
3.802349269390106201e-01
-1.465271785855293274e-02
6.905030012130737305e-01
3.219543695449829102e-01
-2.764418721199035645e-02
6.657583117485046387e-01
2.848805189132690430e-01
-4.061067849397659302e-02
6.429669857025146484e-01
2.548572123050689697e-01
-4.992488771677017212e-02
7.415101528167724609e-01
3.806596994400024414e-01
-2.408484183251857758e-02
7.242800593376159668e-01
3.144395351409912109e-01
-4.004616662859916687e-02
7.063549757003784180e-01
2.754692733287811279e-01
-5.298979207873344421e-02
6.872308254241943359e-01
2.441759258508682251e-01
-6.149591505527496338e-02
7.652810811996459961e-01
3.942302763462066650e-01
-3.377591818571090698e-02
7.660372257232666016e-01
3.411912918090820312e-01
-4.971396923065185547e-02
7.618468999862670898e-01
3.038146197795867920e-01
-5.847160890698432922e-02
7.547948360443115234e-01
2.715483903884887695e-01
-6.398792564868927002e-02
