7.913869023323059082e-01
5.105227231979370117e-01
2.261841274275866454e-07
7.501440644264221191e-01
4.997982978820800781e-01
-1.000393461436033249e-02
7.216598391532897949e-01
4.574252963066101074e-01
-1.553451921790838242e-02
7.094978094100952148e-01
4.187207520008087158e-01
-2.130721695721149445e-02
6.956239938735961914e-01
3.945944607257843018e-01
-2.753342315554618835e-02
7.150111794471740723e-01
3.832538723945617676e-01
-1.013153977692127228e-02
6.903026700019836426e-01
3.303363323211669922e-01
-2.297205477952957153e-02
6.722010374069213867e-01
2.965009808540344238e-01
-3.383595123887062073e-02
6.568091511726379395e-01
2.681984305381774902e-01
-4.172699525952339172e-02
7.343894839286804199e-01
3.692592680454254150e-01
-1.621369086205959320e-02
7.088232040405273438e-01
3.077266216278076172e-01
-2.831522561609745026e-02
6.868514418601989746e-01
2.688973844051361084e-01
-3.956915438175201416e-02
6.672353744506835938e-01
2.385767698287963867e-01
-4.748562350869178772e-02
7.574359774589538574e-01
3.679544031620025635e-01
-2.400198951363563538e-02
7.395451664924621582e-01
3.010333180427551270e-01
-3.746800497174263000e-02
7.230477929115295410e-01
2.611759901046752930e-01
-4.790116101503372192e-02
7.066250443458557129e-01
2.289611995220184326e-01
-5.497259274125099182e-02
7.828081846237182617e-01
3.793965876102447510e-01
-3.270048275589942932e-02
7.825958132743835449e-01
3.251480460166931152e-01
-4.574414715170860291e-02
7.779194712638854980e-01
2.882158160209655762e-01
-5.234733223915100098e-02
7.712256908416748047e-01
2.567955255508422852e-01
-5.658605322241783142e-02
