7.015352845191955566e-01
5.575832128524780273e-01
2.164906334201077698e-07
6.586781740188598633e-01
5.528547763824462891e-01
-3.241632832214236259e-03
6.253463625907897949e-01
5.185161828994750977e-01
-7.105291355401277542e-03
6.082707047462463379e-01
4.862831234931945801e-01
-1.294353138655424118e-02
5.948965549468994141e-01
4.630392193794250488e-01
-1.973896473646163940e-02
6.015306711196899414e-01
4.623545408248901367e-01
-6.183816585689783096e-03
5.670944452285766602e-01
4.170099496841430664e-01
-1.935869641602039337e-02
5.410152673721313477e-01
3.929946720600128174e-01
-3.040139190852642059e-02
5.186003446578979492e-01
3.740579187870025635e-01
-3.859575465321540833e-02
6.117544174194335938e-01
4.510654509067535400e-01
-1.603236049413681030e-02
5.714896321296691895e-01
4.018136560916900635e-01
-2.966218255460262299e-02
5.400645732879638672e-01
3.741267919540405273e-01
-4.240671917796134949e-02
5.121559500694274902e-01
3.529298305511474609e-01
-5.130561068654060364e-02
6.300287842750549316e-01
4.484704434871673584e-01
-2.691845782101154327e-02
5.949298739433288574e-01
3.906927704811096191e-01
-4.220670834183692932e-02
5.681958198547363281e-01
3.603371679782867432e-01
-5.447747185826301575e-02
5.434027314186096191e-01
3.378209471702575684e-01
-6.274078041315078735e-02
6.541443467140197754e-01
4.547374546527862549e-01
-3.794451430439949036e-02
6.389765143394470215e-01
4.060991704463958740e-01
-5.273399129509925842e-02
6.233131885528564453e-01
3.747534155845642090e-01
-6.069433316588401794e-02
6.076223254203796387e-01
3.484393954277038574e-01
-6.598632782697677612e-02
