6.874595880508422852e-01
5.875673294067382812e-01
1.693388043122467934e-07
6.432188153266906738e-01
5.828524827957153320e-01
-7.365512428805232048e-04
6.103090047836303711e-01
5.490890741348266602e-01
-4.069908522069454193e-03
5.926893949508666992e-01
5.186678767204284668e-01
-9.758024476468563080e-03
5.767810344696044922e-01
4.960471391677856445e-01
-1.630562916398048401e-02
5.884121656417846680e-01
5.019925236701965332e-01
-4.975571762770414352e-03
5.522143840789794922e-01
4.618275165557861328e-01
-1.866909675300121307e-02
5.231412053108215332e-01
4.443864226341247559e-01
-2.972315251827239990e-02
4.976166188716888428e-01
4.329619407653808594e-01
-3.764146193861961365e-02
5.956753492355346680e-01
4.960879385471343994e-01
-1.549523416906595230e-02
5.536137819290161133e-01
4.532910585403442383e-01
-2.918489649891853333e-02
5.206866860389709473e-01
4.321599602699279785e-01
-4.071949422359466553e-02
4.913071393966674805e-01
4.174548089504241943e-01
-4.839262366294860840e-02
6.115313768386840820e-01
4.953158497810363770e-01
-2.675664983689785004e-02
5.718964338302612305e-01
4.464511275291442871e-01
-4.095163196325302124e-02
5.430869460105895996e-01
4.204893708229064941e-01
-5.064808204770088196e-02
5.164685845375061035e-01
4.012540578842163086e-01
-5.695729702711105347e-02
6.341509819030761719e-01
4.997671544551849365e-01
-3.809088468551635742e-02
6.138318181037902832e-01
4.587007761001586914e-01
-5.115588009357452393e-02
5.950948596000671387e-01
4.332509636878967285e-01
-5.677329748868942261e-02
5.767430067062377930e-01
4.123741090297698975e-01
-6.021055951714515686e-02
