7.165837883949279785e-01
5.822882056236267090e-01
1.915059328894130886e-07
6.742735505104064941e-01
5.750099420547485352e-01
-3.402896225452423096e-03
6.424741148948669434e-01
5.412310957908630371e-01
-7.980339229106903076e-03
6.276114583015441895e-01
5.103660225868225098e-01
-1.432322338223457336e-02
6.145811676979064941e-01
4.901636242866516113e-01
-2.148588746786117554e-02
6.170986890792846680e-01
4.772168993949890137e-01
-8.066787384450435638e-03
5.822112560272216797e-01
4.307615160942077637e-01
-2.192358672618865967e-02
5.552160143852233887e-01
4.063681960105895996e-01
-3.334699571132659912e-02
5.313705205917358398e-01
3.876930773258209229e-01
-4.167720302939414978e-02
6.298545598983764648e-01
4.681622982025146484e-01
-1.794884912669658661e-02
5.924553871154785156e-01
4.177524447441101074e-01
-3.134649991989135742e-02
5.616967082023620605e-01
3.896154165267944336e-01
-4.377599433064460754e-02
5.340750813484191895e-01
3.690548539161682129e-01
-5.246477201581001282e-02
6.500314474105834961e-01
4.684547483921051025e-01
-2.869784645736217499e-02
6.194096803665161133e-01
4.122596681118011475e-01
-4.297090321779251099e-02
5.942119956016540527e-01
3.812551200389862061e-01
-5.414694920182228088e-02
5.699706673622131348e-01
3.586265146732330322e-01
-6.177970767021179199e-02
6.759612560272216797e-01
4.774423539638519287e-01
-3.971315920352935791e-02
6.648389697074890137e-01
4.303489923477172852e-01
-5.303603410720825195e-02
6.505895256996154785e-01
3.998004198074340820e-01
-5.965812131762504578e-02
6.354764103889465332e-01
3.747936189174652100e-01
-6.399294734001159668e-02
