7.244125604629516602e-01
5.648624300956726074e-01
1.963983322639251128e-07
6.819623708724975586e-01
5.547199845314025879e-01
-3.420028369873762131e-03
6.510533094406127930e-01
5.166462063789367676e-01
-7.333861663937568665e-03
6.369143724441528320e-01
4.829850792884826660e-01
-1.288572791963815689e-02
6.247189640998840332e-01
4.612835645675659180e-01
-1.929559931159019470e-02
6.332811117172241211e-01
4.535804390907287598e-01
-8.906821720302104950e-03
6.027089953422546387e-01
4.020168483257293701e-01
-2.252912707626819611e-02
5.795052647590637207e-01
3.746185302734375000e-01
-3.327245265245437622e-02
5.584257245063781738e-01
3.527089953422546387e-01
-4.104183986783027649e-02
6.484830379486083984e-01
4.436459541320800781e-01
-1.831917837262153625e-02
6.137013435363769531e-01
3.894007802009582520e-01
-3.227874636650085449e-02
5.849076509475708008e-01
3.587081432342529297e-01
-4.421998560428619385e-02
5.584362149238586426e-01
3.353546261787414551e-01
-5.236862227320671082e-02
6.698725223541259766e-01
4.436494112014770508e-01
-2.855111658573150635e-02
6.429595947265625000e-01
3.825735449790954590e-01
-4.360150918364524841e-02
6.201250553131103516e-01
3.489402532577514648e-01
-5.457319319248199463e-02
5.973729491233825684e-01
3.239344954490661621e-01
-6.175986677408218384e-02
6.960641741752624512e-01
4.534531533718109131e-01
-3.890658542513847351e-02
6.886190176010131836e-01
4.033759832382202148e-01
-5.311119183897972107e-02
6.774470806121826172e-01
3.703625798225402832e-01
-5.993587151169776917e-02
6.647150516510009766e-01
3.433665335178375244e-01
-6.412357091903686523e-02
