8.623080253601074219e-01
5.166336297988891602e-01
2.551385023252805695e-07
8.222697377204895020e-01
4.968029856681823730e-01
-1.381778251379728317e-02
7.990561723709106445e-01
4.551339149475097656e-01
-2.249220386147499084e-02
7.972947359085083008e-01
4.169716536998748779e-01
-3.097707591950893402e-02
7.975325584411621094e-01
3.991113901138305664e-01
-4.005119204521179199e-02
8.129357695579528809e-01
3.775026202201843262e-01
-1.429394632577896118e-02
8.005817532539367676e-01
3.206450641155242920e-01
-2.773975767195224762e-02
7.919268608093261719e-01
2.839574813842773438e-01
-3.950079157948493958e-02
7.854259610176086426e-01
2.533912062644958496e-01
-4.835087433457374573e-02
8.371542692184448242e-01
3.666987717151641846e-01
-1.887132786214351654e-02
8.263298273086547852e-01
3.010605275630950928e-01
-3.165540844202041626e-02
8.156222701072692871e-01
2.600075602531433105e-01
-4.353564605116844177e-02
8.050920963287353516e-01
2.268285155296325684e-01
-5.211431905627250671e-02
8.625223636627197266e-01
3.687810003757476807e-01
-2.542042918503284454e-02
8.595890998840332031e-01
3.002047538757324219e-01
-3.920668736100196838e-02
8.539195656776428223e-01
2.589548230171203613e-01
-4.983871057629585266e-02
8.475337028503417969e-01
2.257192879915237427e-01
-5.712271854281425476e-02
8.885133862495422363e-01
3.822601437568664551e-01
-3.323023393750190735e-02
8.991473913192749023e-01
3.291616141796112061e-01
-4.611048102378845215e-02
9.040114283561706543e-01
2.926423549652099609e-01
-5.263909697532653809e-02
9.069070816040039062e-01
2.605617046356201172e-01
-5.699875578284263611e-02
