2.358485460281372070e-01
4.952427148818969727e-01
3.065003113533748547e-07
2.769086658954620361e-01
5.116916298866271973e-01
-1.198846288025379181e-02
3.189757168292999268e-01
5.026020407676696777e-01
-1.469543017446994781e-02
3.463171720504760742e-01
4.929288029670715332e-01
-1.801442168653011322e-02
3.612866997718811035e-01
4.728757441043853760e-01
-2.158520184457302094e-02
3.402637243270874023e-01
4.179171025753021240e-01
6.169357802718877792e-04
3.787667751312255859e-01
3.860862255096435547e-01
-1.091785449534654617e-02
4.052345752716064453e-01
3.681565523147583008e-01
-2.331742458045482635e-02
4.273906946182250977e-01
3.541104793548583984e-01
-3.193331509828567505e-02
3.293586671352386475e-01
3.978907465934753418e-01
-2.079257043078541756e-03
3.666517734527587891e-01
3.642795085906982422e-01
-1.108675915747880936e-02
3.921652734279632568e-01
3.454448878765106201e-01
-2.267405204474925995e-02
4.142406582832336426e-01
3.323003053665161133e-01
-3.143203258514404297e-02
3.141006827354431152e-01
3.835122883319854736e-01
-7.764663547277450562e-03
3.474477231502532959e-01
3.526117801666259766e-01
-1.615550927817821503e-02
3.700059056282043457e-01
3.338487446308135986e-01
-2.323267422616481781e-02
3.890483975410461426e-01
3.209045231342315674e-01
-2.823315188288688660e-02
2.936364412307739258e-01
3.739231228828430176e-01
-1.541508268564939499e-02
3.198167979717254639e-01
3.443912565708160400e-01
-2.312283404171466827e-02
3.380946516990661621e-01
3.268020153045654297e-01
-2.627594769001007080e-02
3.539825975894927979e-01
3.144644498825073242e-01
-2.813867107033729553e-02
