2.294260263442993164e-01
4.937633574008941650e-01
2.387341737630777061e-07
2.755803167819976807e-01
5.182993412017822266e-01
-5.749253090471029282e-03
3.187091350555419922e-01
5.116289258003234863e-01
-8.327936753630638123e-03
3.470560908317565918e-01
5.014998316764831543e-01
-1.218588091433048248e-02
3.656451404094696045e-01
4.858917891979217529e-01
-1.699427701532840729e-02
3.455567061901092529e-01
4.333106577396392822e-01
-6.195326801389455795e-03
3.884452581405639648e-01
3.991564214229583740e-01
-1.951260305941104889e-02
4.161934256553649902e-01
3.786905109882354736e-01
-3.016727045178413391e-02
4.393853843212127686e-01
3.603532612323760986e-01
-3.747950494289398193e-02
3.346176147460937500e-01
4.139031469821929932e-01
-1.302434410899877548e-02
3.821945786476135254e-01
3.779236674308776855e-01
-2.587454020977020264e-02
4.147216081619262695e-01
3.557375371456146240e-01
-3.602859750390052795e-02
4.423142075538635254e-01
3.363133966922760010e-01
-4.284995421767234802e-02
3.170921802520751953e-01
4.009692966938018799e-01
-2.145743928849697113e-02
3.626962900161743164e-01
3.620923459529876709e-01
-3.398587182164192200e-02
3.933733701705932617e-01
3.401584923267364502e-01
-4.202332347631454468e-02
4.197290837764739990e-01
3.210857510566711426e-01
-4.699667915701866150e-02
2.925288081169128418e-01
3.929855227470397949e-01
-3.058009780943393707e-02
3.227669000625610352e-01
3.609083890914916992e-01
-4.262565821409225464e-02
3.465095758438110352e-01
3.410421311855316162e-01
-4.794044047594070435e-02
3.680503368377685547e-01
3.226253986358642578e-01
-5.095142498612403870e-02
