2.355467081069946289e-01
4.916702210903167725e-01
2.859815140254795551e-07
2.747475802898406982e-01
5.152385234832763672e-01
-9.897336363792419434e-03
3.187880814075469971e-01
5.059293508529663086e-01
-1.129557285457849503e-02
3.460083901882171631e-01
4.945833384990692139e-01
-1.352803409099578857e-02
3.640147745609283447e-01
4.814388751983642578e-01
-1.594519987702369690e-02
3.492993414402008057e-01
4.214399456977844238e-01
2.509625395759940147e-03
3.883289098739624023e-01
3.927710652351379395e-01
-7.337868213653564453e-03
4.144827723503112793e-01
3.754175901412963867e-01
-1.843975670635700226e-02
4.361809194087982178e-01
3.615479469299316406e-01
-2.634451724588871002e-02
3.387445807456970215e-01
4.006964266300201416e-01
-1.035598106682300568e-03
3.796851038932800293e-01
3.701199293136596680e-01
-8.464921265840530396e-03
4.075423777103424072e-01
3.506229221820831299e-01
-1.872975938022136688e-02
4.319240748882293701e-01
3.366994857788085938e-01
-2.646602317690849304e-02
3.227756023406982422e-01
3.867889046669006348e-01
-7.294795010238885880e-03
3.597526252269744873e-01
3.562691211700439453e-01
-1.511464454233646393e-02
3.849114775657653809e-01
3.374061286449432373e-01
-2.256136201322078705e-02
4.069502651691436768e-01
3.244527280330657959e-01
-2.780607901513576508e-02
2.999996244907379150e-01
3.777907490730285645e-01
-1.526587549597024918e-02
3.278782069683074951e-01
3.509417772293090820e-01
-2.324404940009117126e-02
3.469584584236145020e-01
3.339844942092895508e-01
-2.684804983437061310e-02
3.643544912338256836e-01
3.220928311347961426e-01
-2.894483506679534912e-02
