6.991975903511047363e-01
5.261782407760620117e-01
2.187082941418339033e-07
6.564881801605224609e-01
5.427401661872863770e-01
-9.891455061733722687e-03
6.161606311798095703e-01
5.257505178451538086e-01
-1.563626900315284729e-02
5.919143557548522949e-01
4.938681721687316895e-01
-2.172540873289108276e-02
5.766097903251647949e-01
4.733053743839263916e-01
-2.801348268985748291e-02
5.841618180274963379e-01
4.612097740173339844e-01
-7.155332248657941818e-03
5.465167760848999023e-01
4.240979552268981934e-01
-1.865998096764087677e-02
5.237656235694885254e-01
4.039717614650726318e-01
-2.905550785362720490e-02
5.035369396209716797e-01
3.860039114952087402e-01
-3.692063316702842712e-02
5.983998775482177734e-01
4.320327043533325195e-01
-1.312256325036287308e-02
5.554457306861877441e-01
3.909561336040496826e-01
-2.429375611245632172e-02
5.255908966064453125e-01
3.681034743785858154e-01
-3.603393584489822388e-02
4.986678957939147949e-01
3.493233025074005127e-01
-4.445829987525939941e-02
6.205994486808776855e-01
4.109623432159423828e-01
-2.083892002701759338e-02
5.845181345939636230e-01
3.592052161693572998e-01
-3.323569521307945251e-02
5.604097843170166016e-01
3.300469517707824707e-01
-4.293410480022430420e-02
5.383188724517822266e-01
3.059069216251373291e-01
-4.959876090288162231e-02
6.483430266380310059e-01
3.985480368137359619e-01
-2.948427759110927582e-02
6.252816319465637207e-01
3.530095517635345459e-01
-4.074785113334655762e-02
6.085432767868041992e-01
3.237838745117187500e-01
-4.547842592000961304e-02
5.923054218292236328e-01
2.986298799514770508e-01
-4.845855757594108582e-02
