9.196681380271911621e-01
5.515609979629516602e-01
1.981944279805247788e-07
8.774640560150146484e-01
5.248316526412963867e-01
-1.035399176180362701e-02
8.526213169097900391e-01
4.758158922195434570e-01
-1.488193590193986893e-02
8.427756428718566895e-01
4.307428002357482910e-01
-1.971655152738094330e-02
8.314748406410217285e-01
4.015725851058959961e-01
-2.446254715323448181e-02
8.829758167266845703e-01
4.035556912422180176e-01
-3.634658642113208771e-03
8.745596408843994141e-01
3.449438214302062988e-01
-1.330044679343700409e-02
8.703481554985046387e-01
3.092356920242309570e-01
-2.257603965699672699e-02
8.681489825248718262e-01
2.797086834907531738e-01
-2.960056066513061523e-02
9.096185564994812012e-01
3.968558609485626221e-01
-8.344816043972969055e-03
9.050316810607910156e-01
3.301986455917358398e-01
-1.717285439372062683e-02
8.995846509933471680e-01
2.894480228424072266e-01
-2.715204097330570221e-02
8.943018913269042969e-01
2.561909854412078857e-01
-3.454938530921936035e-02
9.357646703720092773e-01
4.023478627204895020e-01
-1.522579230368137360e-02
9.416874647140502930e-01
3.361690044403076172e-01
-2.596865221858024597e-02
9.412025213241577148e-01
2.956258058547973633e-01
-3.428826853632926941e-02
9.392467141151428223e-01
2.621175348758697510e-01
-4.014772176742553711e-02
9.612810611724853516e-01
4.191299676895141602e-01
-2.321300096809864044e-02
9.773759245872497559e-01
3.707473576068878174e-01
-3.316915407776832581e-02
9.849441647529602051e-01
3.367636203765869141e-01
-3.741499409079551697e-02
9.897367954254150391e-01
3.063267469406127930e-01
-4.011998325586318970e-02
