6.902010440826416016e-01
5.815626382827758789e-01
1.746105198208169895e-07
6.490449905395507812e-01
5.786504149436950684e-01
-2.321409527212381363e-03
6.166599392890930176e-01
5.456867814064025879e-01
-6.308788899332284927e-03
5.993230342864990234e-01
5.156947374343872070e-01
-1.208365801721811295e-02
5.842894911766052246e-01
4.968734979629516602e-01
-1.870910637080669403e-02
5.876315236091613770e-01
4.986709058284759521e-01
-6.879806984215974808e-03
5.482659935951232910e-01
4.616542160511016846e-01
-2.092397399246692657e-02
5.185648202896118164e-01
4.463781714439392090e-01
-3.242759779095649719e-02
4.923307895660400391e-01
4.365333616733551025e-01
-4.046873375773429871e-02
5.961505174636840820e-01
4.918228685855865479e-01
-1.683274470269680023e-02
5.525777935981750488e-01
4.508078694343566895e-01
-3.016219474375247955e-02
5.184245705604553223e-01
4.312575459480285645e-01
-4.220800101757049561e-02
4.876966774463653564e-01
4.179656207561492920e-01
-5.045170709490776062e-02
6.130608916282653809e-01
4.904555380344390869e-01
-2.752165123820304871e-02
5.750076770782470703e-01
4.415573477745056152e-01
-4.125795513391494751e-02
5.458540916442871094e-01
4.161133170127868652e-01
-5.128597468137741089e-02
5.190157294273376465e-01
3.976842164993286133e-01
-5.790755525231361389e-02
6.362304687500000000e-01
4.954936802387237549e-01
-3.840219229459762573e-02
6.155769228935241699e-01
4.551565647125244141e-01
-5.053285509347915649e-02
5.978311896324157715e-01
4.295561909675598145e-01
-5.544340983033180237e-02
5.810155868530273438e-01
4.081741273403167725e-01
-5.847579985857009888e-02
