7.028131484985351562e-01
5.520577430725097656e-01
1.828753539712124621e-07
6.604964733123779297e-01
5.483764410018920898e-01
-9.050969965755939484e-04
6.307360529899597168e-01
5.143324136734008789e-01
-5.039726849645376205e-03
6.186870336532592773e-01
4.850299656391143799e-01
-1.152544189244508743e-02
6.105751991271972656e-01
4.646686017513275146e-01
-1.914339512586593628e-02
6.064457893371582031e-01
4.576095640659332275e-01
-5.806955974549055099e-03
5.711824893951416016e-01
4.148578345775604248e-01
-1.913736015558242798e-02
5.433186292648315430e-01
3.938214778900146484e-01
-3.002367168664932251e-02
5.191722512245178223e-01
3.791996836662292480e-01
-3.804304078221321106e-02
6.158708333969116211e-01
4.484401345252990723e-01
-1.688031107187271118e-02
5.744651556015014648e-01
4.025778472423553467e-01
-3.039143048226833344e-02
5.425519347190856934e-01
3.777565956115722656e-01
-4.234439507126808167e-02
5.139615535736083984e-01
3.603094220161437988e-01
-5.051255226135253906e-02
6.335120201110839844e-01
4.472104310989379883e-01
-2.865576557815074921e-02
5.965403318405151367e-01
3.927854895591735840e-01
-4.364752769470214844e-02
5.693427920341491699e-01
3.643030524253845215e-01
-5.458473414182662964e-02
5.432242155075073242e-01
3.441637158393859863e-01
-6.180253997445106506e-02
6.572741866111755371e-01
4.541984796524047852e-01
-4.033957421779632568e-02
6.417424082756042480e-01
4.086532592773437500e-01
-5.440136045217514038e-02
6.260873675346374512e-01
3.793040812015533447e-01
-6.078362837433815002e-02
6.100474596023559570e-01
3.549577295780181885e-01
-6.487345695495605469e-02
