9.132753014564514160e-01
5.419591069221496582e-01
2.355191810465839808e-07
8.719036579132080078e-01
5.187843441963195801e-01
-1.779699884355068207e-02
8.487381935119628906e-01
4.728766977787017822e-01
-2.715422958135604858e-02
8.422120213508605957e-01
4.293378889560699463e-01
-3.571271896362304688e-02
8.367355465888977051e-01
3.970598280429840088e-01
-4.406831413507461548e-02
8.653891682624816895e-01
3.961294293403625488e-01
-1.299594249576330185e-02
8.569697141647338867e-01
3.387467563152313232e-01
-2.714675664901733398e-02
8.520810604095458984e-01
3.027159571647644043e-01
-3.959351405501365662e-02
8.500071763992309570e-01
2.737850546836853027e-01
-4.846582561731338501e-02
8.923440575599670410e-01
3.869801163673400879e-01
-1.541246473789215088e-02
8.857141733169555664e-01
3.215289115905761719e-01
-2.822681702673435211e-02
8.801212906837463379e-01
2.808672189712524414e-01
-4.046482592821121216e-02
8.749462962150573730e-01
2.483450323343276978e-01
-4.920471459627151489e-02
9.193820357322692871e-01
3.912672698497772217e-01
-2.064703963696956635e-02
9.246667623519897461e-01
3.248879313468933105e-01
-3.490941226482391357e-02
9.242819547653198242e-01
2.865378856658935547e-01
-4.531930759549140930e-02
9.219698309898376465e-01
2.549791336059570312e-01
-5.220488831400871277e-02
9.461562633514404297e-01
4.072895646095275879e-01
-2.746212854981422424e-02
9.608855247497558594e-01
3.564243912696838379e-01
-4.061482101678848267e-02
9.682699441909790039e-01
3.228715360164642334e-01
-4.677800461649894714e-02
9.730844497680664062e-01
2.933129668235778809e-01
-5.053767189383506775e-02
