7.187713980674743652e-01
5.749983787536621094e-01
-9.369345832510589389e-08
6.593281626701354980e-01
5.871289968490600586e-01
7.919734343886375427e-03
6.251279711723327637e-01
5.518292188644409180e-01
8.807367645204067230e-03
6.036736369132995605e-01
5.223008394241333008e-01
6.585535127669572830e-03
5.866852998733520508e-01
5.006827116012573242e-01
3.158359555527567863e-03
6.185793280601501465e-01
4.720306694507598877e-01
5.964740645140409470e-03
5.640322566032409668e-01
4.788293242454528809e-01
-3.731668228283524513e-03
5.245134830474853516e-01
4.806005954742431641e-01
-1.325766090303659439e-02
4.911997318267822266e-01
4.788374304771423340e-01
-2.085395157337188721e-02
6.233872771263122559e-01
4.675241112709045410e-01
-5.938839633017778397e-03
5.578528642654418945e-01
4.741744995117187500e-01
-1.689160056412220001e-02
5.145457983016967773e-01
4.762039184570312500e-01
-2.684513852000236511e-02
4.779542088508605957e-01
4.750364720821380615e-01
-3.465495258569717407e-02
6.258347630500793457e-01
4.795999228954315186e-01
-1.810433529317378998e-02
5.611485838890075684e-01
4.798012077808380127e-01
-3.135204315185546875e-02
5.187841057777404785e-01
4.786850810050964355e-01
-3.998341411352157593e-02
4.847569465637207031e-01
4.749878644943237305e-01
-4.560709744691848755e-02
6.241460442543029785e-01
5.050991177558898926e-01
-2.965610101819038391e-02
5.774856209754943848e-01
4.939272999763488770e-01
-4.195261374115943909e-02
5.467708706855773926e-01
4.874169826507568359e-01
-4.807217791676521301e-02
5.197100639343261719e-01
4.798438549041748047e-01
-5.214637145400047302e-02
