8.855077624320983887e-01
5.138546228408813477e-01
1.981915715987270232e-07
8.455245494842529297e-01
4.842232465744018555e-01
-6.439235527068376541e-03
8.277397155761718750e-01
4.302264750003814697e-01
-8.146532811224460602e-03
8.247884511947631836e-01
3.864592015743255615e-01
-1.147561334073543549e-02
8.161728382110595703e-01
3.693613708019256592e-01
-1.552235148847103119e-02
8.495334386825561523e-01
3.595953881740570068e-01
2.386035863310098648e-03
8.429004549980163574e-01
2.976356446743011475e-01
-6.465661339461803436e-03
8.375898003578186035e-01
2.565708458423614502e-01
-1.601180434226989746e-02
8.335341215133666992e-01
2.208763957023620605e-01
-2.374193817377090454e-02
8.738460540771484375e-01
3.531990349292755127e-01
-4.655832890421152115e-03
8.660507202148437500e-01
2.841093838214874268e-01
-1.373920962214469910e-02
8.561041355133056641e-01
2.369496971368789673e-01
-2.475429326295852661e-02
8.465015292167663574e-01
1.966530084609985352e-01
-3.285297006368637085e-02
8.994137048721313477e-01
3.579751253128051758e-01
-1.369452197104692459e-02
9.025007486343383789e-01
2.848852276802062988e-01
-2.551388740539550781e-02
9.002972841262817383e-01
2.384729981422424316e-01
-3.575953841209411621e-02
8.964126110076904297e-01
1.996704339981079102e-01
-4.260119050741195679e-02
9.251280426979064941e-01
3.731581568717956543e-01
-2.360366657376289368e-02
9.396127462387084961e-01
3.193658888339996338e-01
-3.439913690090179443e-02
9.466142654418945312e-01
2.814939618110656738e-01
-3.981769829988479614e-02
9.505257010459899902e-01
2.473421096801757812e-01
-4.354083165526390076e-02
