7.747539281845092773e-01
5.246530175209045410e-01
1.802107902904026560e-07
7.324172258377075195e-01
5.127930641174316406e-01
-6.761043332517147064e-03
7.038863301277160645e-01
4.722014069557189941e-01
-1.135861314833164215e-02
6.911365389823913574e-01
4.362156987190246582e-01
-1.699221692979335785e-02
6.793103218078613281e-01
4.072525203227996826e-01
-2.315448224544525146e-02
7.011079788208007812e-01
3.934036791324615479e-01
-7.120551541447639465e-03
6.760544776916503906e-01
3.393223881721496582e-01
-1.957199908792972565e-02
6.571485996246337891e-01
3.062815070152282715e-01
-3.010113537311553955e-02
6.409922242164611816e-01
2.781881093978881836e-01
-3.805888444185256958e-02
7.196993827819824219e-01
3.812910616397857666e-01
-1.498673856258392334e-02
6.911309957504272461e-01
3.218427002429962158e-01
-2.818942628800868988e-02
6.662704944610595703e-01
2.844516038894653320e-01
-4.099436849355697632e-02
6.433309912681579590e-01
2.543773055076599121e-01
-5.012624710798263550e-02
7.419589161872863770e-01
3.816061615943908691e-01
-2.427320182323455811e-02
7.247477173805236816e-01
3.141985535621643066e-01
-4.032962769269943237e-02
7.069588899612426758e-01
2.750848531723022461e-01
-5.305897817015647888e-02
6.879289746284484863e-01
2.438477426767349243e-01
-6.135118380188941956e-02
7.655328512191772461e-01
3.948464393615722656e-01
-3.383544832468032837e-02
7.663908600807189941e-01
3.412332534790039062e-01
-4.977664351463317871e-02
7.625012993812561035e-01
3.037757873535156250e-01
-5.842091888189315796e-02
7.556161880493164062e-01
2.714865803718566895e-01
-6.378933787345886230e-02
