2.150508463382720947e-01
4.991620779037475586e-01
2.734497002165880986e-07
2.620202004909515381e-01
5.138285756111145020e-01
-6.831269711256027222e-03
3.071480989456176758e-01
5.033434629440307617e-01
-8.542239665985107422e-03
3.343720138072967529e-01
4.947785437107086182e-01
-1.239277794957160950e-02
3.537300527095794678e-01
4.782268404960632324e-01
-1.665763556957244873e-02
3.330967426300048828e-01
4.126973450183868408e-01
6.911389995366334915e-03
3.711777925491333008e-01
3.819594681262969971e-01
-4.150976892560720444e-03
3.961402773857116699e-01
3.637083768844604492e-01
-1.659229025244712830e-02
4.184273779392242432e-01
3.497964441776275635e-01
-2.502653189003467560e-02
3.203483819961547852e-01
3.908340632915496826e-01
1.227391185238957405e-03
3.574632704257965088e-01
3.532217741012573242e-01
-5.919901654124259949e-03
3.829088807106018066e-01
3.322384953498840332e-01
-1.625507883727550507e-02
4.066547751426696777e-01
3.180457949638366699e-01
-2.380104735493659973e-02
3.012174963951110840e-01
3.761176168918609619e-01
-7.178773637861013412e-03
3.341198563575744629e-01
3.372285366058349609e-01
-1.444785669445991516e-02
3.559179008007049561e-01
3.188455104827880859e-01
-1.887452416121959686e-02
3.766196668148040771e-01
3.070287108421325684e-01
-2.170918509364128113e-02
2.753055095672607422e-01
3.688017427921295166e-01
-1.724034361541271210e-02
2.991986572742462158e-01
3.349840342998504639e-01
-2.322780154645442963e-02
3.165247738361358643e-01
3.173877298831939697e-01
-2.264744229614734650e-02
3.333173692226409912e-01
3.051130175590515137e-01
-2.136002108454704285e-02
