2.056568562984466553e-01
4.777745604515075684e-01
2.619605368181510130e-07
2.500751316547393799e-01
4.976707696914672852e-01
-9.133528918027877808e-03
2.920109033584594727e-01
4.901746213436126709e-01
-1.282052695751190186e-02
3.192870616912841797e-01
4.777376353740692139e-01
-1.728593744337558746e-02
3.389216065406799316e-01
4.599353075027465820e-01
-2.245060540735721588e-02
3.147665560245513916e-01
4.026490151882171631e-01
-6.568993907421827316e-03
3.549164533615112305e-01
3.696732819080352783e-01
-1.913481205701828003e-02
3.797274827957153320e-01
3.477587997913360596e-01
-3.031354025006294250e-02
4.006161093711853027e-01
3.269264101982116699e-01
-3.810781612992286682e-02
3.031751811504364014e-01
3.824274539947509766e-01
-1.156685966998338699e-02
3.471626937389373779e-01
3.451579511165618896e-01
-2.247278392314910889e-02
3.763151168823242188e-01
3.197289109230041504e-01
-3.214380145072937012e-02
4.012064337730407715e-01
2.969470620155334473e-01
-3.913062438368797302e-02
2.853660583496093750e-01
3.697247803211212158e-01
-1.860410906374454498e-02
3.260447978973388672e-01
3.293310105800628662e-01
-2.945791929960250854e-02
3.531745076179504395e-01
3.047194480895996094e-01
-3.666539490222930908e-02
3.760897815227508545e-01
2.834451198577880859e-01
-4.131609946489334106e-02
2.602602839469909668e-01
3.623428642749786377e-01
-2.682900056242942810e-02
2.872002720832824707e-01
3.280603289604187012e-01
-3.688244894146919250e-02
3.083041012287139893e-01
3.061413764953613281e-01
-4.083671420812606812e-02
3.272992372512817383e-01
2.868023514747619629e-01
-4.304931312799453735e-02
