7.529770135879516602e-01
5.796034336090087891e-01
1.298347882539019338e-07
7.106447219848632812e-01
5.911210775375366211e-01
4.778925795108079910e-03
6.758399009704589844e-01
5.664133429527282715e-01
4.034312907606363297e-03
6.543110013008117676e-01
5.441412925720214844e-01
9.867483458947390318e-05
6.330267786979675293e-01
5.289545655250549316e-01
-4.511114675551652908e-03
6.404983997344970703e-01
5.183178782463073730e-01
6.211462896317243576e-03
5.948204994201660156e-01
4.949036240577697754e-01
-2.246489748358726501e-03
5.627182722091674805e-01
4.856260120868682861e-01
-9.725663810968399048e-03
5.361591577529907227e-01
4.780693054199218750e-01
-1.535964105278253555e-02
6.430836915969848633e-01
5.075431466102600098e-01
-4.885789006948471069e-03
5.896455645561218262e-01
4.837535917758941650e-01
-1.398379914462566376e-02
5.533742904663085938e-01
4.740443527698516846e-01
-2.256719581782817841e-02
5.221426486968994141e-01
4.667578041553497314e-01
-2.849351055920124054e-02
6.527955532073974609e-01
5.030291080474853516e-01
-1.669704169034957886e-02
5.989820361137390137e-01
4.730668962001800537e-01
-2.781021036207675934e-02
5.644494295120239258e-01
4.604803323745727539e-01
-3.645211830735206604e-02
5.347459316253662109e-01
4.527728855609893799e-01
-4.200159013271331787e-02
6.667049527168273926e-01
5.041922330856323242e-01
-2.816100791096687317e-02
6.347260475158691406e-01
4.728269279003143311e-01
-3.712494298815727234e-02
6.111655235290527344e-01
4.548398256301879883e-01
-4.177559167146682739e-02
5.886844396591186523e-01
4.408647418022155762e-01
-4.504881054162979126e-02
