1.845715045928955078e-01
4.599097371101379395e-01
2.994515853060875088e-07
2.288352549076080322e-01
4.757334887981414795e-01
-1.137304771691560745e-02
2.718321681022644043e-01
4.692972004413604736e-01
-1.720197312533855438e-02
2.982271313667297363e-01
4.524751901626586914e-01
-2.312279120087623596e-02
3.185330033302307129e-01
4.306737780570983887e-01
-2.951677516102790833e-02
2.916481792926788330e-01
3.802394568920135498e-01
-1.049828995019197464e-02
3.301163911819458008e-01
3.410381078720092773e-01
-2.369648404419422150e-02
3.527494370937347412e-01
3.166924417018890381e-01
-3.449003025889396667e-02
3.721747100353240967e-01
2.955375015735626221e-01
-4.162572324275970459e-02
2.773977220058441162e-01
3.581632077693939209e-01
-1.452182419598102570e-02
3.197957277297973633e-01
3.139378130435943604e-01
-2.624894678592681885e-02
3.476433753967285156e-01
2.860514521598815918e-01
-3.593401238322257996e-02
3.716975152492523193e-01
2.633354663848876953e-01
-4.246310517191886902e-02
2.569817006587982178e-01
3.455103039741516113e-01
-2.048845775425434113e-02
2.972259223461151123e-01
2.983694672584533691e-01
-3.223937004804611206e-02
3.232203125953674316e-01
2.707698643207550049e-01
-3.962723538279533386e-02
3.458055555820465088e-01
2.486910521984100342e-01
-4.399907588958740234e-02
2.297124415636062622e-01
3.398233056068420410e-01
-2.756392583250999451e-02
2.567397058010101318e-01
3.016798496246337891e-01
-3.865342587232589722e-02
2.760241329669952393e-01
2.778544723987579346e-01
-4.261707887053489685e-02
2.934329211711883545e-01
2.569800019264221191e-01
-4.426480829715728760e-02
