1.542260646820068359e-01
4.521450698375701904e-01
3.011648743722616928e-07
2.014834284782409668e-01
4.647207856178283691e-01
-1.526924874633550644e-02
2.428383827209472656e-01
4.537677168846130371e-01
-2.142536267638206482e-02
2.671713531017303467e-01
4.329957365989685059e-01
-2.709858492016792297e-02
2.827288806438446045e-01
4.077969491481781006e-01
-3.324156999588012695e-02
2.529627680778503418e-01
3.645404279232025146e-01
-1.245970558375120163e-02
2.860286831855773926e-01
3.226716816425323486e-01
-2.641594782471656799e-02
3.063929677009582520e-01
2.960962355136871338e-01
-3.815511241555213928e-02
3.241937458515167236e-01
2.729442417621612549e-01
-4.633253812789916992e-02
2.359551936388015747e-01
3.424026370048522949e-01
-1.512571983039379120e-02
2.731291055679321289e-01
2.928785085678100586e-01
-2.817838825285434723e-02
2.989866733551025391e-01
2.612817585468292236e-01
-3.998045623302459717e-02
3.213443756103515625e-01
2.353897094726562500e-01
-4.824684187769889832e-02
2.131709903478622437e-01
3.309138715267181396e-01
-2.021639235317707062e-02
2.489730864763259888e-01
2.793435156345367432e-01
-3.423234075307846069e-02
2.729663848876953125e-01
2.471728920936584473e-01
-4.538626223802566528e-02
2.941918969154357910e-01
2.206448018550872803e-01
-5.233751982450485229e-02
1.847349107265472412e-01
3.270954787731170654e-01
-2.660473808646202087e-02
2.077999711036682129e-01
2.852161228656768799e-01
-4.066097363829612732e-02
2.247873693704605103e-01
2.574945688247680664e-01
-4.821845516562461853e-02
2.412742525339126587e-01
2.323005050420761108e-01
-5.259344726800918579e-02
