7.767113447189331055e-01
5.127574205398559570e-01
2.307766067133343313e-07
7.351885437965393066e-01
5.033046007156372070e-01
-7.188200950622558594e-03
7.060438990592956543e-01
4.607878625392913818e-01
-1.095592323690652847e-02
6.941362619400024414e-01
4.233703613281250000e-01
-1.547436323016881943e-02
6.849110126495361328e-01
3.991789519786834717e-01
-2.083699963986873627e-02
6.994019150733947754e-01
3.917193710803985596e-01
-8.295033127069473267e-03
6.745052337646484375e-01
3.382723033428192139e-01
-1.990252546966075897e-02
6.567851305007934570e-01
3.041747510433197021e-01
-2.972468361258506775e-02
6.425869464874267578e-01
2.753959894180297852e-01
-3.713338822126388550e-02
7.178522348403930664e-01
3.799966275691986084e-01
-1.536963507533073425e-02
6.906794905662536621e-01
3.206267356872558594e-01
-2.772639691829681396e-02
6.679515242576599121e-01
2.827451229095458984e-01
-3.953283652663230896e-02
6.479194760322570801e-01
2.522224187850952148e-01
-4.779684916138648987e-02
7.403018474578857422e-01
3.792390823364257812e-01
-2.378073334693908691e-02
7.219505906105041504e-01
3.136271238327026367e-01
-3.858907520771026611e-02
7.041879296302795410e-01
2.738170027732849121e-01
-5.058443546295166016e-02
6.866865158081054688e-01
2.411706745624542236e-01
-5.861544981598854065e-02
7.652441263198852539e-01
3.893968462944030762e-01
-3.258384391665458679e-02
7.648225426673889160e-01
3.343367874622344971e-01
-4.774888977408409119e-02
7.599220871925354004e-01
2.967484295368194580e-01
-5.584144592285156250e-02
7.525671720504760742e-01
2.640848755836486816e-01
-6.106205284595489502e-02
