9.244009256362915039e-01
5.540561079978942871e-01
2.334757027711020783e-07
8.817009925842285156e-01
5.264606475830078125e-01
-1.153068058192729950e-02
8.577067852020263672e-01
4.771646857261657715e-01
-1.716629229485988617e-02
8.521186709403991699e-01
4.313224256038665771e-01
-2.301405742764472961e-02
8.482529520988464355e-01
4.008666872978210449e-01
-2.845001593232154846e-02
8.871266245841979980e-01
4.057292342185974121e-01
-4.839506000280380249e-03
8.819467425346374512e-01
3.475918471813201904e-01
-1.527850329875946045e-02
8.794634342193603516e-01
3.114131093025207520e-01
-2.516313828527927399e-02
8.784212470054626465e-01
2.810281515121459961e-01
-3.273397311568260193e-02
9.133620858192443848e-01
3.992581069469451904e-01
-9.357633069157600403e-03
9.092982411384582520e-01
3.331022560596466064e-01
-1.921567693352699280e-02
9.044713377952575684e-01
2.908674478530883789e-01
-2.967213839292526245e-02
8.999037742614746094e-01
2.557241916656494141e-01
-3.734984248876571655e-02
9.400074481964111328e-01
4.053995311260223389e-01
-1.620252616703510284e-02
9.465900659561157227e-01
3.370725810527801514e-01
-2.842669002711772919e-02
9.483407735824584961e-01
2.950220406055450439e-01
-3.754841908812522888e-02
9.480280876159667969e-01
2.605601549148559570e-01
-4.364876449108123779e-02
9.669378399848937988e-01
4.234914481639862061e-01
-2.417217753827571869e-02
9.851832985877990723e-01
3.731127977371215820e-01
-3.565612062811851501e-02
9.940034747123718262e-01
3.379233479499816895e-01
-4.086927324533462524e-02
9.991849064826965332e-01
3.064730465412139893e-01
-4.408271610736846924e-02
