7.387728095054626465e-01
5.716110467910766602e-01
-1.139137637551357329e-07
6.945362687110900879e-01
5.833072662353515625e-01
-3.108118427917361259e-03
6.557818055152893066e-01
5.600190162658691406e-01
-5.003289785236120224e-03
6.322543621063232422e-01
5.366180539131164551e-01
-9.329431690275669098e-03
6.096647977828979492e-01
5.169606804847717285e-01
-1.415510661900043488e-02
6.386882066726684570e-01
5.008835792541503906e-01
3.311499953269958496e-03
5.980685949325561523e-01
4.818305075168609619e-01
-8.263748139142990112e-03
5.639935135841369629e-01
4.685539007186889648e-01
-1.928070560097694397e-02
5.374502539634704590e-01
4.600310921669006348e-01
-2.756692841649055481e-02
6.448106169700622559e-01
4.884406626224517822e-01
-5.301219411194324493e-03
5.949668288230895996e-01
4.710644781589508057e-01
-1.617702469229698181e-02
5.570570230484008789e-01
4.578925371170043945e-01
-2.724158205091953278e-02
5.265377759933471680e-01
4.522014856338500977e-01
-3.548495471477508545e-02
6.519659161567687988e-01
4.834961295127868652e-01
-1.592266000807285309e-02
6.027477979660034180e-01
4.654326438903808594e-01
-2.795448899269104004e-02
5.649544000625610352e-01
4.552522897720336914e-01
-3.706222027540206909e-02
5.351060032844543457e-01
4.511826932430267334e-01
-4.260747879743576050e-02
6.610052585601806641e-01
4.872340261936187744e-01
-2.745294943451881409e-02
6.179983615875244141e-01
4.685656130313873291e-01
-4.019449651241302490e-02
5.861373543739318848e-01
4.573222994804382324e-01
-4.667731001973152161e-02
5.602807402610778809e-01
4.513669908046722412e-01
-5.027262493968009949e-02
