7.682651877403259277e-01
5.225473046302795410e-01
3.210063539427210344e-07
7.283839583396911621e-01
5.252384543418884277e-01
-1.194997131824493408e-02
6.954119801521301270e-01
5.054057240486145020e-01
-2.322099730372428894e-02
6.798149943351745605e-01
4.866410791873931885e-01
-3.508820384740829468e-02
6.676777005195617676e-01
4.759328961372375488e-01
-4.828633368015289307e-02
6.707661151885986328e-01
4.128877818584442139e-01
-1.850873231887817383e-02
6.450436115264892578e-01
3.646102547645568848e-01
-3.550768271088600159e-02
6.277658343315124512e-01
3.351958394050598145e-01
-4.992719367146492004e-02
6.135830283164978027e-01
3.103005886077880859e-01
-6.072238087654113770e-02
6.894059181213378906e-01
3.952510058879852295e-01
-2.736956626176834106e-02
6.574448943138122559e-01
3.366470634937286377e-01
-4.464114084839820862e-02
6.329087018966674805e-01
2.993758022785186768e-01
-6.028940156102180481e-02
6.093986630439758301e-01
2.691686749458312988e-01
-7.120703905820846558e-02
7.140498161315917969e-01
3.926303088665008545e-01
-3.785285726189613342e-02
6.911437511444091797e-01
3.294746279716491699e-01
-5.662879347801208496e-02
6.717577576637268066e-01
2.919222116470336914e-01
-7.159576565027236938e-02
6.511403322219848633e-01
2.604705095291137695e-01
-8.185997605323791504e-02
7.426587939262390137e-01
4.046939611434936523e-01
-4.890123009681701660e-02
7.404738664627075195e-01
3.560553491115570068e-01
-6.657906621694564819e-02
7.342737913131713867e-01
3.229026198387145996e-01
-7.538203895092010498e-02
7.258067131042480469e-01
2.930012941360473633e-01
-8.129737526178359985e-02
