7.888891100883483887e-01
5.225968360900878906e-01
2.232953022485162364e-07
7.446545958518981934e-01
5.085759758949279785e-01
-1.024328917264938354e-02
7.169880867004394531e-01
4.691556096076965332e-01
-1.551095116883516312e-02
7.066721320152282715e-01
4.291878044605255127e-01
-2.156705781817436218e-02
6.935821771621704102e-01
4.016655683517456055e-01
-2.792153507471084595e-02
7.160140872001647949e-01
3.848773539066314697e-01
-3.111557103693485260e-03
6.945353150367736816e-01
3.303984403610229492e-01
-1.466275285929441452e-02
6.781070828437805176e-01
2.942901551723480225e-01
-2.597033046185970306e-02
6.653366088867187500e-01
2.633605897426605225e-01
-3.473979979753494263e-02
7.362989783287048340e-01
3.689113259315490723e-01
-9.210389107465744019e-03
7.123144865036010742e-01
3.068700432777404785e-01
-2.027746289968490601e-02
6.922944784164428711e-01
2.663188278675079346e-01
-3.258683905005455017e-02
6.744629740715026855e-01
2.341470867395401001e-01
-4.182744771242141724e-02
7.599716186523437500e-01
3.658881485462188721e-01
-1.774047315120697021e-02
7.477713823318481445e-01
2.990759015083312988e-01
-3.131116926670074463e-02
7.343047857284545898e-01
2.571559250354766846e-01
-4.300301149487495422e-02
7.204282283782958984e-01
2.233227044343948364e-01
-5.122554302215576172e-02
7.851490378379821777e-01
3.760675489902496338e-01
-2.734286338090896606e-02
7.893869280815124512e-01
3.240507245063781738e-01
-4.045668616890907288e-02
7.883534431457519531e-01
2.879084050655364990e-01
-4.784565046429634094e-02
7.848939299583435059e-01
2.566332221031188965e-01
-5.297068133950233459e-02
