2.682361602783203125e-01
5.466464161872863770e-01
2.298924925980827538e-07
3.069490790367126465e-01
5.708824992179870605e-01
-6.626906339079141617e-03
3.520976305007934570e-01
5.653963685035705566e-01
-8.132049813866615295e-03
3.818590939044952393e-01
5.554811954498291016e-01
-1.127269398421049118e-02
4.028533697128295898e-01
5.463337898254394531e-01
-1.499427948147058487e-02
3.916964530944824219e-01
4.958878755569458008e-01
4.753233864903450012e-03
4.336446821689605713e-01
4.719128012657165527e-01
-5.727573763579130173e-03
4.614776670932769775e-01
4.591368138790130615e-01
-1.678392663598060608e-02
4.837784469127655029e-01
4.497196972370147705e-01
-2.459308132529258728e-02
3.847153782844543457e-01
4.754853844642639160e-01
-1.326148398220539093e-03
4.302972555160522461e-01
4.507411122322082520e-01
-1.094490569084882736e-02
4.607535302639007568e-01
4.386680722236633301e-01
-2.192128263413906097e-02
4.856890439987182617e-01
4.310337007045745850e-01
-2.941256016492843628e-02
3.706646263599395752e-01
4.605753719806671143e-01
-9.950239211320877075e-03
4.151655435562133789e-01
4.333579540252685547e-01
-2.004463039338588715e-02
4.448966383934020996e-01
4.214189946651458740e-01
-2.757935598492622375e-02
4.699391722679138184e-01
4.143790900707244873e-01
-3.226769343018531799e-02
3.485781252384185791e-01
4.492532610893249512e-01
-1.975321024656295776e-02
3.813182413578033447e-01
4.243668317794799805e-01
-2.867990918457508087e-02
4.045515954494476318e-01
4.115796387195587158e-01
-3.176550194621086121e-02
4.258881211280822754e-01
4.028953313827514648e-01
-3.328322246670722961e-02
