2.813875675201416016e-01
4.275537729263305664e-01
3.366449448094499530e-07
3.061171174049377441e-01
4.340249896049499512e-01
-3.887984529137611389e-02
3.342683911323547363e-01
4.002868533134460449e-01
-5.114136263728141785e-02
3.446470797061920166e-01
3.315407335758209229e-01
-5.758107826113700867e-02
3.489561080932617188e-01
2.760558128356933594e-01
-6.324673444032669067e-02
3.959809541702270508e-01
4.040561318397521973e-01
-1.819838397204875946e-02
4.347087740898132324e-01
3.726730346679687500e-01
-2.724640257656574249e-02
4.584363996982574463e-01
3.502050340175628662e-01
-3.869184106588363647e-02
4.801490306854248047e-01
3.297205269336700439e-01
-4.841564968228340149e-02
3.908644616603851318e-01
3.632352054119110107e-01
-7.682101335376501083e-03
4.351609349250793457e-01
3.289445936679840088e-01
-1.526179909706115723e-02
4.636494815349578857e-01
3.065027296543121338e-01
-2.846420742571353912e-02
4.908475875854492188e-01
2.890112102031707764e-01
-3.875238820910453796e-02
3.764831423759460449e-01
3.291327953338623047e-01
-1.895406399853527546e-03
4.157749116420745850e-01
2.961557805538177490e-01
-1.554964389652013779e-02
4.405468404293060303e-01
2.779922783374786377e-01
-3.322122991085052490e-02
4.629171788692474365e-01
2.663615047931671143e-01
-4.524611681699752808e-02
3.570607900619506836e-01
3.012370765209197998e-01
6.833139341324567795e-04
3.736257255077362061e-01
2.657892704010009766e-01
-1.662035658955574036e-02
3.697295486927032471e-01
2.666061222553253174e-01
-2.687753736972808838e-02
3.633641898632049561e-01
2.761397957801818848e-01
-3.303713351488113403e-02
