7.876973152160644531e-01
5.098608732223510742e-01
2.378899637278664159e-07
7.489631772041320801e-01
4.904176592826843262e-01
7.357737049460411072e-04
7.264457345008850098e-01
4.477392733097076416e-01
-1.626980607397854328e-03
7.161812186241149902e-01
4.157698452472686768e-01
-6.774432491511106491e-03
7.076628208160400391e-01
3.941393792629241943e-01
-1.282967440783977509e-02
7.142687439918518066e-01
3.872635364532470703e-01
-4.701077123172581196e-04
6.929010748863220215e-01
3.284053802490234375e-01
-1.210663467645645142e-02
6.737757921218872070e-01
2.931706905364990234e-01
-2.175334095954895020e-02
6.573156118392944336e-01
2.652647793292999268e-01
-2.852326259016990662e-02
7.225766181945800781e-01
3.792212009429931641e-01
-1.076776161789894104e-02
6.968844532966613770e-01
3.131527900695800781e-01
-2.233310043811798096e-02
6.749489307403564453e-01
2.708258032798767090e-01
-3.261078894138336182e-02
6.554600596427917480e-01
2.358588129281997681e-01
-3.962113335728645325e-02
7.357837557792663574e-01
3.801169693470001221e-01
-2.195341512560844421e-02
7.164769768714904785e-01
3.097329735755920410e-01
-3.372554853558540344e-02
7.001683712005615234e-01
2.679615616798400879e-01
-4.290941730141639709e-02
6.843705177307128906e-01
2.348449081182479858e-01
-4.897871986031532288e-02
7.520659565925598145e-01
3.904211223125457764e-01
-3.334518894553184509e-02
7.447606325149536133e-01
3.381474316120147705e-01
-4.335102811455726624e-02
7.356690764427185059e-01
3.026876747608184814e-01
-4.806333407759666443e-02
7.265532612800598145e-01
2.718451321125030518e-01
-5.127032846212387085e-02
