7.454176545143127441e-01
5.273901224136352539e-01
2.150248263887988287e-07
7.053377628326416016e-01
5.244145989418029785e-01
-6.376776378601789474e-03
6.728295683860778809e-01
4.925313293933868408e-01
-1.225511264055967331e-02
6.560366749763488770e-01
4.627348482608795166e-01
-1.916942745447158813e-02
6.405392885208129883e-01
4.447731971740722656e-01
-2.708366326987743378e-02
6.550893187522888184e-01
4.198085665702819824e-01
-1.199438236653804779e-02
6.250479221343994141e-01
3.712155222892761230e-01
-2.597795240581035614e-02
6.031557321548461914e-01
3.428952395915985107e-01
-3.758858889341354370e-02
5.843092799186706543e-01
3.194302618503570557e-01
-4.614743590354919434e-02
6.704029440879821777e-01
4.081952869892120361e-01
-2.041909098625183105e-02
6.374721527099609375e-01
3.522983789443969727e-01
-3.454337269067764282e-02
6.106826066970825195e-01
3.179878890514373779e-01
-4.709963873028755188e-02
5.859880447387695312e-01
2.908517122268676758e-01
-5.592661350965499878e-02
6.912102699279785156e-01
4.065021872520446777e-01
-2.995690889656543732e-02
6.653755307197570801e-01
3.448104858398437500e-01
-4.472785815596580505e-02
6.433123350143432617e-01
3.076495528221130371e-01
-5.653720721602439880e-02
6.215213537216186523e-01
2.784160375595092773e-01
-6.476938724517822266e-02
7.155870795249938965e-01
4.151549041271209717e-01
-3.991805762052536011e-02
7.080702185630798340e-01
3.623796701431274414e-01
-5.406209826469421387e-02
6.981287598609924316e-01
3.269197940826416016e-01
-6.157237291336059570e-02
6.864787936210632324e-01
2.968981564044952393e-01
-6.670428067445755005e-02
