8.390966057777404785e-01
5.032761096954345703e-01
1.690163315970494295e-07
7.929399013519287109e-01
5.070202350616455078e-01
-7.515228353440761566e-03
7.559627890586853027e-01
4.759653806686401367e-01
-1.097425073385238647e-02
7.377730607986450195e-01
4.403702318668365479e-01
-1.553379278630018234e-02
7.225828170776367188e-01
4.167481958866119385e-01
-2.039047703146934509e-02
7.427944540977478027e-01
4.011243283748626709e-01
-1.582020195201039314e-03
7.104756236076354980e-01
3.575853705406188965e-01
-1.244023349136114120e-02
6.888338327407836914e-01
3.327393531799316406e-01
-2.295094914734363556e-02
6.695450544357299805e-01
3.095898032188415527e-01
-3.112680278718471527e-02
7.580134868621826172e-01
3.801993727684020996e-01
-8.550245314836502075e-03
7.209960818290710449e-01
3.290564119815826416e-01
-1.889668963849544525e-02
6.932181715965270996e-01
2.992351651191711426e-01
-3.028672188520431519e-02
6.681463718414306641e-01
2.732636034488677979e-01
-3.872998803853988647e-02
7.785601615905761719e-01
3.691133558750152588e-01
-1.750912517309188843e-02
7.452772855758666992e-01
3.120382726192474365e-01
-2.889406122267246246e-02
7.222748994827270508e-01
2.795721590518951416e-01
-3.822341561317443848e-02
7.007357478141784668e-01
2.519744038581848145e-01
-4.490939155220985413e-02
8.033639192581176758e-01
3.663435876369476318e-01
-2.754432708024978638e-02
7.845516800880432129e-01
3.172228038311004639e-01
-3.804814815521240234e-02
7.702641487121582031e-01
2.838723659515380859e-01
-4.319766163825988770e-02
7.559235095977783203e-01
2.536613345146179199e-01
-4.684940725564956665e-02
