8.070716857910156250e-01
5.173903107643127441e-01
2.313449698476688354e-07
7.676113843917846680e-01
5.030563473701477051e-01
-1.096674334257841110e-02
7.400877475738525391e-01
4.604153037071228027e-01
-1.747712492942810059e-02
7.282219529151916504e-01
4.227161407470703125e-01
-2.436019852757453918e-02
7.175893783569335938e-01
3.927020132541656494e-01
-3.143985196948051453e-02
7.406312227249145508e-01
3.771658241748809814e-01
-9.471018798649311066e-03
7.193549275398254395e-01
3.187536597251892090e-01
-2.259384840726852417e-02
7.035818099975585938e-01
2.822000086307525635e-01
-3.391529992222785950e-02
6.908649802207946777e-01
2.514376342296600342e-01
-4.235593974590301514e-02
7.593235373497009277e-01
3.661154508590698242e-01
-1.552001666277647018e-02
7.359685897827148438e-01
3.008912801742553711e-01
-2.812570333480834961e-02
7.166496515274047852e-01
2.608969807624816895e-01
-4.038391634821891785e-02
6.987844705581665039e-01
2.279513329267501831e-01
-4.910847917199134827e-02
7.823958992958068848e-01
3.674159049987792969e-01
-2.341623045504093170e-02
7.675877809524536133e-01
2.957391738891601562e-01
-3.797765076160430908e-02
7.541266679763793945e-01
2.556475996971130371e-01
-4.867064580321311951e-02
7.395523786544799805e-01
2.225206643342971802e-01
-5.591988191008567810e-02
8.077737092971801758e-01
3.818734586238861084e-01
-3.229575604200363159e-02
8.116270303726196289e-01
3.268272578716278076e-01
-4.673087596893310547e-02
8.106962442398071289e-01
2.896806001663208008e-01
-5.381197482347488403e-02
8.067789673805236816e-01
2.572333812713623047e-01
-5.820830166339874268e-02
