7.079904675483703613e-01
5.520395040512084961e-01
2.226166202490276191e-07
6.662682294845581055e-01
5.485270023345947266e-01
-6.144795566797256470e-03
6.336637139320373535e-01
5.179907679557800293e-01
-1.157080382108688354e-02
6.189426183700561523e-01
4.860433340072631836e-01
-1.842716149985790253e-02
6.080781221389770508e-01
4.639026522636413574e-01
-2.571315318346023560e-02
6.087980866432189941e-01
4.437632858753204346e-01
-7.042693439871072769e-03
5.761498212814331055e-01
3.952798843383789062e-01
-2.002025768160820007e-02
5.521894693374633789e-01
3.690220117568969727e-01
-3.153096139430999756e-02
5.308904051780700684e-01
3.482452034950256348e-01
-4.003362357616424561e-02
6.221814751625061035e-01
4.316410422325134277e-01
-1.540354453027248383e-02
5.857492089271545410e-01
3.786692023277282715e-01
-2.760805934667587280e-02
5.567573904991149902e-01
3.487609624862670898e-01
-3.954035788774490356e-02
5.310460329055786133e-01
3.259995281696319580e-01
-4.807607457041740417e-02
6.422997713088989258e-01
4.289791882038116455e-01
-2.516083978116512299e-02
6.124601364135742188e-01
3.696980476379394531e-01
-3.806579113006591797e-02
5.892575979232788086e-01
3.374489545822143555e-01
-4.828887805342674255e-02
5.676913261413574219e-01
3.135867714881896973e-01
-5.541691184043884277e-02
6.674627065658569336e-01
4.362764954566955566e-01
-3.566534072160720825e-02
6.567328572273254395e-01
3.863248825073242188e-01
-4.771322011947631836e-02
6.443939208984375000e-01
3.536325693130493164e-01
-5.367238819599151611e-02
6.314662694931030273e-01
3.266676068305969238e-01
-5.758884549140930176e-02
