7.770910859107971191e-01
5.251319408416748047e-01
1.634850406162513536e-07
7.365590929985046387e-01
5.093675255775451660e-01
-6.306539755314588547e-03
7.128639817237854004e-01
4.696134924888610840e-01
-1.073262561112642288e-02
7.020471096038818359e-01
4.376035630702972412e-01
-1.649303175508975983e-02
6.899549961090087891e-01
4.148017466068267822e-01
-2.239617891609668732e-02
7.054997086524963379e-01
3.903408348560333252e-01
-3.455252852290868759e-03
6.842439174652099609e-01
3.343381881713867188e-01
-1.563335955142974854e-02
6.674419045448303223e-01
3.005743324756622314e-01
-2.634037099778652191e-02
6.519659161567687988e-01
2.728778123855590820e-01
-3.399431332945823669e-02
7.187254428863525391e-01
3.812070190906524658e-01
-1.088961493223905563e-02
6.951097249984741211e-01
3.178848326206207275e-01
-2.225495129823684692e-02
6.748641133308410645e-01
2.775136232376098633e-01
-3.294847533106803894e-02
6.559416055679321289e-01
2.439464330673217773e-01
-4.061720147728919983e-02
7.354803681373596191e-01
3.827672898769378662e-01
-2.007937245070934296e-02
7.190896272659301758e-01
3.153303265571594238e-01
-3.180839493870735168e-02
7.040597796440124512e-01
2.755531966686248779e-01
-4.088113829493522644e-02
6.880476474761962891e-01
2.427387833595275879e-01
-4.700992256402969360e-02
7.545371055603027344e-01
3.952731192111968994e-01
-3.020921535789966583e-02
7.496052384376525879e-01
3.437799811363220215e-01
-4.059332981705665588e-02
7.426976561546325684e-01
3.076213002204895020e-01
-4.576406255364418030e-02
7.344596982002258301e-01
2.762932479381561279e-01
-4.917293787002563477e-02
