6.986677050590515137e-01
5.603345632553100586e-01
1.795240649471452343e-07
6.555659770965576172e-01
5.549172163009643555e-01
-2.896788297221064568e-03
6.191543340682983398e-01
5.158261656761169434e-01
-5.846200510859489441e-03
5.985206365585327148e-01
4.820010662078857422e-01
-1.046987529844045639e-02
5.790909528732299805e-01
4.574434757232666016e-01
-1.576351188123226166e-02
5.967858433723449707e-01
4.700891077518463135e-01
-4.636769648641347885e-03
5.594198107719421387e-01
4.307754337787628174e-01
-1.764513924717903137e-02
5.296608209609985352e-01
4.140807092189788818e-01
-2.836182713508605957e-02
5.041884779930114746e-01
4.028098583221435547e-01
-3.600916638970375061e-02
6.050034761428833008e-01
4.620698392391204834e-01
-1.398781128227710724e-02
5.619130730628967285e-01
4.183259606361389160e-01
-2.669807523488998413e-02
5.280120372772216797e-01
3.957741856575012207e-01
-3.828713297843933105e-02
4.985663294792175293e-01
3.799688816070556641e-01
-4.608211666345596313e-02
6.222665309906005859e-01
4.608206748962402344e-01
-2.442320063710212708e-02
5.835584998130798340e-01
4.085204601287841797e-01
-3.872443363070487976e-02
5.546799898147583008e-01
3.807647228240966797e-01
-4.910144582390785217e-02
5.280117988586425781e-01
3.602868914604187012e-01
-5.594644695520401001e-02
6.457654833793640137e-01
4.670998752117156982e-01
-3.502894565463066101e-02
6.268375515937805176e-01
4.228623509407043457e-01
-4.876957088708877563e-02
6.096023917198181152e-01
3.942258358001708984e-01
-5.487163364887237549e-02
5.926270484924316406e-01
3.704271018505096436e-01
-5.866801738739013672e-02
