8.828389644622802734e-01
5.250793099403381348e-01
1.787421268772959593e-07
8.410658836364746094e-01
5.029760599136352539e-01
-1.049810554832220078e-02
8.150020837783813477e-01
4.592665731906890869e-01
-1.626929454505443573e-02
8.048130273818969727e-01
4.199840128421783447e-01
-2.251853980123996735e-02
7.959468364715576172e-01
3.943879902362823486e-01
-2.924724295735359192e-02
8.334677219390869141e-01
3.806267380714416504e-01
-6.390351336449384689e-03
8.200642466545104980e-01
3.264481723308563232e-01
-1.828263327479362488e-02
8.113318681716918945e-01
2.913094758987426758e-01
-2.997379377484321594e-02
8.046540617942810059e-01
2.622456550598144531e-01
-3.877210617065429688e-02
8.575692772865295410e-01
3.708176314830780029e-01
-1.213994622230529785e-02
8.464235067367553711e-01
3.056278526782989502e-01
-2.356243133544921875e-02
8.364862203598022461e-01
2.645699381828308105e-01
-3.555874153971672058e-02
8.262574672698974609e-01
2.311488687992095947e-01
-4.416897147893905640e-02
8.824353814125061035e-01
3.739366531372070312e-01
-1.997475884854793549e-02
8.830094933509826660e-01
3.070383369922637939e-01
-3.277580067515373230e-02
8.792904615402221680e-01
2.668619155883789062e-01
-4.280100390315055847e-02
8.737031817436218262e-01
2.334757000207901001e-01
-4.964270070195198059e-02
9.076837301254272461e-01
3.887056112289428711e-01
-2.884063124656677246e-02
9.193429350852966309e-01
3.370101153850555420e-01
-4.061067476868629456e-02
9.243627786636352539e-01
3.016038835048675537e-01
-4.596550017595291138e-02
9.266985654830932617e-01
2.696925997734069824e-01
-4.943775013089179993e-02
