8.352181315422058105e-01
5.085457563400268555e-01
2.383469137612337363e-07
7.980169653892517090e-01
4.923625588417053223e-01
-1.312652602791786194e-02
7.726076841354370117e-01
4.531191289424896240e-01
-2.072477154433727264e-02
7.650239467620849609e-01
4.150696396827697754e-01
-2.811831608414649963e-02
7.553073167800903320e-01
3.923788070678710938e-01
-3.566611185669898987e-02
7.752044796943664551e-01
3.633274435997009277e-01
-9.878774173557758331e-03
7.571948766708374023e-01
3.099514544010162354e-01
-2.267108671367168427e-02
7.449889779090881348e-01
2.752355635166168213e-01
-3.495883941650390625e-02
7.357901930809020996e-01
2.453410327434539795e-01
-4.416282474994659424e-02
7.989686727523803711e-01
3.504052758216857910e-01
-1.439148467034101486e-02
7.830483913421630859e-01
2.897460162639617920e-01
-2.577752992510795593e-02
7.691615819931030273e-01
2.512244880199432373e-01
-3.775649890303611755e-02
7.562578916549682617e-01
2.193802744150161743e-01
-4.664025455713272095e-02
8.242545127868652344e-01
3.509770929813385010e-01
-2.108266763389110565e-02
8.189706206321716309e-01
2.875353097915649414e-01
-3.310541808605194092e-02
8.121629357337951660e-01
2.493309229612350464e-01
-4.258665069937705994e-02
8.047533631324768066e-01
2.179090827703475952e-01
-4.934594780206680298e-02
8.503183126449584961e-01
3.646811246871948242e-01
-2.924445271492004395e-02
8.576809167861938477e-01
3.130556941032409668e-01
-4.054084047675132751e-02
8.594714403152465820e-01
2.775789499282836914e-01
-4.608590900897979736e-02
8.591704964637756348e-01
2.458308637142181396e-01
-4.975953325629234314e-02
