7.016711831092834473e-01
5.192438364028930664e-01
1.755629170929751126e-07
6.601442098617553711e-01
5.298994183540344238e-01
-5.689188372343778610e-03
6.225602030754089355e-01
5.095973610877990723e-01
-1.072372682392597198e-02
6.003850698471069336e-01
4.845633208751678467e-01
-1.756023801863193512e-02
5.823616981506347656e-01
4.654873311519622803e-01
-2.483393251895904541e-02
5.850794911384582520e-01
4.590338468551635742e-01
-5.774805787950754166e-03
5.428654551506042480e-01
4.287713170051574707e-01
-1.963487267494201660e-02
5.117132067680358887e-01
4.180626571178436279e-01
-3.185315802693367004e-02
4.838306605815887451e-01
4.113046526908874512e-01
-4.083190485835075378e-02
5.918456912040710449e-01
4.471905231475830078e-01
-1.435013208538293839e-02
5.457699298858642578e-01
4.153084158897399902e-01
-2.764346264302730560e-02
5.099745988845825195e-01
4.023159742355346680e-01
-4.002670943737030029e-02
4.777316451072692871e-01
3.934599161148071289e-01
-4.877048730850219727e-02
6.073557138442993164e-01
4.392196536064147949e-01
-2.434983849525451660e-02
5.639277100563049316e-01
3.998487293720245361e-01
-3.712209314107894897e-02
5.331463813781738281e-01
3.801700770854949951e-01
-4.609756544232368469e-02
5.055432319641113281e-01
3.665372729301452637e-01
-5.224999412894248962e-02
6.295336484909057617e-01
4.362888336181640625e-01
-3.533273562788963318e-02
6.001417040824890137e-01
4.013660550117492676e-01
-4.680062830448150635e-02
5.762965083122253418e-01
3.807439804077148438e-01
-5.177830532193183899e-02
5.543191432952880859e-01
3.641628026962280273e-01
-5.496364831924438477e-02
