6.680445671081542969e-01
7.656829357147216797e-01
-1.424511282266394119e-07
6.206197142601013184e-01
6.632909774780273438e-01
-1.335398294031620026e-02
5.436862111091613770e-01
5.743154287338256836e-01
-3.404240682721138000e-02
4.605090022087097168e-01
5.603287220001220703e-01
-4.829591885209083557e-02
4.043130278587341309e-01
5.976656079292297363e-01
-6.244291365146636963e-02
5.497744679450988770e-01
6.282619237899780273e-01
-9.750460833311080933e-02
4.153035879135131836e-01
6.492718458175659180e-01
-1.304560154676437378e-01
4.425862133502960205e-01
6.581922173500061035e-01
-1.354729682207107544e-01
4.923470020294189453e-01
6.537177562713623047e-01
-1.314338445663452148e-01
5.580949783325195312e-01
7.264203429222106934e-01
-1.007088646292686462e-01
4.105778336524963379e-01
7.321631312370300293e-01
-1.308713555335998535e-01
4.442574977874755859e-01
7.387437820434570312e-01
-1.242627725005149841e-01
4.974953532218933105e-01
7.371846437454223633e-01
-1.161295026540756226e-01
5.583591461181640625e-01
8.143522143363952637e-01
-9.956781566143035889e-02
4.251927137374877930e-01
8.170551061630249023e-01
-1.218908429145812988e-01
4.556841254234313965e-01
8.155983686447143555e-01
-9.956524521112442017e-02
5.028402805328369141e-01
8.092809915542602539e-01
-8.159893006086349487e-02
5.558742284774780273e-01
8.953202366828918457e-01
-9.713868796825408936e-02
4.482174813747406006e-01
8.894948959350585938e-01
-1.136947423219680786e-01
4.752164483070373535e-01
8.819384574890136719e-01
-9.598782658576965332e-02
5.179034471511840820e-01
8.765212297439575195e-01
-8.034619688987731934e-02
