7.151980996131896973e-01
5.823547244071960449e-01
-1.904861477441954776e-07
6.516232490539550781e-01
6.352928280830383301e-01
-5.163759738206863403e-02
5.551770329475402832e-01
6.721298098564147949e-01
-1.014299690723419189e-01
4.712435305118560791e-01
6.793313026428222656e-01
-1.366533786058425903e-01
4.036266505718231201e-01
6.972107887268066406e-01
-1.691689491271972656e-01
6.480960845947265625e-01
6.720595955848693848e-01
-1.845009326934814453e-01
5.441305041313171387e-01
6.774038672447204590e-01
-2.454490214586257935e-01
5.484935641288757324e-01
6.894782781600952148e-01
-2.562210857868194580e-01
5.709219574928283691e-01
6.922807097434997559e-01
-2.543306648731231689e-01
6.784067749977111816e-01
5.948624610900878906e-01
-1.777548640966415405e-01
5.205960273742675781e-01
5.533879399299621582e-01
-2.417864799499511719e-01
5.466035604476928711e-01
5.720465779304504395e-01
-2.358310967683792114e-01
5.963148474693298340e-01
5.867004394531250000e-01
-2.235991656780242920e-01
6.884275674819946289e-01
5.135098695755004883e-01
-1.665091514587402344e-01
5.390674471855163574e-01
4.883891046047210693e-01
-2.184534072875976562e-01
5.680483579635620117e-01
5.123747587203979492e-01
-1.910738646984100342e-01
6.165795922279357910e-01
5.232444405555725098e-01
-1.642966866493225098e-01
6.825160384178161621e-01
4.435229003429412842e-01
-1.559248268604278564e-01
5.630599856376647949e-01
4.235441684722900391e-01
-1.905573308467864990e-01
5.868434906005859375e-01
4.458779096603393555e-01
-1.724063903093338013e-01
6.362975239753723145e-01
4.547260403633117676e-01
-1.547878086566925049e-01
