4.087140560150146484e-01
6.040091514587402344e-01
1.749294966657544137e-07
4.262434244155883789e-01
5.584585070610046387e-01
-1.251764129847288132e-02
4.617288112640380859e-01
5.168851613998413086e-01
-2.232023142278194427e-02
4.929248094558715820e-01
4.956398308277130127e-01
-3.007535077631473541e-02
5.206261277198791504e-01
4.924207925796508789e-01
-3.769107162952423096e-02
4.700956642627716064e-01
5.529919266700744629e-01
-2.943072654306888580e-02
5.107080340385437012e-01
5.478156805038452148e-01
-4.372764006257057190e-02
5.368993282318115234e-01
5.452095270156860352e-01
-5.126408115029335022e-02
5.572878718376159668e-01
5.440108180046081543e-01
-5.620073527097702026e-02
4.721457660198211670e-01
5.881836414337158203e-01
-3.098100237548351288e-02
5.138286948204040527e-01
5.897940993309020996e-01
-4.445181787014007568e-02
5.417329668998718262e-01
5.892761945724487305e-01
-5.130587518215179443e-02
5.647373795509338379e-01
5.885151028633117676e-01
-5.599298700690269470e-02
4.704864025115966797e-01
6.235046982765197754e-01
-3.264849632978439331e-02
5.139275789260864258e-01
6.245141029357910156e-01
-4.470763728022575378e-02
5.425864458084106445e-01
6.231251955032348633e-01
-4.768492653965950012e-02
5.674839615821838379e-01
6.212594509124755859e-01
-4.933745786547660828e-02
4.667511880397796631e-01
6.557804942131042480e-01
-3.467986732721328735e-02
4.971682727336883545e-01
6.567682027816772461e-01
-4.548059031367301941e-02
5.193288922309875488e-01
6.545509099960327148e-01
-4.760030657052993774e-02
5.395336151123046875e-01
6.528016924858093262e-01
-4.824670031666755676e-02
