7.254573106765747070e-01
6.783818602561950684e-01
-1.573796595266685472e-07
6.964232921600341797e-01
5.951410531997680664e-01
-1.123751606792211533e-02
6.571349501609802246e-01
5.178533196449279785e-01
-3.125278651714324951e-02
6.082035303115844727e-01
4.884215593338012695e-01
-4.540023207664489746e-02
5.772556066513061523e-01
5.228313207626342773e-01
-6.130629777908325195e-02
6.662836670875549316e-01
5.577062368392944336e-01
-9.715422987937927246e-02
5.471779704093933105e-01
5.769823193550109863e-01
-1.214819103479385376e-01
5.639078021049499512e-01
5.945616960525512695e-01
-1.213000267744064331e-01
6.025670766830444336e-01
5.994123220443725586e-01
-1.173041164875030518e-01
6.755596399307250977e-01
6.260872483253479004e-01
-1.013214662671089172e-01
5.488325953483581543e-01
6.560055017471313477e-01
-1.213007271289825439e-01
5.655286312103271484e-01
6.643796563148498535e-01
-1.110596954822540283e-01
6.007779240608215332e-01
6.592824459075927734e-01
-1.059405133128166199e-01
6.773675084114074707e-01
6.913043856620788574e-01
-1.009589582681655884e-01
5.630343556404113770e-01
7.213963270187377930e-01
-1.177482753992080688e-01
5.771142840385437012e-01
7.238010168075561523e-01
-1.011601686477661133e-01
6.094407439231872559e-01
7.142821550369262695e-01
-9.166720509529113770e-02
6.734372973442077637e-01
7.523424029350280762e-01
-9.959339350461959839e-02
5.921623706817626953e-01
7.840308547019958496e-01
-1.171184405684471130e-01
6.103697419166564941e-01
7.749037742614746094e-01
-1.080148965120315552e-01
6.433119177818298340e-01
7.595390081405639648e-01
-1.009973064064979553e-01
