7.264251708984375000e-01
8.374361991882324219e-01
-1.141938099635808612e-07
6.913054585456848145e-01
7.845652699470520020e-01
-2.189819328486919403e-02
6.577134728431701660e-01
7.401014566421508789e-01
-4.434058442711830139e-02
6.262502670288085938e-01
7.202274799346923828e-01
-6.395177543163299561e-02
5.991191267967224121e-01
7.114919424057006836e-01
-8.590102940797805786e-02
6.960272192955017090e-01
7.270941734313964844e-01
-7.290381193161010742e-02
6.648085117340087891e-01
6.857964396476745605e-01
-1.110976561903953552e-01
6.247012615203857422e-01
6.897274255752563477e-01
-1.344932019710540771e-01
5.924249887466430664e-01
7.007552385330200195e-01
-1.487745195627212524e-01
7.107344269752502441e-01
7.689310908317565918e-01
-8.028550446033477783e-02
6.662586927413940430e-01
7.463639974594116211e-01
-1.180880069732666016e-01
6.091614961624145508e-01
7.547325491905212402e-01
-1.344248652458190918e-01
5.707346796989440918e-01
7.622789144515991211e-01
-1.467418521642684937e-01
7.185724377632141113e-01
8.180537223815917969e-01
-8.773144334554672241e-02
6.727426052093505859e-01
8.061320781707763672e-01
-1.211752817034721375e-01
6.195690631866455078e-01
8.097314834594726562e-01
-1.278685480356216431e-01
5.879796743392944336e-01
8.148516416549682617e-01
-1.314585804939270020e-01
7.226325273513793945e-01
8.652558922767639160e-01
-9.597442299127578735e-02
6.821243166923522949e-01
8.611639142036437988e-01
-1.248370558023452759e-01
6.462898850440979004e-01
8.593311309814453125e-01
-1.299402564764022827e-01
6.242924332618713379e-01
8.596073389053344727e-01
-1.317819505929946899e-01
