4.363453090190887451e-01
5.747668743133544922e-01
1.832633529375016224e-07
4.622586369514465332e-01
5.236395001411437988e-01
-5.745174828916788101e-03
4.991725087165832520e-01
4.899539351463317871e-01
-1.063910219818353653e-02
5.303793549537658691e-01
4.782850742340087891e-01
-1.474125310778617859e-02
5.519698262214660645e-01
4.794365167617797852e-01
-1.859972067177295685e-02
5.062189698219299316e-01
5.151911377906799316e-01
-1.581245101988315582e-02
5.441341400146484375e-01
5.177139639854431152e-01
-2.485558763146400452e-02
5.661548376083374023e-01
5.236688852310180664e-01
-3.027254156768321991e-02
5.830343961715698242e-01
5.271880626678466797e-01
-3.421273455023765564e-02
5.025493502616882324e-01
5.523219108581542969e-01
-1.906250044703483582e-02
5.405498743057250977e-01
5.561928153038024902e-01
-2.645667269825935364e-02
5.656256675720214844e-01
5.620647072792053223e-01
-3.122208453714847565e-02
5.863273143768310547e-01
5.655121803283691406e-01
-3.547428175806999207e-02
4.945158064365386963e-01
5.881125330924987793e-01
-2.250104397535324097e-02
5.281062126159667969e-01
5.954150557518005371e-01
-3.251085430383682251e-02
5.517303347587585449e-01
6.004741191864013672e-01
-3.715757280588150024e-02
5.713165998458862305e-01
6.026754379272460938e-01
-4.053803905844688416e-02
4.834977388381958008e-01
6.224704384803771973e-01
-2.566968463361263275e-02
5.029766559600830078e-01
6.374285817146301270e-01
-3.733518347144126892e-02
5.135681629180908203e-01
6.444153189659118652e-01
-4.059012979269027710e-02
5.224369168281555176e-01
6.478434205055236816e-01
-4.200555011630058289e-02
