7.900406718254089355e-01
8.697457313537597656e-01
2.400052210305148037e-07
7.577445507049560547e-01
8.060939908027648926e-01
-1.174697466194629669e-02
7.101951837539672852e-01
7.592203617095947266e-01
-2.862631902098655701e-02
6.717703938484191895e-01
7.425103783607482910e-01
-4.139155521988868713e-02
6.444392800331115723e-01
7.605921030044555664e-01
-5.741023644804954529e-02
7.211271524429321289e-01
8.013657331466674805e-01
-6.415043771266937256e-02
6.600598096847534180e-01
8.108029961585998535e-01
-8.586055040359497070e-02
6.256161332130432129e-01
8.068338632583618164e-01
-9.703468531370162964e-02
6.016662120819091797e-01
8.019097447395324707e-01
-1.033783033490180969e-01
7.326513528823852539e-01
8.531501293182373047e-01
-6.760292500257492065e-02
6.538336873054504395e-01
8.819798231124877930e-01
-8.384829759597778320e-02
6.278039216995239258e-01
8.732976913452148438e-01
-8.463938534259796143e-02
6.192261576652526855e-01
8.613237738609313965e-01
-8.731233328580856323e-02
7.394807338714599609e-01
9.009863734245300293e-01
-6.867202371358871460e-02
6.614827513694763184e-01
9.174716472625732422e-01
-8.155909180641174316e-02
6.450979709625244141e-01
8.995455503463745117e-01
-7.262461632490158081e-02
6.463931798934936523e-01
8.810531497001647949e-01
-6.688548624515533447e-02
7.403200864791870117e-01
9.404320120811462402e-01
-6.973271071910858154e-02
6.778804659843444824e-01
9.447376728057861328e-01
-8.034269511699676514e-02
6.675006151199340820e-01
9.249109625816345215e-01
-7.238335162401199341e-02
6.715044379234313965e-01
9.064137339591979980e-01
-6.588701158761978149e-02
