8.069893717765808105e-01
4.053921103477478027e-01
-1.575361778805017821e-07
8.038851022720336914e-01
3.483392596244812012e-01
2.289442345499992371e-02
7.875151634216308594e-01
2.980539202690124512e-01
2.936604246497154236e-02
7.743465304374694824e-01
2.595579624176025391e-01
3.205299377441406250e-02
7.776036262512207031e-01
2.290342152118682861e-01
3.232962265610694885e-02
7.693374156951904297e-01
2.682624757289886475e-01
-1.452201511710882187e-03
7.279502153396606445e-01
2.213568091392517090e-01
-8.395059965550899506e-03
6.993268132209777832e-01
2.027218937873840332e-01
-1.048978697508573532e-02
6.779423952102661133e-01
1.930693835020065308e-01
-1.116429176181554794e-02
7.611118555068969727e-01
2.873270511627197266e-01
-1.611033454537391663e-02
7.078409194946289062e-01
2.398703098297119141e-01
-2.313462644815444946e-02
6.733394861221313477e-01
2.228008806705474854e-01
-2.335338667035102844e-02
6.473834514617919922e-01
2.135246992111206055e-01
-2.355470135807991028e-02
7.510725855827331543e-01
3.151344954967498779e-01
-2.807811833918094635e-02
6.986882686614990234e-01
2.734435200691223145e-01
-3.341706469655036926e-02
6.659465432167053223e-01
2.597521841526031494e-01
-3.325758874416351318e-02
6.409147977828979492e-01
2.509658038616180420e-01
-3.363375738263130188e-02
7.401365637779235840e-01
3.503938615322113037e-01
-3.738671541213989258e-02
6.986649632453918457e-01
3.219296038150787354e-01
-4.380524158477783203e-02
6.751666665077209473e-01
3.132552802562713623e-01
-4.462204501032829285e-02
6.551445722579956055e-01
3.074252903461456299e-01
-4.465524852275848389e-02
