7.934362888336181641e-01
8.505460023880004883e-01
4.657486840642377501e-07
7.669378519058227539e-01
8.019743561744689941e-01
-1.721091754734516144e-02
7.164046764373779297e-01
7.767872214317321777e-01
-2.973280660808086395e-02
6.704984903335571289e-01
7.732524275779724121e-01
-3.779050707817077637e-02
6.351535916328430176e-01
7.789397239685058594e-01
-4.755549505352973938e-02
7.153722047805786133e-01
8.037400245666503906e-01
-5.342739075422286987e-02
6.558147668838500977e-01
7.997904419898986816e-01
-7.331205904483795166e-02
6.214131116867065430e-01
7.892286777496337891e-01
-8.182747662067413330e-02
5.991428494453430176e-01
7.792148590087890625e-01
-8.473519980907440186e-02
7.186418771743774414e-01
8.498185873031616211e-01
-5.104073882102966309e-02
6.539804935455322266e-01
8.495836257934570312e-01
-6.669199466705322266e-02
6.195113658905029297e-01
8.373708724975585938e-01
-6.903612613677978516e-02
5.983405113220214844e-01
8.234182596206665039e-01
-6.973219662904739380e-02
7.224965691566467285e-01
8.919740319252014160e-01
-4.768485575914382935e-02
6.607912778854370117e-01
8.900356888771057129e-01
-5.964118987321853638e-02
6.312990188598632812e-01
8.766782283782958984e-01
-5.559566989541053772e-02
6.148735284805297852e-01
8.625005483627319336e-01
-5.159991607069969177e-02
7.276073098182678223e-01
9.280785322189331055e-01
-4.481295868754386902e-02
6.755715608596801758e-01
9.233300089836120605e-01
-5.377295985817909241e-02
6.516618728637695312e-01
9.082015752792358398e-01
-4.952768981456756592e-02
6.383706927299499512e-01
8.951663970947265625e-01
-4.460446909070014954e-02
