7.045380473136901855e-01
5.185686349868774414e-01
2.833077985542331589e-07
7.110538482666015625e-01
4.586480259895324707e-01
-6.512116640806198120e-03
6.972061991691589355e-01
3.985995054244995117e-01
-1.462247222661972046e-02
6.911348700523376465e-01
3.468089699745178223e-01
-2.203900180757045746e-02
7.019972205162048340e-01
3.090280294418334961e-01
-3.104080632328987122e-02
6.543453335762023926e-01
3.948954641819000244e-01
-2.730090729892253876e-02
6.045546531677246094e-01
3.493984639644622803e-01
-3.929305449128150940e-02
5.697993040084838867e-01
3.231769204139709473e-01
-4.586774855852127075e-02
5.427513122558593750e-01
3.045813739299774170e-01
-5.092939361929893494e-02
6.314395666122436523e-01
4.234701693058013916e-01
-3.167882189154624939e-02
5.801565647125244141e-01
3.753477931022644043e-01
-4.245541617274284363e-02
5.464497208595275879e-01
3.480420112609863281e-01
-4.941890388727188110e-02
5.210270881652832031e-01
3.266204893589019775e-01
-5.492452159523963928e-02
6.135014891624450684e-01
4.583393931388854980e-01
-3.511258959770202637e-02
5.651460886001586914e-01
4.178005456924438477e-01
-4.330235347151756287e-02
5.336644649505615234e-01
3.940281867980957031e-01
-5.002968385815620422e-02
5.106687545776367188e-01
3.750621974468231201e-01
-5.574112012982368469e-02
6.015889644622802734e-01
4.955977201461791992e-01
-3.847278654575347900e-02
5.640073418617248535e-01
4.782532751560211182e-01
-4.626955837011337280e-02
5.382648706436157227e-01
4.685457348823547363e-01
-5.047370120882987976e-02
5.178973674774169922e-01
4.594402015209197998e-01
-5.320089682936668396e-02
