7.248272895812988281e-01
4.588494598865509033e-01
-1.689266184712323593e-07
7.269522547721862793e-01
3.978725373744964600e-01
4.711865447461605072e-03
7.094314694404602051e-01
3.373047709465026855e-01
2.534071682021021843e-03
6.859800219535827637e-01
2.961852550506591797e-01
-1.040048431605100632e-03
6.628826260566711426e-01
2.807563543319702148e-01
-5.296944174915552139e-03
6.954398155212402344e-01
3.206220567226409912e-01
-1.206798758357763290e-02
6.407869458198547363e-01
2.975684404373168945e-01
-2.349673397839069366e-02
6.429125666618347168e-01
3.151876032352447510e-01
-2.987422607839107513e-02
6.588405370712280273e-01
3.295336961746215820e-01
-3.213731572031974792e-02
6.783013343811035156e-01
3.485246598720550537e-01
-1.849170029163360596e-02
6.241943240165710449e-01
3.239463567733764648e-01
-2.539701759815216064e-02
6.283137798309326172e-01
3.409394025802612305e-01
-2.539616823196411133e-02
6.448623538017272949e-01
3.534260392189025879e-01
-2.543715946376323700e-02
6.617859601974487305e-01
3.801271021366119385e-01
-2.408353239297866821e-02
6.130087375640869141e-01
3.541700839996337891e-01
-2.917975559830665588e-02
6.191243529319763184e-01
3.683461248874664307e-01
-2.287920750677585602e-02
6.356537342071533203e-01
3.787828981876373291e-01
-1.859015598893165588e-02
6.470854282379150391e-01
4.125632643699645996e-01
-2.897901646792888641e-02
6.118686795234680176e-01
3.903557658195495605e-01
-3.224617987871170044e-02
6.185642480850219727e-01
4.007807970046997070e-01
-2.555491030216217041e-02
6.323749423027038574e-01
4.102963805198669434e-01
-1.976372487843036652e-02
