7.131451368331909180e-01
7.036945819854736328e-01
-1.007372247840976343e-07
6.862760186195373535e-01
6.212301850318908691e-01
-4.229548852890729904e-03
6.394841670989990234e-01
5.454792976379394531e-01
-1.717737317085266113e-02
5.957669019699096680e-01
5.008747577667236328e-01
-2.933260612189769745e-02
5.636000037193298340e-01
4.628124237060546875e-01
-4.137570783495903015e-02
6.145509481430053711e-01
5.794136524200439453e-01
-4.677357524633407593e-02
5.274410247802734375e-01
5.839029550552368164e-01
-6.826898455619812012e-02
5.508063435554504395e-01
5.898392796516418457e-01
-7.535180449485778809e-02
5.866717696189880371e-01
5.901062488555908203e-01
-7.539612799882888794e-02
6.109445095062255859e-01
6.529482603073120117e-01
-5.294503271579742432e-02
5.195478200912475586e-01
6.398975849151611328e-01
-6.807886809110641479e-02
5.445608496665954590e-01
6.429817080497741699e-01
-6.557923555374145508e-02
5.795940756797790527e-01
6.512510180473327637e-01
-6.329432129859924316e-02
6.066371798515319824e-01
7.221636772155761719e-01
-5.738383531570434570e-02
5.230789780616760254e-01
7.013438344001770020e-01
-6.759535521268844604e-02
5.501660108566284180e-01
7.016991376876831055e-01
-5.203519761562347412e-02
5.831274986267089844e-01
7.077709436416625977e-01
-4.153273627161979675e-02
6.030566692352294922e-01
7.865012288093566895e-01
-6.140679866075515747e-02
5.339166522026062012e-01
7.574076652526855469e-01
-6.753294169902801514e-02
5.591318607330322266e-01
7.547764778137207031e-01
-5.264298245310783386e-02
5.877223610877990723e-01
7.615802288055419922e-01
-4.104484617710113525e-02
