7.891919612884521484e-01
6.288567185401916504e-01
-2.033596189221498207e-07
7.567571997642517090e-01
5.366142392158508301e-01
-1.912419334985315800e-03
6.985033750534057617e-01
4.508105814456939697e-01
-2.093235589563846588e-02
6.535045504570007324e-01
3.898551464080810547e-01
-3.929293155670166016e-02
6.189805865287780762e-01
3.351714015007019043e-01
-5.879102647304534912e-02
6.877562403678894043e-01
4.706029593944549561e-01
-8.043690025806427002e-02
5.639689564704895020e-01
4.780173897743225098e-01
-1.094266325235366821e-01
5.903991460800170898e-01
4.906273186206817627e-01
-1.136465296149253845e-01
6.345128417015075684e-01
4.967623651027679443e-01
-1.105380430817604065e-01
6.885527372360229492e-01
5.541346073150634766e-01
-9.226704388856887817e-02
5.543820261955261230e-01
5.473638772964477539e-01
-1.212958022952079773e-01
5.854048132896423340e-01
5.529284477233886719e-01
-1.162784844636917114e-01
6.331647634506225586e-01
5.631749629974365234e-01
-1.102347001433372498e-01
6.832650899887084961e-01
6.336993575096130371e-01
-1.000523641705513000e-01
5.569003224372863770e-01
6.220579147338867188e-01
-1.191554293036460876e-01
5.868640542030334473e-01
6.228877305984497070e-01
-9.870564937591552734e-02
6.312006115913391113e-01
6.284356117248535156e-01
-8.318358659744262695e-02
6.753581762313842773e-01
7.077867984771728516e-01
-1.064845323562622070e-01
5.695219635963439941e-01
6.899582147598266602e-01
-1.217760518193244934e-01
5.911207795143127441e-01
6.848801374435424805e-01
-1.066411882638931274e-01
6.295638084411621094e-01
6.905241012573242188e-01
-9.304051101207733154e-02
