7.851570248603820801e-01
6.400594115257263184e-01
-3.421304768380650785e-07
7.550065517425537109e-01
5.422849059104919434e-01
1.602523587644100189e-02
6.998737454414367676e-01
4.808750152587890625e-01
2.396969497203826904e-02
6.415290236473083496e-01
4.487111270427703857e-01
2.733839862048625946e-02
5.970034599304199219e-01
4.440385699272155762e-01
3.016473725438117981e-02
6.406548619270324707e-01
4.810774326324462891e-01
1.726135984063148499e-02
5.503014326095581055e-01
5.006301403045654297e-01
9.762949310243129730e-03
5.377277135848999023e-01
5.304231047630310059e-01
4.387571476399898529e-03
5.475772619247436523e-01
5.477825999259948730e-01
3.230953589081764221e-03
6.328594684600830078e-01
5.268032550811767578e-01
6.849068216979503632e-03
5.431057214736938477e-01
5.566853880882263184e-01
2.585410606116056442e-03
5.431259274482727051e-01
5.855392217636108398e-01
1.102443435229361057e-03
5.606051683425903320e-01
5.961262583732604980e-01
8.804147946648299694e-04
6.316241621971130371e-01
5.804798007011413574e-01
-3.131956094875931740e-03
5.532414913177490234e-01
6.068979501724243164e-01
-6.477726623415946960e-03
5.584502220153808594e-01
6.296988725662231445e-01
4.517064371611922979e-04
5.755580067634582520e-01
6.343134641647338867e-01
5.531118251383304596e-03
6.364833116531372070e-01
6.349090933799743652e-01
-1.171728968620300293e-02
5.747827887535095215e-01
6.530355215072631836e-01
-1.137047447264194489e-02
5.801310539245605469e-01
6.645219326019287109e-01
-1.563081168569624424e-03
5.961809158325195312e-01
6.634025573730468750e-01
6.862455513328313828e-03
