7.413324117660522461e-01
6.066668033599853516e-01
-6.108592742748442106e-08
7.216813564300537109e-01
5.768759250640869141e-01
-5.356657132506370544e-02
6.379401087760925293e-01
5.415351986885070801e-01
-1.100466176867485046e-01
5.557705163955688477e-01
5.148984789848327637e-01
-1.458294689655303955e-01
4.961696565151214600e-01
4.875597059726715088e-01
-1.825600564479827881e-01
6.916672587394714355e-01
5.940239429473876953e-01
-2.264347523450851440e-01
6.198937892913818359e-01
6.359331011772155762e-01
-2.702625095844268799e-01
6.458063721656799316e-01
6.524121165275573730e-01
-2.695691287517547607e-01
6.849631071090698242e-01
6.482802629470825195e-01
-2.658448219299316406e-01
7.053724527359008789e-01
5.877432227134704590e-01
-2.143584936857223511e-01
5.394928455352783203e-01
5.580797791481018066e-01
-2.645113170146942139e-01
5.421466827392578125e-01
5.698190927505493164e-01
-2.548572719097137451e-01
5.840761065483093262e-01
5.707831978797912598e-01
-2.487936913967132568e-01
6.933498382568359375e-01
5.861037373542785645e-01
-1.909077912569046021e-01
5.255542397499084473e-01
5.682294964790344238e-01
-2.250010371208190918e-01
5.462861657142639160e-01
5.748111605644226074e-01
-1.943165361881256104e-01
5.915433764457702637e-01
5.633421540260314941e-01
-1.750344187021255493e-01
6.645818352699279785e-01
5.929764509201049805e-01
-1.667195111513137817e-01
5.333697199821472168e-01
5.908281803131103516e-01
-1.925813108682632446e-01
5.481008291244506836e-01
5.922265648841857910e-01
-1.732503473758697510e-01
5.853013396263122559e-01
5.782824158668518066e-01
-1.600343137979507446e-01
