6.298168301582336426e-01
6.780224442481994629e-01
1.953653683273159913e-09
6.221294999122619629e-01
6.128152608871459961e-01
-1.515038590878248215e-02
5.814296603202819824e-01
5.610360503196716309e-01
-3.032244369387626648e-02
5.331634879112243652e-01
5.372577905654907227e-01
-4.175647348165512085e-02
4.916379749774932861e-01
5.347528457641601562e-01
-5.523684993386268616e-02
5.730497837066650391e-01
5.820065140724182129e-01
-5.680444091558456421e-02
5.042301416397094727e-01
5.879806280136108398e-01
-8.148276805877685547e-02
4.901801943778991699e-01
5.950295329093933105e-01
-9.395743906497955322e-02
4.888865947723388672e-01
6.021439433097839355e-01
-1.005448997020721436e-01
5.710560679435729980e-01
6.311628222465515137e-01
-5.834822356700897217e-02
5.019060373306274414e-01
6.340107917785644531e-01
-7.827426493167877197e-02
4.864323735237121582e-01
6.393333077430725098e-01
-8.442828804254531860e-02
4.814709126949310303e-01
6.444591879844665527e-01
-9.014491736888885498e-02
5.695684552192687988e-01
6.782135367393493652e-01
-5.905201286077499390e-02
5.111347436904907227e-01
6.798235177993774414e-01
-7.678841799497604370e-02
4.938429296016693115e-01
6.832000017166137695e-01
-7.452631741762161255e-02
4.840722680091857910e-01
6.833810806274414062e-01
-7.349523901939392090e-02
5.676449537277221680e-01
7.195913791656494141e-01
-5.957915633916854858e-02
5.216956734657287598e-01
7.204396724700927734e-01
-7.439368218183517456e-02
5.066950917243957520e-01
7.220254540443420410e-01
-7.219608128070831299e-02
4.958798587322235107e-01
7.219576239585876465e-01
-7.007912546396255493e-02
