7.575204372406005859e-01
6.659161448478698730e-01
-5.937212677054048982e-07
7.094922065734863281e-01
5.731440186500549316e-01
2.949082478880882263e-02
6.578921675682067871e-01
5.055775046348571777e-01
3.388670459389686584e-02
6.118466854095458984e-01
4.530852437019348145e-01
3.170770034193992615e-02
5.931724905967712402e-01
3.913601934909820557e-01
2.969842962920665741e-02
6.093226671218872070e-01
5.276562571525573730e-01
-7.719624787569046021e-03
5.078994631767272949e-01
5.246140360832214355e-01
-1.589163020253181458e-02
5.279566049575805664e-01
5.483455061912536621e-01
-1.032517757266759872e-02
5.627089738845825195e-01
5.540933012962341309e-01
-3.460145089775323868e-03
6.024719476699829102e-01
5.836368203163146973e-01
-2.712627686560153961e-02
5.106089115142822266e-01
5.894584059715270996e-01
-3.247869387269020081e-02
5.311675667762756348e-01
6.116783618927001953e-01
-1.968357153236865997e-02
5.622848272323608398e-01
6.127555966377258301e-01
-1.144865527749061584e-02
6.011468768119812012e-01
6.491494178771972656e-01
-4.362100735306739807e-02
5.115459561347961426e-01
6.479967832565307617e-01
-4.566141963005065918e-02
5.290082693099975586e-01
6.671124696731567383e-01
-2.675773575901985168e-02
5.571646690368652344e-01
6.701282858848571777e-01
-1.624996028840541840e-02
6.025095582008361816e-01
7.115962505340576172e-01
-5.753304064273834229e-02
5.151526927947998047e-01
7.021378874778747559e-01
-6.874090433120727539e-02
4.716297388076782227e-01
7.140733003616333008e-01
-6.823086738586425781e-02
4.435242414474487305e-01
7.238365411758422852e-01
-6.724524497985839844e-02
