6.906085610389709473e-01
5.393086075782775879e-01
2.173855051523787552e-07
6.920099258422851562e-01
4.725666642189025879e-01
2.859599888324737549e-03
6.720473170280456543e-01
4.144617319107055664e-01
2.440033014863729477e-03
6.632875204086303711e-01
3.654351830482482910e-01
2.719730837270617485e-04
6.689870953559875488e-01
3.264661431312561035e-01
-2.465246710926294327e-03
6.317360997200012207e-01
4.226988852024078369e-01
4.776591900736093521e-03
5.884751081466674805e-01
3.937762677669525146e-01
3.172089345753192902e-03
5.659486055374145508e-01
3.778215348720550537e-01
1.106850337237119675e-03
5.538731813430786133e-01
3.677569031715393066e-01
1.969265722436830401e-04
6.120563149452209473e-01
4.518360793590545654e-01
1.788546331226825714e-03
5.674556493759155273e-01
4.237042367458343506e-01
3.964738454669713974e-03
5.480187535285949707e-01
4.128268659114837646e-01
2.721271011978387833e-03
5.389122366905212402e-01
4.069693088531494141e-01
1.616991357877850533e-03
5.973901152610778809e-01
4.843246042728424072e-01
-1.098242122679948807e-03
5.583497881889343262e-01
4.568381011486053467e-01
3.964886534959077835e-03
5.389147996902465820e-01
4.471216797828674316e-01
5.547550041228532791e-03
5.293260216712951660e-01
4.415723383426666260e-01
5.265564657747745514e-03
5.887699127197265625e-01
5.180276632308959961e-01
-4.036879632622003555e-03
5.583896040916442871e-01
4.990611970424652100e-01
1.534620416350662708e-03
5.402297973632812500e-01
4.891050457954406738e-01
5.748967174440622330e-03
5.286648869514465332e-01
4.807556271553039551e-01
8.698992431163787842e-03
