7.637436389923095703e-01
5.001220107078552246e-01
2.320051919468824053e-07
7.698823809623718262e-01
4.327936470508575439e-01
-1.300818100571632385e-02
7.548875212669372559e-01
3.647260367870330811e-01
-2.473421953618526459e-02
7.432873845100402832e-01
3.090060055255889893e-01
-3.468703106045722961e-02
7.539160847663879395e-01
2.695317864418029785e-01
-4.624674096703529358e-02
7.005732059478759766e-01
3.665314912796020508e-01
-3.887519985437393188e-02
6.483007669448852539e-01
3.246373832225799561e-01
-5.440268665552139282e-02
6.115481853485107422e-01
3.050447404384613037e-01
-6.310838460922241211e-02
5.816295146942138672e-01
2.918745279312133789e-01
-6.956528872251510620e-02
6.812921762466430664e-01
4.006741046905517578e-01
-4.103252291679382324e-02
6.257810592651367188e-01
3.631210625171661377e-01
-5.569796636700630188e-02
5.887969732284545898e-01
3.454425036907196045e-01
-6.345693022012710571e-02
5.597297549247741699e-01
3.332883715629577637e-01
-6.942536681890487671e-02
6.682530641555786133e-01
4.377430975437164307e-01
-4.237701371312141418e-02
6.168779730796813965e-01
4.094247221946716309e-01
-5.410733819007873535e-02
5.836700201034545898e-01
3.944613933563232422e-01
-6.114365905523300171e-02
5.584353804588317871e-01
3.843750357627868652e-01
-6.648728251457214355e-02
6.612464189529418945e-01
4.751470386981964111e-01
-4.430446028709411621e-02
6.188538074493408203e-01
4.638881385326385498e-01
-5.539777874946594238e-02
5.909742116928100586e-01
4.591928124427795410e-01
-6.124018505215644836e-02
5.677671432495117188e-01
4.546448588371276855e-01
-6.478148698806762695e-02
