6.727380156517028809e-01
6.538133025169372559e-01
-1.041376691546247457e-07
6.596594452857971191e-01
5.838407874107360840e-01
-9.668528102338314056e-03
6.246725320816040039e-01
5.189921259880065918e-01
-2.004716172814369202e-02
5.856329798698425293e-01
4.820539653301239014e-01
-2.905830554664134979e-02
5.548549890518188477e-01
4.512832462787628174e-01
-3.821737691760063171e-02
6.039599776268005371e-01
5.465031266212463379e-01
-3.168479353189468384e-02
5.427745580673217773e-01
5.401656627655029297e-01
-4.977442696690559387e-02
5.553952455520629883e-01
5.476490855216979980e-01
-5.895592272281646729e-02
5.788334012031555176e-01
5.536673665046691895e-01
-6.172143295407295227e-02
5.984506607055664062e-01
5.964241623878479004e-01
-3.316051885485649109e-02
5.335673689842224121e-01
5.870922803878784180e-01
-4.767262190580368042e-02
5.479059815406799316e-01
5.901477932929992676e-01
-5.169083178043365479e-02
5.730903744697570801e-01
5.971551537513732910e-01
-5.323533341288566589e-02
5.923609733581542969e-01
6.421388387680053711e-01
-3.453041613101959229e-02
5.309200882911682129e-01
6.330487132072448730e-01
-4.481422901153564453e-02
5.444976091384887695e-01
6.340052485466003418e-01
-3.934418782591819763e-02
5.670908093452453613e-01
6.391730904579162598e-01
-3.460969403386116028e-02
5.855283141136169434e-01
6.833657026290893555e-01
-3.606911748647689819e-02
5.334459543228149414e-01
6.724974513053894043e-01
-4.296169430017471313e-02
5.466084480285644531e-01
6.725205183029174805e-01
-3.664203360676765442e-02
5.668616890907287598e-01
6.770104765892028809e-01
-3.061836771667003632e-02
