7.757461071014404297e-01
3.990169167518615723e-01
2.389790552115300670e-07
7.966489791870117188e-01
3.414860367774963379e-01
-1.046204008162021637e-02
7.952881455421447754e-01
2.817700207233428955e-01
-1.730958186089992523e-02
7.962903380393981934e-01
2.314719855785369873e-01
-2.297931350767612457e-02
8.092070817947387695e-01
2.007763832807540894e-01
-2.890312112867832184e-02
7.372452616691589355e-01
2.615738511085510254e-01
-1.197875849902629852e-02
7.031490802764892578e-01
2.232119441032409668e-01
-1.851095631718635559e-02
6.797506213188171387e-01
2.022296935319900513e-01
-2.540845423936843872e-02
6.615477204322814941e-01
1.878955215215682983e-01
-3.077134676277637482e-02
7.146940231323242188e-01
2.857672572135925293e-01
-1.090198755264282227e-02
6.822590231895446777e-01
2.461581826210021973e-01
-1.557617634534835815e-02
6.615635752677917480e-01
2.232958078384399414e-01
-2.123823389410972595e-02
6.458396911621093750e-01
2.080032676458358765e-01
-2.602158486843109131e-02
6.988170146942138672e-01
3.126889765262603760e-01
-1.019549742341041565e-02
6.704391837120056152e-01
2.743289768695831299e-01
-1.355411857366561890e-02
6.523881554603576660e-01
2.529257535934448242e-01
-1.622387580573558807e-02
6.391812562942504883e-01
2.399706244468688965e-01
-1.855706609785556793e-02
6.888466477394104004e-01
3.403334319591522217e-01
-1.047752238810062408e-02
6.659453511238098145e-01
3.071329891681671143e-01
-1.301508676260709763e-02
6.507754325866699219e-01
2.884106338024139404e-01
-1.283576339483261108e-02
6.389744281768798828e-01
2.744563817977905273e-01
-1.225815340876579285e-02
