7.449411749839782715e-01
6.703849434852600098e-01
-3.050093368983652908e-07
7.024773955345153809e-01
5.792118906974792480e-01
1.599609106779098511e-02
6.528658866882324219e-01
5.083631873130798340e-01
1.144468784332275391e-02
6.121714115142822266e-01
4.527733922004699707e-01
2.376746851950883865e-03
5.952329039573669434e-01
3.927575349807739258e-01
-7.453644182533025742e-03
6.141043901443481445e-01
5.366339087486267090e-01
-2.081829868257045746e-02
5.106454491615295410e-01
5.363335013389587402e-01
-3.676810860633850098e-02
5.313569307327270508e-01
5.494151711463928223e-01
-4.098533838987350464e-02
5.672979950904846191e-01
5.520095229148864746e-01
-3.986283391714096069e-02
6.069702506065368652e-01
5.984113216400146484e-01
-3.495739027857780457e-02
5.079836249351501465e-01
6.001815199851989746e-01
-4.366039112210273743e-02
5.277425646781921387e-01
6.085833311080932617e-01
-3.721024096012115479e-02
5.622453093528747559e-01
6.094879508018493652e-01
-3.307067975401878357e-02
6.030528545379638672e-01
6.651142835617065430e-01
-4.673765599727630615e-02
5.092470049858093262e-01
6.577434539794921875e-01
-5.077857524156570435e-02
5.268306732177734375e-01
6.622955203056335449e-01
-3.402591869235038757e-02
5.569159388542175293e-01
6.637837290763854980e-01
-2.348990552127361298e-02
6.016142368316650391e-01
7.283489108085632324e-01
-5.673921108245849609e-02
5.157064795494079590e-01
7.144337892532348633e-01
-6.206870079040527344e-02
5.134373903274536133e-01
7.145841121673583984e-01
-5.072683840990066528e-02
5.256125926971435547e-01
7.211752533912658691e-01
-4.110936820507049561e-02
