7.951245307922363281e-01
6.212902069091796875e-01
-2.124462525898707099e-07
7.573423981666564941e-01
5.211951136589050293e-01
6.662843516096472740e-04
7.002046704292297363e-01
4.364236593246459961e-01
-1.747707091271877289e-02
6.574600338935852051e-01
3.742623031139373779e-01
-3.602677956223487854e-02
6.280837655067443848e-01
3.192560970783233643e-01
-5.588202178478240967e-02
6.889376640319824219e-01
4.781477451324462891e-01
-7.794003933668136597e-02
5.605341196060180664e-01
4.663668870925903320e-01
-1.096285879611968994e-01
5.898668766021728516e-01
4.805298447608947754e-01
-1.156540364027023315e-01
6.382405161857604980e-01
4.883232116699218750e-01
-1.127410084009170532e-01
6.888587474822998047e-01
5.603985190391540527e-01
-9.057616442441940308e-02
5.503270030021667480e-01
5.401795506477355957e-01
-1.195573285222053528e-01
5.824167728424072266e-01
5.482704043388366699e-01
-1.145752295851707458e-01
6.328317523002624512e-01
5.590563416481018066e-01
-1.077587679028511047e-01
6.833896040916442871e-01
6.407459974288940430e-01
-9.925769269466400146e-02
5.502828955650329590e-01
6.186274886131286621e-01
-1.194131225347518921e-01
5.813879966735839844e-01
6.218208074569702148e-01
-9.928203374147415161e-02
6.277275085449218750e-01
6.297248005867004395e-01
-8.276771754026412964e-02
6.769399642944335938e-01
7.129927873611450195e-01
-1.060755178332328796e-01
5.596121549606323242e-01
7.002495527267456055e-01
-1.226897239685058594e-01
5.747179388999938965e-01
6.995503306388854980e-01
-1.078737676143646240e-01
6.123939752578735352e-01
7.061893343925476074e-01
-9.385305643081665039e-02
