8.514172434806823730e-01
3.472646474838256836e-01
-2.331662329879691242e-08
8.511571884155273438e-01
3.097848296165466309e-01
1.514698751270771027e-02
8.366484045982360840e-01
2.737538814544677734e-01
2.082347311079502106e-02
8.277717828750610352e-01
2.502835392951965332e-01
2.363114245235919952e-02
8.301541805267333984e-01
2.309143543243408203e-01
2.558640018105506897e-02
8.038011193275451660e-01
2.419571429491043091e-01
6.332317367196083069e-03
7.702012062072753906e-01
2.059856206178665161e-01
3.945289179682731628e-03
7.463223338127136230e-01
1.902412921190261841e-01
3.938723821192979813e-03
7.281469702720642090e-01
1.812860369682312012e-01
4.132357425987720490e-03
7.935338616371154785e-01
2.517482340335845947e-01
-3.823967417702078819e-03
7.488015890121459961e-01
2.168504297733306885e-01
-8.305854164063930511e-03
7.205753326416015625e-01
2.020995914936065674e-01
-8.954032324254512787e-03
6.989328861236572266e-01
1.934619843959808350e-01
-8.507743477821350098e-03
7.839112281799316406e-01
2.698709666728973389e-01
-1.250090915709733963e-02
7.384980320930480957e-01
2.405614554882049561e-01
-1.647278852760791779e-02
7.102202177047729492e-01
2.290013134479522705e-01
-1.840902119874954224e-02
6.877050995826721191e-01
2.222721427679061890e-01
-1.893036626279354095e-02
7.764779925346374512e-01
2.956048250198364258e-01
-1.946315914392471313e-02
7.393649816513061523e-01
2.750458717346191406e-01
-2.383876405656337738e-02
7.165023684501647949e-01
2.659691572189331055e-01
-2.520889416337013245e-02
6.975077390670776367e-01
2.605310082435607910e-01
-2.508525736629962921e-02
