4.169025421142578125e-01
5.954814553260803223e-01
3.399845809326507151e-07
4.371463358402252197e-01
5.471023321151733398e-01
-1.334132812917232513e-02
4.689968526363372803e-01
5.027282238006591797e-01
-3.034708090126514435e-02
4.951311945915222168e-01
4.847402572631835938e-01
-4.471363872289657593e-02
5.171481370925903320e-01
4.998706579208374023e-01
-5.903223901987075806e-02
4.814082980155944824e-01
5.269452929496765137e-01
-5.213947221636772156e-02
5.424410104751586914e-01
5.256783962249755859e-01
-7.234515994787216187e-02
5.675446391105651855e-01
5.422945618629455566e-01
-8.019609004259109497e-02
5.822213888168334961e-01
5.621447563171386719e-01
-8.353722095489501953e-02
4.781677126884460449e-01
5.620512366294860840e-01
-5.469814687967300415e-02
5.404000878334045410e-01
5.679045319557189941e-01
-7.431810349225997925e-02
5.723540186882019043e-01
5.873771905899047852e-01
-7.987863570451736450e-02
5.914040207862854004e-01
6.095172762870788574e-01
-8.244032412767410278e-02
4.739296138286590576e-01
5.996145009994506836e-01
-5.593224614858627319e-02
5.353794097900390625e-01
5.997614860534667969e-01
-7.073623687028884888e-02
5.678291916847229004e-01
6.121450662612915039e-01
-7.254977524280548096e-02
5.900341868400573730e-01
6.278835535049438477e-01
-7.294782251119613647e-02
4.717434644699096680e-01
6.346397995948791504e-01
-5.717910081148147583e-02
5.188516378402709961e-01
6.291001439094543457e-01
-6.851428747177124023e-02
5.480139255523681641e-01
6.256896853446960449e-01
-6.955902278423309326e-02
5.700896382331848145e-01
6.262800693511962891e-01
-6.911801546812057495e-02
