7.160267829895019531e-01
5.419293045997619629e-01
-1.894299401783428038e-07
6.954435110092163086e-01
4.694613814353942871e-01
9.746838361024856567e-03
6.594207286834716797e-01
4.243272244930267334e-01
1.242108177393674850e-02
6.268897652626037598e-01
3.922112882137298584e-01
1.214303262531757355e-02
6.150190234184265137e-01
3.680106401443481445e-01
1.278634741902351379e-02
6.126688122749328613e-01
4.479074180126190186e-01
-2.545996394474059343e-04
5.429419279098510742e-01
4.448569416999816895e-01
-9.609556756913661957e-03
5.568268299102783203e-01
4.557676017284393311e-01
-1.264821458607912064e-02
5.844334363937377930e-01
4.600080251693725586e-01
-1.107472926378250122e-02
6.005162000656127930e-01
4.948612451553344727e-01
-6.865259259939193726e-03
5.349079966545104980e-01
4.921785891056060791e-01
-1.459447946399450302e-02
5.515045523643493652e-01
5.017268061637878418e-01
-1.293111965060234070e-02
5.757730007171630859e-01
5.024586915969848633e-01
-8.722263388335704803e-03
5.943410992622375488e-01
5.406836867332458496e-01
-1.262244582176208496e-02
5.345302820205688477e-01
5.339964032173156738e-01
-1.869441010057926178e-02
5.475352406501770020e-01
5.387805104255676270e-01
-1.137316692620515823e-02
5.670087933540344238e-01
5.392117500305175781e-01
-3.438241081312298775e-03
5.942778587341308594e-01
5.808308720588684082e-01
-1.691688969731330872e-02
5.356804132461547852e-01
5.690071582794189453e-01
-1.882342062890529633e-02
5.395240187644958496e-01
5.715889930725097656e-01
-9.148769080638885498e-03
5.549349784851074219e-01
5.732274651527404785e-01
5.927421734668314457e-04
