7.532343268394470215e-01
4.566059708595275879e-01
1.654136525530702784e-07
7.712786197662353516e-01
3.906290531158447266e-01
-1.437052036635577679e-03
7.691161632537841797e-01
3.220455348491668701e-01
-6.997429765760898590e-03
7.674987316131591797e-01
2.673470675945281982e-01
-1.237747631967067719e-02
7.789277434349060059e-01
2.322732061147689819e-01
-1.962374709546566010e-02
7.249790430068969727e-01
3.044640719890594482e-01
-2.297789044678211212e-02
6.825385689735412598e-01
2.497835159301757812e-01
-3.127697855234146118e-02
6.533396244049072266e-01
2.202241718769073486e-01
-3.533121570944786072e-02
6.301680207252502441e-01
2.006192654371261597e-01
-3.819555789232254028e-02
6.986247897148132324e-01
3.277702629566192627e-01
-2.786658890545368195e-02
6.520843505859375000e-01
2.704544663429260254e-01
-3.408722952008247375e-02
6.212902665138244629e-01
2.429312169551849365e-01
-3.677389398217201233e-02
5.987852215766906738e-01
2.272381186485290527e-01
-3.918117657303810120e-02
6.765924692153930664e-01
3.587423563003540039e-01
-3.114635311067104340e-02
6.341287493705749512e-01
3.066077828407287598e-01
-3.457683324813842773e-02
6.067644357681274414e-01
2.801029086112976074e-01
-3.653739392757415771e-02
5.876287221908569336e-01
2.635695636272430420e-01
-3.935277834534645081e-02
6.594233512878417969e-01
3.948822319507598877e-01
-3.402429074048995972e-02
6.233325004577636719e-01
3.673162460327148438e-01
-3.759030252695083618e-02
6.014378666877746582e-01
3.504967391490936279e-01
-3.756129741668701172e-02
5.852556228637695312e-01
3.360357582569122314e-01
-3.729892894625663757e-02
