4.557697176933288574e-01
5.654314756393432617e-01
2.839652495367772644e-07
4.734057784080505371e-01
5.150738954544067383e-01
-1.234697736799716949e-02
5.031142234802246094e-01
4.801737368106842041e-01
-2.265622839331626892e-02
5.337249040603637695e-01
4.695824086666107178e-01
-2.945420704782009125e-02
5.595594048500061035e-01
4.744462370872497559e-01
-3.563474491238594055e-02
5.061356425285339355e-01
5.117659568786621094e-01
-3.649063035845756531e-02
5.459654927253723145e-01
5.167412161827087402e-01
-4.748442769050598145e-02
5.706666707992553711e-01
5.210388898849487305e-01
-5.098569020628929138e-02
5.893819332122802734e-01
5.240607261657714844e-01
-5.266492813825607300e-02
5.044144392013549805e-01
5.529855489730834961e-01
-3.584002330899238586e-02
5.458859205245971680e-01
5.599353909492492676e-01
-4.566662386059761047e-02
5.728212594985961914e-01
5.621363520622253418e-01
-4.796332120895385742e-02
5.929514169692993164e-01
5.615409016609191895e-01
-4.992392659187316895e-02
5.013674497604370117e-01
5.897621512413024902e-01
-3.428453952074050903e-02
5.381976962089538574e-01
5.975705385208129883e-01
-4.373173788189888000e-02
5.636382102966308594e-01
5.956366062164306641e-01
-4.443211108446121216e-02
5.831878185272216797e-01
5.923711061477661133e-01
-4.447512701153755188e-02
4.992508888244628906e-01
6.199496984481811523e-01
-3.269728645682334900e-02
5.295648574829101562e-01
6.206957101821899414e-01
-4.115191847085952759e-02
5.509537458419799805e-01
6.165660023689270020e-01
-4.161898791790008545e-02
5.678600668907165527e-01
6.131429076194763184e-01
-4.093609005212783813e-02
