5.522258877754211426e-01
7.537184357643127441e-01
3.120607345863390947e-07
6.030715703964233398e-01
7.609437108039855957e-01
-3.234526375308632851e-03
6.511012911796569824e-01
7.917476296424865723e-01
-1.159931626170873642e-02
6.862255334854125977e-01
8.222290277481079102e-01
-1.992121897637844086e-02
7.126712203025817871e-01
8.446745276451110840e-01
-2.884482592344284058e-02
6.484084725379943848e-01
7.785649895668029785e-01
-2.965544909238815308e-02
6.781617999076843262e-01
8.037270307540893555e-01
-5.013157054781913757e-02
6.953410506248474121e-01
8.307471275329589844e-01
-6.490918248891830444e-02
7.096301317214965820e-01
8.495805859565734863e-01
-7.564464211463928223e-02
6.249999403953552246e-01
7.879413366317749023e-01
-3.859262540936470032e-02
6.481052041053771973e-01
8.150632381439208984e-01
-5.708247795701026917e-02
6.575242280960083008e-01
8.407636284828186035e-01
-6.616177409887313843e-02
6.638332605361938477e-01
8.574938178062438965e-01
-7.393649220466613770e-02
5.950743556022644043e-01
7.984451651573181152e-01
-4.706627875566482544e-02
6.106494069099426270e-01
8.318352103233337402e-01
-6.569981575012207031e-02
6.179344654083251953e-01
8.563138842582702637e-01
-7.079651951789855957e-02
6.256844997406005859e-01
8.719235658645629883e-01
-7.492066174745559692e-02
5.609809160232543945e-01
8.093860149383544922e-01
-5.515383556485176086e-02
5.633525252342224121e-01
8.492198586463928223e-01
-7.290490716695785522e-02
5.681934952735900879e-01
8.771553039550781250e-01
-7.872196286916732788e-02
5.742844343185424805e-01
8.988848328590393066e-01
-8.262882381677627563e-02
