7.505313754081726074e-01
3.649159073829650879e-01
-3.058075890294276178e-07
7.457338571548461914e-01
2.940370738506317139e-01
-2.107362262904644012e-03
7.220541834831237793e-01
2.162535190582275391e-01
-7.997849024832248688e-03
6.974518895149230957e-01
1.592951714992523193e-01
-1.464610919356346130e-02
6.810569763183593750e-01
1.164218038320541382e-01
-2.101222984492778778e-02
6.986843943595886230e-01
1.983697563409805298e-01
-2.275274507701396942e-02
6.234344244003295898e-01
1.944882273674011230e-01
-4.353579506278038025e-02
6.346939206123352051e-01
2.223073989152908325e-01
-5.268851295113563538e-02
6.579605937004089355e-01
2.327542006969451904e-01
-5.576302856206893921e-02
6.884362697601318359e-01
2.368384599685668945e-01
-2.911451645195484161e-02
6.136133074760437012e-01
2.416229546070098877e-01
-4.516979306936264038e-02
6.293894648551940918e-01
2.617919743061065674e-01
-4.420863837003707886e-02
6.509343385696411133e-01
2.644188106060028076e-01
-4.334463924169540405e-02
6.778022050857543945e-01
2.825984358787536621e-01
-3.614614531397819519e-02
6.116439700126647949e-01
2.819690406322479248e-01
-5.161914229393005371e-02
6.274629235267639160e-01
2.984031140804290771e-01
-4.221566393971443176e-02
6.483480334281921387e-01
3.001327812671661377e-01
-3.459823504090309143e-02
6.664257645606994629e-01
3.311364650726318359e-01
-4.294852167367935181e-02
6.138955354690551758e-01
3.234791755676269531e-01
-5.560576543211936951e-02
6.256354451179504395e-01
3.321939408779144287e-01
-5.007023736834526062e-02
6.424558162689208984e-01
3.338142633438110352e-01
-4.357249289751052856e-02
