7.024703621864318848e-01
5.353626012802124023e-01
2.824255034283851273e-07
7.062721848487854004e-01
4.701648652553558350e-01
-2.130950801074504852e-03
6.870262622833251953e-01
4.086879491806030273e-01
-5.550940055400133133e-03
6.772899031639099121e-01
3.575910627841949463e-01
-9.755745530128479004e-03
6.854026913642883301e-01
3.185393810272216797e-01
-1.535314507782459259e-02
6.464681029319763184e-01
4.131785035133361816e-01
-1.128768827766180038e-02
6.013853549957275391e-01
3.749507665634155273e-01
-1.768231950700283051e-02
5.724827051162719727e-01
3.527148067951202393e-01
-2.162552811205387115e-02
5.510488748550415039e-01
3.355582058429718018e-01
-2.476535923779010773e-02
6.247060894966125488e-01
4.412614405155181885e-01
-1.589191891252994537e-02
5.745000243186950684e-01
3.975163400173187256e-01
-1.999830640852451324e-02
5.435788035392761230e-01
3.710101246833801270e-01
-2.412750385701656342e-02
5.217192173004150391e-01
3.494896888732910156e-01
-2.776186726987361908e-02
6.077759861946105957e-01
4.745167493820190430e-01
-2.014550007879734039e-02
5.598331093788146973e-01
4.338341653347015381e-01
-2.311350405216217041e-02
5.290982127189636230e-01
4.106666743755340576e-01
-2.858950197696685791e-02
5.077735185623168945e-01
3.913362622261047363e-01
-3.354005888104438782e-02
5.964145660400390625e-01
5.101093053817749023e-01
-2.434635907411575317e-02
5.593055486679077148e-01
4.889578223228454590e-01
-2.797771804034709930e-02
5.352413654327392578e-01
4.768722653388977051e-01
-3.047893568873405457e-02
5.169676542282104492e-01
4.657591581344604492e-01
-3.224691376090049744e-02
