6.357303857803344727e-01
6.976783275604248047e-01
-7.062741946839423690e-09
6.234923601150512695e-01
6.314340233802795410e-01
-1.436581742018461227e-02
5.851698517799377441e-01
5.761630535125732422e-01
-3.121690638363361359e-02
5.470093488693237305e-01
5.435980558395385742e-01
-4.548196867108345032e-02
5.159331560134887695e-01
5.126979351043701172e-01
-6.415762752294540405e-02
5.813192725181579590e-01
5.780794024467468262e-01
-6.520497053861618042e-02
5.271589756011962891e-01
5.701087117195129395e-01
-9.523198008537292480e-02
4.876354932785034180e-01
5.744237303733825684e-01
-1.132033169269561768e-01
4.531785547733306885e-01
5.847181081771850586e-01
-1.256101131439208984e-01
5.853631496429443359e-01
6.252071857452392578e-01
-7.350636273622512817e-02
5.169035196304321289e-01
6.347633600234985352e-01
-1.042767912149429321e-01
4.751536846160888672e-01
6.523833870887756348e-01
-1.190552115440368652e-01
4.423517584800720215e-01
6.699705123901367188e-01
-1.303770393133163452e-01
5.903261899948120117e-01
6.802428960800170898e-01
-8.045145124197006226e-02
5.263320803642272949e-01
6.977766752243041992e-01
-1.089040189981460571e-01
4.838455915451049805e-01
7.095044851303100586e-01
-1.153257265686988831e-01
4.497367143630981445e-01
7.175399065017700195e-01
-1.196474581956863403e-01
5.935183763504028320e-01
7.375751733779907227e-01
-8.677797764539718628e-02
5.445905327796936035e-01
7.516981363296508789e-01
-1.130214035511016846e-01
5.087541341781616211e-01
7.567459344863891602e-01
-1.191975548863410950e-01
4.768080413341522217e-01
7.575941085815429688e-01
-1.224048212170600891e-01
