6.770392656326293945e-01
7.598078846931457520e-01
-2.074451543876421056e-07
6.151975989341735840e-01
6.237417459487915039e-01
-3.990150615572929382e-02
5.191426277160644531e-01
5.141010284423828125e-01
-7.755469530820846558e-02
4.327874183654785156e-01
5.255939960479736328e-01
-1.012005582451820374e-01
3.951372802257537842e-01
5.977277755737304688e-01
-1.194486543536186218e-01
5.567244887351989746e-01
6.094604730606079102e-01
-1.541246771812438965e-01
4.224390387535095215e-01
6.299504637718200684e-01
-1.964254379272460938e-01
4.404913485050201416e-01
6.401335597038269043e-01
-1.924533993005752563e-01
4.774521291255950928e-01
6.459161043167114258e-01
-1.798498928546905518e-01
5.690516233444213867e-01
7.241930961608886719e-01
-1.455212384462356567e-01
4.120645225048065186e-01
7.318599820137023926e-01
-1.864543408155441284e-01
4.393588900566101074e-01
7.290747761726379395e-01
-1.704495251178741455e-01
4.895545244216918945e-01
7.241617441177368164e-01
-1.543746143579483032e-01
5.669120550155639648e-01
8.262526988983154297e-01
-1.323391199111938477e-01
4.152837097644805908e-01
8.248950242996215820e-01
-1.572843641042709351e-01
4.478677213191986084e-01
8.092728257179260254e-01
-1.245374679565429688e-01
4.961058497428894043e-01
8.003098368644714355e-01
-1.001781374216079712e-01
5.633481740951538086e-01
9.093812704086303711e-01
-1.201547756791114807e-01
4.349505901336669922e-01
8.956011533737182617e-01
-1.286997944116592407e-01
4.638186395168304443e-01
8.766846060752868652e-01
-1.026150733232498169e-01
5.103603601455688477e-01
8.699289560317993164e-01
-8.374089747667312622e-02
