5.242959260940551758e-01
8.131524324417114258e-01
2.371506298004533164e-07
5.019575357437133789e-01
7.791346311569213867e-01
-2.726765163242816925e-02
4.883409440517425537e-01
7.447465062141418457e-01
-4.809345677495002747e-02
4.732010960578918457e-01
7.285005450248718262e-01
-6.488680839538574219e-02
4.546429514884948730e-01
7.310491800308227539e-01
-8.289574831724166870e-02
5.313510298728942871e-01
7.633520960807800293e-01
-5.387130752205848694e-02
5.475146770477294922e-01
7.414755225181579590e-01
-7.291842252016067505e-02
5.627730488777160645e-01
7.218607068061828613e-01
-8.568664640188217163e-02
5.774278044700622559e-01
7.055500745773315430e-01
-9.474997222423553467e-02
5.605463385581970215e-01
7.742333412170410156e-01
-5.040821060538291931e-02
5.881291031837463379e-01
7.418932914733886719e-01
-6.688053160905838013e-02
6.091165542602539062e-01
7.124935388565063477e-01
-7.627302408218383789e-02
6.258151531219482422e-01
6.894887089729309082e-01
-8.432700484991073608e-02
5.813574790954589844e-01
7.820349931716918945e-01
-4.750981554388999939e-02
6.108849644660949707e-01
7.512456178665161133e-01
-6.223327666521072388e-02
6.319360733032226562e-01
7.231212258338928223e-01
-7.286480069160461426e-02
6.487480401992797852e-01
7.000847458839416504e-01
-8.053570985794067383e-02
5.935018658638000488e-01
7.875308394432067871e-01
-4.624909162521362305e-02
6.217691302299499512e-01
7.689625024795532227e-01
-5.767397582530975342e-02
6.419288516044616699e-01
7.531628608703613281e-01
-6.420749425888061523e-02
6.579651832580566406e-01
7.412452697753906250e-01
-6.961811333894729614e-02
