6.397966742515563965e-01
6.684291362762451172e-01
-1.068348893795700860e-07
6.224274039268493652e-01
6.157578825950622559e-01
1.963912043720483780e-03
5.946370959281921387e-01
5.603711605072021484e-01
-2.228284487500786781e-03
5.673200488090515137e-01
5.258965492248535156e-01
-8.075754158198833466e-03
5.429502725601196289e-01
5.057361125946044922e-01
-1.384393405169248581e-02
5.971923470497131348e-01
5.401161313056945801e-01
-1.084898319095373154e-02
5.405919551849365234e-01
5.198264122009277344e-01
-2.693431824445724487e-02
5.450069308280944824e-01
5.342434048652648926e-01
-3.484036028385162354e-02
5.618450045585632324e-01
5.417439937591552734e-01
-3.751047700643539429e-02
5.953184366226196289e-01
5.683370828628540039e-01
-1.825470849871635437e-02
5.328192114830017090e-01
5.544220209121704102e-01
-3.116236254572868347e-02
5.424438118934631348e-01
5.658199191093444824e-01
-3.281137719750404358e-02
5.602837204933166504e-01
5.715958476066589355e-01
-3.285016492009162903e-02
5.932992696762084961e-01
5.994116067886352539e-01
-2.568706683814525604e-02
5.342751145362854004e-01
5.861949920654296875e-01
-3.607195988297462463e-02
5.438160300254821777e-01
5.967820882797241211e-01
-2.927914820611476898e-02
5.601583123207092285e-01
6.005028486251831055e-01
-2.352574653923511505e-02
5.917629599571228027e-01
6.323676109313964844e-01
-3.266773745417594910e-02
5.413972139358520508e-01
6.168736815452575684e-01
-4.004593938589096069e-02
5.495545864105224609e-01
6.243529319763183594e-01
-3.346328809857368469e-02
5.664891004562377930e-01
6.294956207275390625e-01
-2.662515267729759216e-02
