7.559322714805603027e-01
4.541530311107635498e-01
1.808577962947310880e-07
7.727790474891662598e-01
3.863465189933776855e-01
-1.299776020459830761e-03
7.698526382446289062e-01
3.178413510322570801e-01
-6.848619319498538971e-03
7.689862251281738281e-01
2.636404037475585938e-01
-1.249794289469718933e-02
7.797504067420959473e-01
2.280530482530593872e-01
-1.984671689569950104e-02
7.253739833831787109e-01
2.989195585250854492e-01
-2.093461714684963226e-02
6.837816834449768066e-01
2.463952451944351196e-01
-2.938248030841350555e-02
6.547834873199462891e-01
2.181336879730224609e-01
-3.417724370956420898e-02
6.311656236648559570e-01
1.989204436540603638e-01
-3.769945353269577026e-02
6.992098093032836914e-01
3.225605189800262451e-01
-2.627053298056125641e-02
6.531835198402404785e-01
2.669227123260498047e-01
-3.268854692578315735e-02
6.225796341896057129e-01
2.385256886482238770e-01
-3.614811226725578308e-02
5.992555618286132812e-01
2.207405716180801392e-01
-3.920101001858711243e-02
6.773857474327087402e-01
3.542400300502777100e-01
-3.019416518509387970e-02
6.345383524894714355e-01
3.041573762893676758e-01
-3.412944078445434570e-02
6.067653894424438477e-01
2.786567211151123047e-01
-3.668975830078125000e-02
5.865787267684936523e-01
2.619138360023498535e-01
-3.981086984276771545e-02
6.607348322868347168e-01
3.910648226737976074e-01
-3.376859799027442932e-02
6.248234510421752930e-01
3.635031282901763916e-01
-3.770374506711959839e-02
6.026694774627685547e-01
3.470273911952972412e-01
-3.788850083947181702e-02
5.859432816505432129e-01
3.324915170669555664e-01
-3.773530200123786926e-02
