7.457183003425598145e-01
4.745722413063049316e-01
1.433699168273960822e-07
7.510939836502075195e-01
4.147890508174896240e-01
-6.502321921288967133e-04
7.362675666809082031e-01
3.545653522014617920e-01
-6.628945004194974899e-03
7.264598011970520020e-01
3.061793446540832520e-01
-1.283544208854436874e-02
7.348678708076477051e-01
2.681485116481781006e-01
-2.098174765706062317e-02
7.012003064155578613e-01
3.452223539352416992e-01
-1.988715492188930511e-02
6.562392115592956543e-01
3.140338063240051270e-01
-2.880734764039516449e-02
6.267522573471069336e-01
3.012525141239166260e-01
-3.369307890534400940e-02
6.057408452033996582e-01
2.964592576026916504e-01
-3.692702203989028931e-02
6.861545443534851074e-01
3.765891790390014648e-01
-2.493026293814182281e-02
6.398589611053466797e-01
3.452075123786926270e-01
-3.248675540089607239e-02
6.142143011093139648e-01
3.347295522689819336e-01
-3.589938208460807800e-02
5.975809097290039062e-01
3.319496810436248779e-01
-3.858949989080429077e-02
6.741006970405578613e-01
4.122379124164581299e-01
-2.877114713191986084e-02
6.296617984771728516e-01
3.847546279430389404e-01
-3.390391543507575989e-02
6.055761575698852539e-01
3.751246929168701172e-01
-3.440092876553535461e-02
5.912043452262878418e-01
3.717757165431976318e-01
-3.529855236411094666e-02
6.651034951210021973e-01
4.490832388401031494e-01
-3.223816677927970886e-02
6.280853748321533203e-01
4.275266230106353760e-01
-3.691221028566360474e-02
6.067258715629577637e-01
4.175540804862976074e-01
-3.700969740748405457e-02
5.911840200424194336e-01
4.104466438293457031e-01
-3.650888428092002869e-02
