6.456578969955444336e-01
8.555594682693481445e-01
-1.919665351124422159e-07
6.207140088081359863e-01
8.151537179946899414e-01
-3.099996969103813171e-02
6.076110601425170898e-01
7.756612896919250488e-01
-6.077128648757934570e-02
5.949972271919250488e-01
7.516391873359680176e-01
-8.779992908239364624e-02
5.795415639877319336e-01
7.371271848678588867e-01
-1.150493174791336060e-01
6.781827807426452637e-01
7.282167673110961914e-01
-7.000432163476943970e-02
6.669774651527404785e-01
6.878924369812011719e-01
-1.137681826949119568e-01
6.314349174499511719e-01
6.957280635833740234e-01
-1.388738900423049927e-01
6.001507639884948730e-01
7.141447663307189941e-01
-1.517124325037002563e-01
6.975961923599243164e-01
7.680783867835998535e-01
-7.627360522747039795e-02
6.930505037307739258e-01
7.420679926872253418e-01
-1.201424524188041687e-01
6.423936486244201660e-01
7.526549696922302246e-01
-1.322318315505981445e-01
6.067100167274475098e-01
7.666952610015869141e-01
-1.350513696670532227e-01
7.047678232192993164e-01
8.185231089591979980e-01
-8.535203337669372559e-02
7.047625184059143066e-01
8.098575472831726074e-01
-1.283080577850341797e-01
6.579307317733764648e-01
8.182702660560607910e-01
-1.302502900362014771e-01
6.258827447891235352e-01
8.297362923622131348e-01
-1.248338595032691956e-01
7.022361755371093750e-01
8.694630265235900879e-01
-9.600524604320526123e-02
7.054137587547302246e-01
8.712982535362243652e-01
-1.315075010061264038e-01
6.882521510124206543e-01
8.784875869750976562e-01
-1.335240602493286133e-01
6.779708862304687500e-01
8.863668441772460938e-01
-1.290707588195800781e-01
