8.065258264541625977e-01
4.044680595397949219e-01
-1.603417842943599680e-07
8.041941523551940918e-01
3.474038541316986084e-01
2.299200743436813354e-02
7.882047295570373535e-01
2.978549599647521973e-01
2.907940186560153961e-02
7.749554514884948730e-01
2.595455050468444824e-01
3.145909681916236877e-02
7.772208452224731445e-01
2.284816205501556396e-01
3.134366124868392944e-02
7.686320543289184570e-01
2.676725983619689941e-01
-2.810728270560503006e-03
7.270879149436950684e-01
2.205339670181274414e-01
-1.009599864482879639e-02
6.987878680229187012e-01
2.023517936468124390e-01
-1.213696412742137909e-02
6.775646805763244629e-01
1.928815841674804688e-01
-1.262750755995512009e-02
7.603121399879455566e-01
2.872071266174316406e-01
-1.738207414746284485e-02
7.064999938011169434e-01
2.399214208126068115e-01
-2.443589270114898682e-02
6.721458435058593750e-01
2.234613299369812012e-01
-2.407212182879447937e-02
6.463596820831298828e-01
2.142683863639831543e-01
-2.382379211485385895e-02
7.505376935005187988e-01
3.153004050254821777e-01
-2.921158820390701294e-02
6.975532770156860352e-01
2.744456529617309570e-01
-3.427101299166679382e-02
6.651613712310791016e-01
2.615875005722045898e-01
-3.342084586620330811e-02
6.403335332870483398e-01
2.531716525554656982e-01
-3.331851586699485779e-02
7.401081919670104980e-01
3.505975604057312012e-01
-3.838468343019485474e-02
6.988910436630249023e-01
3.224223256111145020e-01
-4.436239600181579590e-02
6.755386590957641602e-01
3.133839368820190430e-01
-4.481875896453857422e-02
6.555981636047363281e-01
3.068523108959197998e-01
-4.461276531219482422e-02
