4.953557550907135010e-01
8.431996703147888184e-01
2.589997052382386755e-07
4.724490344524383545e-01
8.085968494415283203e-01
-2.445555664598941803e-02
4.558018147945404053e-01
7.753714919090270996e-01
-4.440148919820785522e-02
4.356530904769897461e-01
7.636440992355346680e-01
-6.113998219370841980e-02
4.091882705688476562e-01
7.673689723014831543e-01
-7.936837524175643921e-02
4.892949759960174561e-01
8.023016452789306641e-01
-5.038049072027206421e-02
5.036485791206359863e-01
7.874766588211059570e-01
-6.825982779264450073e-02
5.157174468040466309e-01
7.700764536857604980e-01
-8.066074550151824951e-02
5.287659764289855957e-01
7.520512938499450684e-01
-8.979392796754837036e-02
5.185148715972900391e-01
8.147106766700744629e-01
-4.888444393873214722e-02
5.467610359191894531e-01
7.849991917610168457e-01
-6.368649750947952271e-02
5.686206817626953125e-01
7.579892873764038086e-01
-7.212595641613006592e-02
5.870362520217895508e-01
7.353054285049438477e-01
-8.048386126756668091e-02
5.411087274551391602e-01
8.223150968551635742e-01
-4.784877598285675049e-02
5.716665387153625488e-01
7.934945821762084961e-01
-6.134356185793876648e-02
5.931154489517211914e-01
7.694644331932067871e-01
-6.947116553783416748e-02
6.105343699455261230e-01
7.465420365333557129e-01
-7.595539838075637817e-02
5.558916330337524414e-01
8.282810449600219727e-01
-4.847254604101181030e-02
5.859349370002746582e-01
8.099246621131896973e-01
-5.699669197201728821e-02
6.056656241416931152e-01
7.964792251586914062e-01
-6.005518510937690735e-02
6.203939914703369141e-01
7.831313610076904297e-01
-6.423750519752502441e-02
