7.858072519302368164e-01
4.057478308677673340e-01
5.046103268568913336e-08
7.930145859718322754e-01
3.439526855945587158e-01
7.648524828255176544e-03
7.862176895141601562e-01
2.822178006172180176e-01
4.779603332281112671e-03
7.836060523986816406e-01
2.336454093456268311e-01
1.970493030967190862e-04
7.937062382698059082e-01
2.010225206613540649e-01
-7.166030816733837128e-03
7.599225044250488281e-01
2.619673013687133789e-01
-1.948439888656139374e-02
7.169874906539916992e-01
2.057568430900573730e-01
-3.040415607392787933e-02
6.878445744514465332e-01
1.764983832836151123e-01
-3.523319959640502930e-02
6.642568707466125488e-01
1.556837558746337891e-01
-3.850308060646057129e-02
7.456820011138916016e-01
2.841004729270935059e-01
-3.068751841783523560e-02
6.931573748588562012e-01
2.238884568214416504e-01
-4.168958589434623718e-02
6.597348451614379883e-01
1.922357380390167236e-01
-4.650065302848815918e-02
6.338153481483459473e-01
1.699883341789245605e-01
-5.024279654026031494e-02
7.305261492729187012e-01
3.152012228965759277e-01
-3.977774828672409058e-02
6.793414950370788574e-01
2.589237093925476074e-01
-5.037241056561470032e-02
6.473255157470703125e-01
2.311258912086486816e-01
-5.539347231388092041e-02
6.223837137222290039e-01
2.112576067447662354e-01
-5.908853560686111450e-02
7.153809666633605957e-01
3.521227240562438965e-01
-4.711024463176727295e-02
6.735655665397644043e-01
3.164879083633422852e-01
-5.928895995020866394e-02
6.483072638511657715e-01
3.005938827991485596e-01
-6.346585601568222046e-02
6.260496973991394043e-01
2.881470620632171631e-01
-6.545095145702362061e-02
