7.346073389053344727e-01
6.785459518432617188e-01
-1.515220731107547181e-07
7.005620598793029785e-01
5.902860760688781738e-01
-6.353567354381084442e-03
6.493389010429382324e-01
5.173455476760864258e-01
-2.383920177817344666e-02
6.065973043441772461e-01
4.623107314109802246e-01
-4.129651561379432678e-02
5.903051495552062988e-01
4.025252461433410645e-01
-5.814767628908157349e-02
6.182962656021118164e-01
5.513726472854614258e-01
-5.522437393665313721e-02
5.091863870620727539e-01
5.555870532989501953e-01
-8.241844177246093750e-02
5.350396037101745605e-01
5.603418350219726562e-01
-9.147535264492034912e-02
5.723410248756408691e-01
5.606567263603210449e-01
-9.183430671691894531e-02
6.125684380531311035e-01
6.249260306358337402e-01
-6.125293672084808350e-02
5.037099719047546387e-01
6.207767128944396973e-01
-8.145622909069061279e-02
5.330972671508789062e-01
6.217366456985473633e-01
-7.798844575881958008e-02
5.704586505889892578e-01
6.246645450592041016e-01
-7.391159981489181519e-02
6.073103547096252441e-01
6.957817077636718750e-01
-6.583219021558761597e-02
5.042160153388977051e-01
6.824896335601806641e-01
-7.812035083770751953e-02
5.319504737854003906e-01
6.795442104339599609e-01
-6.190899759531021118e-02
5.695499181747436523e-01
6.821810007095336914e-01
-4.957670345902442932e-02
6.024681329727172852e-01
7.581582069396972656e-01
-7.050984352827072144e-02
5.123872756958007812e-01
7.382937073707580566e-01
-7.832603156566619873e-02
5.205353498458862305e-01
7.333078980445861816e-01
-6.606011092662811279e-02
5.435894727706909180e-01
7.410318851470947266e-01
-5.531319230794906616e-02
