5.160476565361022949e-01
8.014984726905822754e-01
3.043573428840318229e-07
4.921716153621673584e-01
7.615710496902465820e-01
-2.033229731023311615e-02
4.721530377864837646e-01
7.236938476562500000e-01
-4.001275822520256042e-02
4.465489983558654785e-01
7.056210041046142578e-01
-5.730114132165908813e-02
4.141264557838439941e-01
6.987553834915161133e-01
-7.691428810358047485e-02
5.001824498176574707e-01
7.455992698669433594e-01
-5.431120470166206360e-02
5.213739871978759766e-01
7.198380231857299805e-01
-7.469385862350463867e-02
5.404545664787292480e-01
6.935022473335266113e-01
-8.753782510757446289e-02
5.598847270011901855e-01
6.687902212142944336e-01
-9.666319936513900757e-02
5.315683484077453613e-01
7.673271298408508301e-01
-5.569297075271606445e-02
5.599499940872192383e-01
7.275716662406921387e-01
-7.207747548818588257e-02
5.828367471694946289e-01
6.896998882293701172e-01
-8.056975901126861572e-02
6.018847227096557617e-01
6.568010449409484863e-01
-8.946625143289566040e-02
5.581203103065490723e-01
7.831858396530151367e-01
-5.687939375638961792e-02
5.875189900398254395e-01
7.457965016365051270e-01
-7.144168019294738770e-02
6.100418567657470703e-01
7.125117778778076172e-01
-7.803421467542648315e-02
6.281783580780029297e-01
6.819201111793518066e-01
-8.362439274787902832e-02
5.789460539817810059e-01
7.947921752929687500e-01
-5.926379933953285217e-02
6.067693233489990234e-01
7.674792408943176270e-01
-6.900032609701156616e-02
6.269597411155700684e-01
7.450615167617797852e-01
-7.211806625127792358e-02
6.439252495765686035e-01
7.236271500587463379e-01
-7.634498924016952515e-02
