7.294474244117736816e-01
5.307055711746215820e-01
-4.403168318845018803e-08
7.147407531738281250e-01
4.639325439929962158e-01
-4.223875293973833323e-04
6.789233684539794922e-01
3.988138139247894287e-01
-7.321038749068975449e-03
6.456032395362854004e-01
3.533102869987487793e-01
-1.548103336244821548e-02
6.215693950653076172e-01
3.165306448936462402e-01
-2.592900581657886505e-02
6.782646179199218750e-01
3.895424902439117432e-01
-2.144531533122062683e-02
6.267771720886230469e-01
3.619743883609771729e-01
-3.784531354904174805e-02
6.185048818588256836e-01
3.468871712684631348e-01
-4.700123146176338196e-02
6.191912293434143066e-01
3.327734768390655518e-01
-5.332038551568984985e-02
6.713960766792297363e-01
4.318138062953948975e-01
-3.138760477304458618e-02
5.881381630897521973e-01
4.221339821815490723e-01
-4.571966081857681274e-02
5.989938974380493164e-01
4.351731240749359131e-01
-4.611915349960327148e-02
6.204813122749328613e-01
4.386962652206420898e-01
-4.722124338150024414e-02
6.626757979393005371e-01
4.812458157539367676e-01
-4.088918864727020264e-02
5.825808644294738770e-01
4.741645157337188721e-01
-5.613316223025321960e-02
5.966964960098266602e-01
4.861105680465698242e-01
-4.723183065652847290e-02
6.205512285232543945e-01
4.873632788658142090e-01
-4.071311280131340027e-02
6.544232368469238281e-01
5.330953598022460938e-01
-4.995313286781311035e-02
5.887534618377685547e-01
5.257675051689147949e-01
-6.484550982713699341e-02
6.017984151840209961e-01
5.332107543945312500e-01
-5.841511487960815430e-02
6.257898211479187012e-01
5.358955860137939453e-01
-5.159074813127517700e-02
