8.173598051071166992e-01
3.285126090049743652e-01
2.592355201613827376e-07
8.337161540985107422e-01
2.686989307403564453e-01
-5.151369608938694000e-03
8.301157355308532715e-01
2.133348286151885986e-01
-1.152970921248197556e-02
8.276058435440063477e-01
1.667192727327346802e-01
-1.789217069745063782e-02
8.367050290107727051e-01
1.344325244426727295e-01
-2.518243901431560516e-02
7.774206399917602539e-01
1.968346983194351196e-01
-1.613428257405757904e-02
7.428368330001831055e-01
1.523463726043701172e-01
-2.356255613267421722e-02
7.200379967689514160e-01
1.282951384782791138e-01
-2.864985540509223938e-02
7.021957635879516602e-01
1.101331487298011780e-01
-3.246628865599632263e-02
7.532362937927246094e-01
2.197978347539901733e-01
-1.908107288181781769e-02
7.129528522491455078e-01
1.715254783630371094e-01
-2.407902292907238007e-02
6.881937384605407715e-01
1.442742049694061279e-01
-2.765733562409877777e-02
6.706697940826416016e-01
1.254566013813018799e-01
-3.084876760840415955e-02
7.363640666007995605e-01
2.498153746128082275e-01
-2.161796204745769501e-02
6.973186135292053223e-01
2.096153944730758667e-01
-2.542609535157680511e-02
6.724936366081237793e-01
1.877228915691375732e-01
-2.950826473534107208e-02
6.555547714233398438e-01
1.724631488323211670e-01
-3.332805633544921875e-02
7.262656688690185547e-01
2.829721271991729736e-01
-2.434733510017395020e-02
6.956881880760192871e-01
2.592683434486389160e-01
-2.826865948736667633e-02
6.766359806060791016e-01
2.449102997779846191e-01
-2.964914776384830475e-02
6.628053784370422363e-01
2.327982038259506226e-01
-3.044042550027370453e-02
