4.521367847919464111e-01
5.686064362525939941e-01
2.692106875201716321e-07
4.707683920860290527e-01
5.194485783576965332e-01
-1.235937979072332382e-02
5.015631318092346191e-01
4.838162660598754883e-01
-2.191088348627090454e-02
5.319303274154663086e-01
4.706978201866149902e-01
-2.829518914222717285e-02
5.567681789398193359e-01
4.783501625061035156e-01
-3.374087437987327576e-02
5.073993206024169922e-01
5.122192502021789551e-01
-2.943050488829612732e-02
5.472519397735595703e-01
5.176904201507568359e-01
-3.965022042393684387e-02
5.712206363677978516e-01
5.233023762702941895e-01
-4.402235895395278931e-02
5.898553133010864258e-01
5.275581479072570801e-01
-4.644093289971351624e-02
5.059852600097656250e-01
5.529869198799133301e-01
-2.800288423895835876e-02
5.465245842933654785e-01
5.602114796638488770e-01
-3.574144467711448669e-02
5.717253088951110840e-01
5.629864335060119629e-01
-3.797876462340354919e-02
5.918040871620178223e-01
5.625703930854797363e-01
-4.000871255993843079e-02
5.025780200958251953e-01
5.893101692199707031e-01
-2.615763060748577118e-02
5.382544398307800293e-01
5.949248671531677246e-01
-3.333739936351776123e-02
5.612756013870239258e-01
5.914309620857238770e-01
-3.253419324755668640e-02
5.787594318389892578e-01
5.875051021575927734e-01
-3.161566331982612610e-02
4.992984235286712646e-01
6.192662715911865234e-01
-2.458088099956512451e-02
5.286735892295837402e-01
6.183329820632934570e-01
-3.051205910742282867e-02
5.470619797706604004e-01
6.130315065383911133e-01
-2.888895198702812195e-02
5.607313513755798340e-01
6.085588932037353516e-01
-2.671365998685359955e-02
