7.452755570411682129e-01
5.040097832679748535e-01
2.472297637723386288e-07
7.460652589797973633e-01
4.404828250408172607e-01
-8.601616136729717255e-03
7.288078069686889648e-01
3.759633302688598633e-01
-1.734828948974609375e-02
7.166947722434997559e-01
3.239946067333221436e-01
-2.492069453001022339e-02
7.229251861572265625e-01
2.840799689292907715e-01
-3.337705880403518677e-02
6.839116811752319336e-01
3.808073997497558594e-01
-2.237546071410179138e-02
6.304148435592651367e-01
3.571098148822784424e-01
-3.165309131145477295e-02
5.986901521682739258e-01
3.438799083232879639e-01
-3.736061230301856995e-02
5.751216411590576172e-01
3.338345289230346680e-01
-4.114654660224914551e-02
6.661434769630432129e-01
4.163442254066467285e-01
-2.379141747951507568e-02
6.107464432716369629e-01
3.892455399036407471e-01
-3.114027157425880432e-02
5.836261510848999023e-01
3.754410147666931152e-01
-3.404131904244422913e-02
5.659931898117065430e-01
3.651026487350463867e-01
-3.625230863690376282e-02
6.526995897293090820e-01
4.532359242439270020e-01
-2.469495870172977448e-02
6.021763086318969727e-01
4.280450940132141113e-01
-3.017230890691280365e-02
5.914298892021179199e-01
4.180563092231750488e-01
-2.737871184945106506e-02
5.916346311569213867e-01
4.130111932754516602e-01
-2.496507763862609863e-02
6.422189474105834961e-01
4.891468882560729980e-01
-2.639835327863693237e-02
6.025480031967163086e-01
4.670744836330413818e-01
-3.025207854807376862e-02
5.958172082901000977e-01
4.588953852653503418e-01
-2.575086615979671478e-02
5.975145101547241211e-01
4.544999003410339355e-01
-2.111204713582992554e-02
