6.391502022743225098e-01
7.001528143882751465e-01
4.768028460944151448e-08
6.182693243026733398e-01
6.277052164077758789e-01
-1.684739999473094940e-02
5.671607851982116699e-01
5.635825395584106445e-01
-3.588296473026275635e-02
5.093201398849487305e-01
5.387129187583923340e-01
-4.952214285731315613e-02
4.620640873908996582e-01
5.332550406455993652e-01
-6.655370444059371948e-02
5.549889802932739258e-01
5.804005265235900879e-01
-7.845967262983322144e-02
4.567905664443969727e-01
5.968938469886779785e-01
-1.042021661996841431e-01
4.321944415569305420e-01
6.082491874694824219e-01
-1.125445812940597534e-01
4.311484098434448242e-01
6.225717663764953613e-01
-1.160787940025329590e-01
5.602484345436096191e-01
6.387069225311279297e-01
-8.056449145078659058e-02
4.441184997558593750e-01
6.696698069572448730e-01
-1.037923842668533325e-01
4.375710487365722656e-01
6.850597858428955078e-01
-1.048703417181968689e-01
4.510336518287658691e-01
6.988003849983215332e-01
-1.068971529603004456e-01
5.641452670097351074e-01
7.004461288452148438e-01
-7.987111061811447144e-02
4.599182307720184326e-01
7.312923073768615723e-01
-9.985946118831634521e-02
4.582501947879791260e-01
7.405415177345275879e-01
-9.039163589477539062e-02
4.720657467842102051e-01
7.459453344345092773e-01
-8.417306840419769287e-02
5.644965767860412598e-01
7.588640451431274414e-01
-7.864175736904144287e-02
4.844904243946075439e-01
7.761572599411010742e-01
-9.843569248914718628e-02
4.785671532154083252e-01
7.798321843147277832e-01
-9.278775751590728760e-02
4.853559732437133789e-01
7.817696332931518555e-01
-8.676405996084213257e-02
