7.539442181587219238e-01
4.757416844367980957e-01
1.710675832100605476e-07
7.691978216171264648e-01
4.151902198791503906e-01
-1.307636499404907227e-02
7.591831088066101074e-01
3.513684570789337158e-01
-2.241683006286621094e-02
7.449476718902587891e-01
3.006881177425384521e-01
-2.959094755351543427e-02
7.422509193420410156e-01
2.623548805713653564e-01
-3.746395930647850037e-02
7.164167165756225586e-01
3.493131399154663086e-01
-2.887817099690437317e-02
6.693647503852844238e-01
3.140445351600646973e-01
-4.270950704813003540e-02
6.382451057434082031e-01
2.969566285610198975e-01
-5.129591003060340881e-02
6.132971048355102539e-01
2.852022945880889893e-01
-5.697315558791160583e-02
6.936289072036743164e-01
3.803434669971466064e-01
-2.873518876731395721e-02
6.443883180618286133e-01
3.427744209766387939e-01
-4.245214536786079407e-02
6.123814582824707031e-01
3.223854005336761475e-01
-5.065175145864486694e-02
5.867180228233337402e-01
3.069698214530944824e-01
-5.618053674697875977e-02
6.749248504638671875e-01
4.111915230751037598e-01
-2.843956090509891510e-02
6.321424245834350586e-01
3.733640313148498535e-01
-3.916177526116371155e-02
6.051512360572814941e-01
3.523172140121459961e-01
-4.309407994151115417e-02
5.839763283729553223e-01
3.359037041664123535e-01
-4.530138149857521057e-02
6.605039238929748535e-01
4.395392239093780518e-01
-2.884543128311634064e-02
6.279440522193908691e-01
4.045667350292205811e-01
-3.737155348062515259e-02
6.077070236206054688e-01
3.847109973430633545e-01
-3.939059004187583923e-02
5.912867784500122070e-01
3.673779070377349854e-01
-3.956975787878036499e-02
