6.366900801658630371e-01
6.660437583923339844e-01
-1.311108377421987825e-07
6.276351213455200195e-01
6.081538796424865723e-01
-4.152406938374042511e-03
5.980021357536315918e-01
5.505801439285278320e-01
-1.120323128998279572e-02
5.642788410186767578e-01
5.146039128303527832e-01
-1.797688193619251251e-02
5.349808931350708008e-01
4.993911981582641602e-01
-2.476996183395385742e-02
5.911089181900024414e-01
5.356778502464294434e-01
-2.793251536786556244e-02
5.296096801757812500e-01
5.200726389884948730e-01
-4.472197592258453369e-02
5.393672585487365723e-01
5.324587821960449219e-01
-5.113083869218826294e-02
5.587480664253234863e-01
5.411208271980285645e-01
-5.284959450364112854e-02
5.853531956672668457e-01
5.734718441963195801e-01
-3.335166350007057190e-02
5.226191878318786621e-01
5.586645603179931641e-01
-4.772282764315605164e-02
5.351811051368713379e-01
5.702441930770874023e-01
-4.796588793396949768e-02
5.556579232215881348e-01
5.801919698715209961e-01
-4.739638045430183411e-02
5.786072611808776855e-01
6.147025823593139648e-01
-3.834339603781700134e-02
5.198978781700134277e-01
5.990385413169860840e-01
-5.151816830039024353e-02
5.323980450630187988e-01
6.107339262962341309e-01
-4.325293004512786865e-02
5.521657466888427734e-01
6.198275685310363770e-01
-3.638547658920288086e-02
5.709982514381408691e-01
6.559456586837768555e-01
-4.309405386447906494e-02
5.234181880950927734e-01
6.436884403228759766e-01
-5.409863218665122986e-02
5.321689248085021973e-01
6.524668335914611816e-01
-4.780283570289611816e-02
5.485163331031799316e-01
6.603439450263977051e-01
-4.121003672480583191e-02
