8.055736422538757324e-01
4.030146598815917969e-01
-1.822984216914846911e-07
8.025239109992980957e-01
3.458008766174316406e-01
2.614475786685943604e-02
7.868586778640747070e-01
2.968696355819702148e-01
3.325764462351799011e-02
7.734323740005493164e-01
2.584820687770843506e-01
3.627336770296096802e-02
7.764280438423156738e-01
2.270224690437316895e-01
3.662009164690971375e-02
7.682896256446838379e-01
2.675001621246337891e-01
-2.019998151808977127e-03
7.267597317695617676e-01
2.194469124078750610e-01
-9.078226983547210693e-03
6.980651617050170898e-01
2.019271254539489746e-01
-1.047926582396030426e-02
6.768174171447753906e-01
1.934706866741180420e-01
-1.046266965568065643e-02
7.604253292083740234e-01
2.868357598781585693e-01
-1.804243586957454681e-02
7.062008380889892578e-01
2.386036813259124756e-01
-2.566977776587009430e-02
6.713767647743225098e-01
2.227032482624053955e-01
-2.460748888552188873e-02
6.456776261329650879e-01
2.145265042781829834e-01
-2.367781661450862885e-02
7.507260441780090332e-01
3.151510655879974365e-01
-3.096438758075237274e-02
6.972779035568237305e-01
2.723098397254943848e-01
-3.646331280469894409e-02
6.643502116203308105e-01
2.601749598979949951e-01
-3.467432782053947449e-02
6.392132639884948730e-01
2.527170777320861816e-01
-3.381146118044853210e-02
7.402238845825195312e-01
3.508313298225402832e-01
-4.086924716830253601e-02
6.986140012741088867e-01
3.217046260833740234e-01
-4.747803136706352234e-02
6.751461029052734375e-01
3.126891851425170898e-01
-4.773233458399772644e-02
6.551397442817687988e-01
3.064909279346466064e-01
-4.726653918623924255e-02
