4.578595161437988281e-01
5.579949021339416504e-01
2.579006661562743830e-07
4.747212827205657959e-01
5.090486407279968262e-01
-1.074531022459268570e-02
5.052905678749084473e-01
4.780203402042388916e-01
-1.954882219433784485e-02
5.345901846885681152e-01
4.743842482566833496e-01
-2.531263791024684906e-02
5.554845929145812988e-01
4.861401915550231934e-01
-3.080875612795352936e-02
5.111970305442810059e-01
5.105744004249572754e-01
-3.192514553666114807e-02
5.489493012428283691e-01
5.134578347206115723e-01
-4.180695861577987671e-02
5.715879201889038086e-01
5.173889398574829102e-01
-4.549160599708557129e-02
5.885009765625000000e-01
5.197146534919738770e-01
-4.745024815201759338e-02
5.081489086151123047e-01
5.470166802406311035e-01
-3.151494264602661133e-02
5.465900897979736328e-01
5.514861345291137695e-01
-3.977989032864570618e-02
5.706127882003784180e-01
5.534732341766357422e-01
-4.211557656526565552e-02
5.888640284538269043e-01
5.537402629852294922e-01
-4.418860375881195068e-02
5.032527446746826172e-01
5.795470476150512695e-01
-3.023980557918548584e-02
5.370823740959167480e-01
5.865330100059509277e-01
-3.769559040665626526e-02
5.605923533439636230e-01
5.855308771133422852e-01
-3.791911900043487549e-02
5.787639021873474121e-01
5.842263698577880859e-01
-3.800046816468238831e-02
4.984799027442932129e-01
6.070992350578308105e-01
-2.899760380387306213e-02
5.256670713424682617e-01
6.104630231857299805e-01
-3.593889623880386353e-02
5.449742674827575684e-01
6.084457039833068848e-01
-3.571876138448715210e-02
5.602410435676574707e-01
6.065534949302673340e-01
-3.471142053604125977e-02
