7.969925403594970703e-01
5.373529195785522461e-01
2.678431769709277432e-07
7.988985776901245117e-01
4.510012865066528320e-01
-1.603206619620323181e-02
7.712668776512145996e-01
3.705652058124542236e-01
-2.267599292099475861e-02
7.564308047294616699e-01
3.058263659477233887e-01
-2.853222005069255829e-02
7.644051313400268555e-01
2.569040954113006592e-01
-3.525672852993011475e-02
7.115311622619628906e-01
3.947465419769287109e-01
-9.410573169589042664e-03
6.561109423637390137e-01
3.710182905197143555e-01
-1.909010298550128937e-02
6.172822117805480957e-01
3.618800342082977295e-01
-2.946006879210472107e-02
5.902027487754821777e-01
3.578283190727233887e-01
-3.730423748493194580e-02
6.934373974800109863e-01
4.363884329795837402e-01
-8.634923025965690613e-03
6.390085816383361816e-01
4.154607057571411133e-01
-1.734268479049205780e-02
6.019303202629089355e-01
4.059781432151794434e-01
-2.962722070515155792e-02
5.739583969116210938e-01
3.994642198085784912e-01
-3.857553005218505859e-02
6.833025813102722168e-01
4.765135645866394043e-01
-9.327927604317665100e-03
6.339814662933349609e-01
4.553438425064086914e-01
-1.655148901045322418e-02
6.010466217994689941e-01
4.461582303047180176e-01
-2.271397970616817474e-02
5.758852958679199219e-01
4.386403262615203857e-01
-2.718365564942359924e-02
6.817565560340881348e-01
5.135360956192016602e-01
-1.175736263394355774e-02
6.413408517837524414e-01
5.010671615600585938e-01
-1.712345518171787262e-02
6.141396760940551758e-01
4.950181841850280762e-01
-1.760263554751873016e-02
5.921008586883544922e-01
4.880802929401397705e-01
-1.722661219537258148e-02
