4.899095296859741211e-01
8.491874933242797852e-01
2.810500632222101558e-07
4.654427766799926758e-01
8.123443126678466797e-01
-2.623965963721275330e-02
4.530515074729919434e-01
7.784441709518432617e-01
-4.681985825300216675e-02
4.411548972129821777e-01
7.615960240364074707e-01
-6.324107944965362549e-02
4.200404882431030273e-01
7.578402757644653320e-01
-8.116628229618072510e-02
4.925940334796905518e-01
7.961610555648803711e-01
-5.544728040695190430e-02
5.098001956939697266e-01
7.788280844688415527e-01
-7.471153885126113892e-02
5.258213877677917480e-01
7.592266798019409180e-01
-8.776280283927917480e-02
5.427718162536621094e-01
7.412160038948059082e-01
-9.727342426776885986e-02
5.235804915428161621e-01
8.093017935752868652e-01
-5.274768918752670288e-02
5.552154779434204102e-01
7.767113447189331055e-01
-6.887126713991165161e-02
5.797889232635498047e-01
7.479877471923828125e-01
-7.816074788570404053e-02
6.017798781394958496e-01
7.249311208724975586e-01
-8.693175762891769409e-02
5.460853576660156250e-01
8.193776607513427734e-01
-5.024178698658943176e-02
5.795564651489257812e-01
7.878486514091491699e-01
-6.460417807102203369e-02
6.027501225471496582e-01
7.610437273979187012e-01
-7.465632259845733643e-02
6.229084730148315430e-01
7.375661134719848633e-01
-8.251521736383438110e-02
5.602179765701293945e-01
8.280013799667358398e-01
-4.921845346689224243e-02
5.919291377067565918e-01
8.074318766593933105e-01
-5.955494940280914307e-02
6.133245825767517090e-01
7.910624146461486816e-01
-6.521296501159667969e-02
6.313048601150512695e-01
7.765235900878906250e-01
-7.079156488180160522e-02
