7.164891958236694336e-01
6.698768138885498047e-01
-1.437018255501243402e-07
6.890023946762084961e-01
5.849609375000000000e-01
-1.066104788333177567e-02
6.500036716461181641e-01
5.136452913284301758e-01
-3.036139719188213348e-02
5.979411602020263672e-01
5.033130049705505371e-01
-4.411100596189498901e-02
5.700051188468933105e-01
5.428971648216247559e-01
-5.861830711364746094e-02
6.581431031227111816e-01
5.595282316207885742e-01
-9.409705549478530884e-02
5.466724038124084473e-01
5.862709879875183105e-01
-1.185832694172859192e-01
5.689674615859985352e-01
5.915803909301757812e-01
-1.182518973946571350e-01
6.071586608886718750e-01
5.904879570007324219e-01
-1.136423498392105103e-01
6.710970997810363770e-01
6.288508176803588867e-01
-9.801840037107467651e-02
5.490038990974426270e-01
6.589591503143310547e-01
-1.206097528338432312e-01
5.701788067817687988e-01
6.581448912620544434e-01
-1.122918352484703064e-01
6.054666042327880859e-01
6.544159650802612305e-01
-1.070936024188995361e-01
6.741011738777160645e-01
6.900508999824523926e-01
-9.733875840902328491e-02
5.631936788558959961e-01
7.178264260292053223e-01
-1.142502352595329285e-01
5.803249478340148926e-01
7.126916050910949707e-01
-9.710966050624847412e-02
6.131106019020080566e-01
7.024846076965332031e-01
-8.590923994779586792e-02
6.699494123458862305e-01
7.448208928108215332e-01
-9.570454061031341553e-02
5.850901007652282715e-01
7.710452675819396973e-01
-1.104539334774017334e-01
6.011861562728881836e-01
7.634769082069396973e-01
-9.919577091932296753e-02
6.306043267250061035e-01
7.539244890213012695e-01
-9.039220958948135376e-02
