6.530997753143310547e-01
7.512707710266113281e-01
-1.383351388994924491e-07
6.166340708732604980e-01
6.383577585220336914e-01
-1.658565178513526917e-02
5.434994101524353027e-01
5.472378134727478027e-01
-4.131309688091278076e-02
4.621172547340393066e-01
5.355597138404846191e-01
-5.860159173607826233e-02
4.161468446254730225e-01
5.639821290969848633e-01
-7.717409729957580566e-02
5.496461987495422363e-01
6.052334904670715332e-01
-1.132877916097640991e-01
4.116527438163757324e-01
6.225189566612243652e-01
-1.459739059209823608e-01
4.463950991630554199e-01
6.255202293395996094e-01
-1.492370069026947021e-01
5.019246339797973633e-01
6.235618591308593750e-01
-1.454001069068908691e-01
5.571682453155517578e-01
6.979681253433227539e-01
-1.182877421379089355e-01
4.075845181941986084e-01
7.019850611686706543e-01
-1.487611234188079834e-01
4.438548982143402100e-01
6.994605660438537598e-01
-1.430592238903045654e-01
5.006051063537597656e-01
7.027082443237304688e-01
-1.367353796958923340e-01
5.583199262619018555e-01
7.827489376068115234e-01
-1.180135905742645264e-01
4.204647541046142578e-01
7.894870638847351074e-01
-1.436441242694854736e-01
4.583532512187957764e-01
7.814953327178955078e-01
-1.245208382606506348e-01
5.118033885955810547e-01
7.750306725502014160e-01
-1.099348813295364380e-01
5.575790405273437500e-01
8.636762499809265137e-01
-1.163708344101905823e-01
4.487049877643585205e-01
8.805592656135559082e-01
-1.451167315244674683e-01
4.843469858169555664e-01
8.701343536376953125e-01
-1.343400031328201294e-01
5.354446172714233398e-01
8.594424724578857422e-01
-1.224781721830368042e-01
