2.311449646949768066e-01
8.506265878677368164e-01
-5.989640783354843734e-09
2.670705914497375488e-01
8.817360401153564453e-01
-4.390231892466545105e-02
2.800384759902954102e-01
9.397200942039489746e-01
-6.939751654863357544e-02
2.694496214389801025e-01
9.969777464866638184e-01
-8.394746482372283936e-02
2.576868236064910889e-01
1.041813254356384277e+00
-9.608452767133712769e-02
2.202132195234298706e-01
9.155842065811157227e-01
-9.249582886695861816e-02
2.088283151388168335e-01
9.936183691024780273e-01
-1.171112135052680969e-01
2.113239318132400513e-01
1.039509415626525879e+00
-1.232707947492599487e-01
2.143558859825134277e-01
1.066145181655883789e+00
-1.257420778274536133e-01
1.846358776092529297e-01
9.175959229469299316e-01
-7.812380790710449219e-02
1.628287732601165771e-01
9.878091812133789062e-01
-1.046670600771903992e-01
1.620029807090759277e-01
1.040399074554443359e+00
-1.088959649205207825e-01
1.653244197368621826e-01
1.074666142463684082e+00
-1.114949807524681091e-01
1.613048464059829712e-01
9.257115721702575684e-01
-6.385502964258193970e-02
1.354565620422363281e-01
9.837076663970947266e-01
-8.806905895471572876e-02
1.303156316280364990e-01
1.030346274375915527e+00
-9.273301810026168823e-02
1.298528611660003662e-01
1.064588069915771484e+00
-9.446096420288085938e-02
1.502859294414520264e-01
9.358041882514953613e-01
-5.143924057483673096e-02
1.214681640267372131e-01
9.777921438217163086e-01
-7.291489839553833008e-02
1.076001599431037903e-01
1.010833024978637695e+00
-8.084703981876373291e-02
9.942131489515304565e-02
1.037949681282043457e+00
-8.490260690450668335e-02
