7.004421949386596680e-01
6.983850598335266113e-01
-9.788281829514744459e-08
6.763910055160522461e-01
6.205378174781799316e-01
-6.780814845114946365e-03
6.323723793029785156e-01
5.488510727882385254e-01
-1.794587261974811554e-02
5.880433320999145508e-01
5.086556673049926758e-01
-2.784848585724830627e-02
5.551655888557434082e-01
4.751735627651214600e-01
-3.725454956293106079e-02
6.052494049072265625e-01
5.794235467910766602e-01
-3.836400434374809265e-02
5.265860557556152344e-01
5.885637998580932617e-01
-5.697875097393989563e-02
5.478455424308776855e-01
5.962927937507629395e-01
-6.349993497133255005e-02
5.794272422790527344e-01
5.957350134849548340e-01
-6.383904069662094116e-02
6.002907156944274902e-01
6.456728577613830566e-01
-4.188631474971771240e-02
5.186456441879272461e-01
6.411684155464172363e-01
-5.573661997914314270e-02
5.419006943702697754e-01
6.460084319114685059e-01
-5.415940657258033752e-02
5.725697875022888184e-01
6.505659818649291992e-01
-5.214933305978775024e-02
5.955415964126586914e-01
7.073054909706115723e-01
-4.450573399662971497e-02
5.199271440505981445e-01
6.953725814819335938e-01
-5.454461649060249329e-02
5.447353124618530273e-01
6.971813440322875977e-01
-4.158095642924308777e-02
5.738902091979980469e-01
7.003687620162963867e-01
-3.225062042474746704e-02
5.921283960342407227e-01
7.635961771011352539e-01
-4.699827358126640320e-02
5.302692651748657227e-01
7.416210174560546875e-01
-5.379838496446609497e-02
5.523591041564941406e-01
7.419556379318237305e-01
-4.171312227845191956e-02
5.774171352386474609e-01
7.477663755416870117e-01
-3.151522576808929443e-02
