5.172632336616516113e-01
7.891955971717834473e-01
3.443075797804340255e-07
4.852754473686218262e-01
7.575640082359313965e-01
-2.710839733481407166e-02
4.649400711059570312e-01
7.206210494041442871e-01
-4.867758601903915405e-02
4.474921822547912598e-01
6.939755678176879883e-01
-6.607171893119812012e-02
4.253114461898803711e-01
6.809908151626586914e-01
-8.449962735176086426e-02
5.190031528472900391e-01
7.148578166961669922e-01
-5.271140858530998230e-02
5.383583903312683105e-01
6.866365075111389160e-01
-7.100464403629302979e-02
5.552394390106201172e-01
6.635842323303222656e-01
-8.316775411367416382e-02
5.721670389175415039e-01
6.428524851799011230e-01
-9.205042570829391479e-02
5.506007075309753418e-01
7.248004674911499023e-01
-5.020558461546897888e-02
5.791582465171813965e-01
6.828957796096801758e-01
-6.697928160429000854e-02
5.995160937309265137e-01
6.499947905540466309e-01
-7.669961452484130859e-02
6.178005933761596680e-01
6.216343641281127930e-01
-8.507429808378219604e-02
5.727465748786926270e-01
7.350333333015441895e-01
-4.817573726177215576e-02
6.030892729759216309e-01
6.936956048011779785e-01
-6.348968297243118286e-02
6.241980195045471191e-01
6.604123115539550781e-01
-7.387048006057739258e-02
6.424379348754882812e-01
6.313003301620483398e-01
-8.139391243457794189e-02
5.864604711532592773e-01
7.450448870658874512e-01
-4.765991121530532837e-02
6.168565154075622559e-01
7.167237401008605957e-01
-5.926908552646636963e-02
6.384364366531372070e-01
6.951844096183776855e-01
-6.570991873741149902e-02
6.573114991188049316e-01
6.763125658035278320e-01
-7.107701152563095093e-02
