8.089417815208435059e-01
4.046934247016906738e-01
-1.303770460481246118e-07
8.073878884315490723e-01
3.498218953609466553e-01
2.080344036221504211e-02
7.919861078262329102e-01
2.978661060333251953e-01
2.585378102958202362e-02
7.788350582122802734e-01
2.584068775177001953e-01
2.753116935491561890e-02
7.807495594024658203e-01
2.267019450664520264e-01
2.700609341263771057e-02
7.735875248908996582e-01
2.677069902420043945e-01
-4.037392791360616684e-03
7.328729033470153809e-01
2.166755795478820801e-01
-1.136444602161645889e-02
7.041765451431274414e-01
1.975814104080200195e-01
-1.283419132232666016e-02
6.832744479179382324e-01
1.874815970659255981e-01
-1.274936180561780930e-02
7.655006051063537598e-01
2.865463197231292725e-01
-1.775581389665603638e-02
7.120751738548278809e-01
2.360675036907196045e-01
-2.532657422125339508e-02
6.774720549583435059e-01
2.185751348733901978e-01
-2.475067041814327240e-02
6.521493196487426758e-01
2.088008671998977661e-01
-2.385314926505088806e-02
7.551349401473999023e-01
3.136706948280334473e-01
-2.893688902258872986e-02
7.023586630821228027e-01
2.709765136241912842e-01
-3.406463935971260071e-02
6.702037453651428223e-01
2.566028237342834473e-01
-3.296736255288124084e-02
6.462368965148925781e-01
2.473349720239639282e-01
-3.230774775147438049e-02
7.437690496444702148e-01
3.478933870792388916e-01
-3.767658397555351257e-02
7.025268077850341797e-01
3.201024532318115234e-01
-4.281645640730857849e-02
6.793041825294494629e-01
3.103129267692565918e-01
-4.269301146268844604e-02
6.601642370223999023e-01
3.034853339195251465e-01
-4.192420095205307007e-02
