6.509073376655578613e-01
6.960785984992980957e-01
-1.988573394839932007e-08
6.315979957580566406e-01
6.358625888824462891e-01
-8.827313780784606934e-03
5.978969335556030273e-01
5.812327265739440918e-01
-2.001464739441871643e-02
5.635488033294677734e-01
5.451886057853698730e-01
-2.993795275688171387e-02
5.321739912033081055e-01
5.189654827117919922e-01
-4.289720579981803894e-02
5.943332910537719727e-01
5.743141174316406250e-01
-4.033606499433517456e-02
5.423256158828735352e-01
5.601387619972229004e-01
-6.277864426374435425e-02
5.087865591049194336e-01
5.566946268081665039e-01
-7.768885791301727295e-02
4.795433580875396729e-01
5.572031736373901367e-01
-8.751770108938217163e-02
5.933771729469299316e-01
6.129189133644104004e-01
-4.648299142718315125e-02
5.339227318763732910e-01
6.074680685997009277e-01
-6.727459281682968140e-02
4.972329437732696533e-01
6.184729933738708496e-01
-7.705450057983398438e-02
4.687732756137847900e-01
6.321127414703369141e-01
-8.459515124559402466e-02
5.927448868751525879e-01
6.581018567085266113e-01
-5.200612917542457581e-02
5.372437238693237305e-01
6.588675379753112793e-01
-7.110839337110519409e-02
5.034059286117553711e-01
6.664683222770690918e-01
-7.303724437952041626e-02
4.771852791309356689e-01
6.717753410339355469e-01
-7.397527992725372314e-02
5.926466584205627441e-01
7.034941911697387695e-01
-5.719475075602531433e-02
5.497869253158569336e-01
7.044706940650939941e-01
-7.325805723667144775e-02
5.245517492294311523e-01
7.056725025177001953e-01
-7.368121296167373657e-02
5.036228895187377930e-01
7.058514952659606934e-01
-7.275844365358352661e-02
