4.575079977512359619e-01
5.516321659088134766e-01
2.849643578883842565e-07
4.765162467956542969e-01
5.037049651145935059e-01
-1.107522286474704742e-02
5.075970888137817383e-01
4.749680161476135254e-01
-2.147383056581020355e-02
5.362366437911987305e-01
4.697816371917724609e-01
-2.876062318682670593e-02
5.579301118850708008e-01
4.815657138824462891e-01
-3.587679937481880188e-02
5.107342004776000977e-01
5.078092813491821289e-01
-3.678001835942268372e-02
5.481096506118774414e-01
5.148554444313049316e-01
-4.874899238348007202e-02
5.711883306503295898e-01
5.210020542144775391e-01
-5.322184041142463684e-02
5.877313017845153809e-01
5.245332717895507812e-01
-5.547302216291427612e-02
5.065527558326721191e-01
5.450832247734069824e-01
-3.696957603096961975e-02
5.474267601966857910e-01
5.531389117240905762e-01
-4.749782755970954895e-02
5.728708505630493164e-01
5.555794239044189453e-01
-4.990817606449127197e-02
5.915046334266662598e-01
5.549873113632202148e-01
-5.179239809513092041e-02
5.001363754272460938e-01
5.788202285766601562e-01
-3.614420816302299500e-02
5.347945690155029297e-01
5.894048810005187988e-01
-4.560728371143341064e-02
5.578520298004150391e-01
5.881185531616210938e-01
-4.546315968036651611e-02
5.762083530426025391e-01
5.862692594528198242e-01
-4.507286846637725830e-02
4.937890768051147461e-01
6.075054407119750977e-01
-3.525633737444877625e-02
5.205645561218261719e-01
6.139014959335327148e-01
-4.390017315745353699e-02
5.391346216201782227e-01
6.118031144142150879e-01
-4.366246238350868225e-02
5.540192127227783203e-01
6.097807884216308594e-01
-4.250444099307060242e-02
