7.909641861915588379e-01
5.585933923721313477e-01
2.085507162519206759e-07
7.660139203071594238e-01
4.868547916412353516e-01
-9.602860547602176666e-03
7.276961207389831543e-01
4.312768280506134033e-01
-1.966421492397785187e-02
7.056081891059875488e-01
3.759652376174926758e-01
-2.996598929166793823e-02
7.070661783218383789e-01
3.252071440219879150e-01
-4.257428646087646484e-02
6.905494332313537598e-01
4.646627902984619141e-01
-2.809710055589675903e-02
6.318435668945312500e-01
4.580335021018981934e-01
-4.178417474031448364e-02
5.949871540069580078e-01
4.595062434673309326e-01
-5.172089487314224243e-02
5.649830102920532227e-01
4.630052745342254639e-01
-5.958293750882148743e-02
6.877418160438537598e-01
5.119256973266601562e-01
-3.253250941634178162e-02
6.280862689018249512e-01
5.171957015991210938e-01
-4.469893872737884521e-02
5.903793573379516602e-01
5.221405029296875000e-01
-5.522294342517852783e-02
5.574050545692443848e-01
5.277916193008422852e-01
-6.487854570150375366e-02
6.930370330810546875e-01
5.563647747039794922e-01
-3.658792749047279358e-02
6.464498043060302734e-01
5.736188888549804688e-01
-4.750801995396614075e-02
6.133699417114257812e-01
5.888474583625793457e-01
-5.645817890763282776e-02
5.844843387603759766e-01
6.030299663543701172e-01
-6.410863250494003296e-02
7.031020522117614746e-01
5.942127108573913574e-01
-4.107843711972236633e-02
6.673462390899658203e-01
6.150681376457214355e-01
-5.001370608806610107e-02
6.414186954498291016e-01
6.321786642074584961e-01
-5.466707050800323486e-02
6.180091500282287598e-01
6.477633714675903320e-01
-5.847338214516639709e-02
