7.043444514274597168e-01
5.630124211311340332e-01
-1.300387992841933738e-07
6.845556497573852539e-01
4.905386269092559814e-01
9.657438844442367554e-03
6.440612673759460449e-01
4.487640261650085449e-01
5.252258852124214172e-03
6.000404953956604004e-01
4.458155035972595215e-01
-1.520756282843649387e-03
5.667313933372497559e-01
4.623969495296478271e-01
-8.616480976343154907e-03
6.325603127479553223e-01
4.291548728942871094e-01
-1.400478743016719818e-02
5.693743824958801270e-01
4.075429439544677734e-01
-2.445673756301403046e-02
5.778477191925048828e-01
4.268599152565002441e-01
-2.902716211974620819e-02
5.990558862686157227e-01
4.419575035572052002e-01
-2.980611845850944519e-02
6.188153624534606934e-01
4.740024209022521973e-01
-2.358798310160636902e-02
5.581450462341308594e-01
4.496848881244659424e-01
-2.727143280208110809e-02
5.709974169731140137e-01
4.627692997455596924e-01
-2.436294965445995331e-02
5.914925336837768555e-01
4.750134348869323730e-01
-2.302209660410881042e-02
6.073002219200134277e-01
5.203499197959899902e-01
-3.113281168043613434e-02
5.569994449615478516e-01
4.918042123317718506e-01
-3.071699291467666626e-02
5.725477933883666992e-01
5.001189708709716797e-01
-1.907964237034320831e-02
5.910606980323791504e-01
5.109662413597106934e-01
-1.284937839955091476e-02
5.987166166305541992e-01
5.641364455223083496e-01
-3.754490241408348083e-02
5.595955848693847656e-01
5.313119888305664062e-01
-3.402921184897422791e-02
5.739122629165649414e-01
5.339418053627014160e-01
-2.005485445261001587e-02
5.896210670471191406e-01
5.440459847450256348e-01
-1.032136660069227219e-02
