7.236657142639160156e-01
4.863649308681488037e-01
2.361161932640243322e-07
7.389656305313110352e-01
4.223354756832122803e-01
-6.744957529008388519e-03
7.357902526855468750e-01
3.554914891719818115e-01
-1.517482381314039230e-02
7.352260351181030273e-01
3.012175858020782471e-01
-2.255084179341793060e-02
7.479282021522521973e-01
2.661236226558685303e-01
-3.099705278873443604e-02
6.928924322128295898e-01
3.458103835582733154e-01
-2.492061629891395569e-02
6.493009328842163086e-01
2.967640161514282227e-01
-3.453724086284637451e-02
6.193535923957824707e-01
2.707630395889282227e-01
-3.993196785449981689e-02
5.963982343673706055e-01
2.536134719848632812e-01
-4.343472048640251160e-02
6.668900251388549805e-01
3.724486529827117920e-01
-2.733003720641136169e-02
6.231074929237365723e-01
3.191978931427001953e-01
-3.397907316684722900e-02
5.953419208526611328e-01
2.905167341232299805e-01
-3.721522912383079529e-02
5.753396749496459961e-01
2.700755596160888672e-01
-4.014174640178680420e-02
6.451551914215087891e-01
4.024021923542022705e-01
-2.891290560364723206e-02
6.054519414901733398e-01
3.544708490371704102e-01
-3.187961876392364502e-02
5.822415947914123535e-01
3.279969394207000732e-01
-3.272458538413047791e-02
5.670874714851379395e-01
3.093500435352325439e-01
-3.454420343041419983e-02
6.281061172485351562e-01
4.337937831878662109e-01
-3.096764534711837769e-02
5.955805182456970215e-01
3.997484445571899414e-01
-3.293553739786148071e-02
5.768515467643737793e-01
3.796163499355316162e-01
-3.204623237252235413e-02
5.633457899093627930e-01
3.625144958496093750e-01
-3.134274482727050781e-02
