4.500343203544616699e-01
5.693424344062805176e-01
2.766060447356721852e-07
4.699645340442657471e-01
5.179191231727600098e-01
-1.051699463278055191e-02
5.008230805397033691e-01
4.826081097126007080e-01
-1.923407800495624542e-02
5.297092795372009277e-01
4.730706810951232910e-01
-2.552125789225101471e-02
5.519778132438659668e-01
4.827387034893035889e-01
-3.134249523282051086e-02
5.045709609985351562e-01
5.153034329414367676e-01
-2.855150215327739716e-02
5.432033538818359375e-01
5.205466747283935547e-01
-3.983997553586959839e-02
5.672442913055419922e-01
5.272867083549499512e-01
-4.523318260908126831e-02
5.855972766876220703e-01
5.319728851318359375e-01
-4.845487698912620544e-02
5.021542310714721680e-01
5.538284778594970703e-01
-2.896622382104396820e-02
5.400633811950683594e-01
5.571417212486267090e-01
-3.860757499933242798e-02
5.669559240341186523e-01
5.608739852905273438e-01
-4.223984479904174805e-02
5.889836549758911133e-01
5.620182156562805176e-01
-4.523838683962821960e-02
4.977068901062011719e-01
5.897657871246337891e-01
-2.901607193052768707e-02
5.309116244316101074e-01
5.945551395416259766e-01
-3.822415322065353394e-02
5.568761825561523438e-01
5.941387414932250977e-01
-3.920971974730491638e-02
5.788950324058532715e-01
5.927278399467468262e-01
-3.962192311882972717e-02
4.934990704059600830e-01
6.233966350555419922e-01
-2.921205200254917145e-02
5.209073424339294434e-01
6.251586079597473145e-01
-3.764309361577033997e-02
5.415356159210205078e-01
6.235736012458801270e-01
-3.796054422855377197e-02
5.593493580818176270e-01
6.207890510559082031e-01
-3.728315606713294983e-02
