7.849836945533752441e-01
3.969525694847106934e-01
8.217237734697846463e-08
7.912377715110778809e-01
3.405717909336090088e-01
4.291703924536705017e-03
7.856160998344421387e-01
2.812762260437011719e-01
-1.175839803181588650e-03
7.823507189750671387e-01
2.348169386386871338e-01
-7.490721996873617172e-03
7.902896404266357422e-01
2.021107077598571777e-01
-1.642093621194362640e-02
7.625218629837036133e-01
2.627198994159698486e-01
-2.658366598188877106e-02
7.209271192550659180e-01
2.073683738708496094e-01
-4.039767384529113770e-02
6.909500956535339355e-01
1.791176497936248779e-01
-4.708034172654151917e-02
6.659097671508789062e-01
1.593055725097656250e-01
-5.138301849365234375e-02
7.492641806602478027e-01
2.829805314540863037e-01
-3.720499202609062195e-02
6.978735923767089844e-01
2.229660302400588989e-01
-5.106094479560852051e-02
6.625770330429077148e-01
1.921771764755249023e-01
-5.756217613816261292e-02
6.343854665756225586e-01
1.704657673835754395e-01
-6.218149885535240173e-02
7.343308925628662109e-01
3.125650882720947266e-01
-4.562861472368240356e-02
6.846954822540283203e-01
2.593105733394622803e-01
-5.793155357241630554e-02
6.510602831840515137e-01
2.310727685689926147e-01
-6.357342749834060669e-02
6.244297027587890625e-01
2.106042206287384033e-01
-6.737589836120605469e-02
7.187198400497436523e-01
3.483665287494659424e-01
-5.249018594622612000e-02
6.784183979034423828e-01
3.138028681278228760e-01
-6.518546491861343384e-02
6.524013876914978027e-01
2.962714135646820068e-01
-6.926065683364868164e-02
6.294705867767333984e-01
2.820939421653747559e-01
-7.100597769021987915e-02
