6.862925291061401367e-01
6.903780698776245117e-01
-8.725026390266066301e-08
6.675618886947631836e-01
6.162995696067810059e-01
-7.710767909884452820e-03
6.283894181251525879e-01
5.439202189445495605e-01
-1.910585351288318634e-02
5.865321755409240723e-01
5.039914846420288086e-01
-2.896475233137607574e-02
5.559299588203430176e-01
4.704196751117706299e-01
-3.904631733894348145e-02
6.080629229545593262e-01
5.722876191139221191e-01
-3.936388716101646423e-02
5.365776419639587402e-01
5.778104662895202637e-01
-5.810794606804847717e-02
5.545949935913085938e-01
5.838577151298522949e-01
-6.568902730941772461e-02
5.841964483261108398e-01
5.871994495391845703e-01
-6.703362613916397095e-02
6.017608642578125000e-01
6.318039298057556152e-01
-4.292483627796173096e-02
5.263303518295288086e-01
6.263993978500366211e-01
-5.777269601821899414e-02
5.446901321411132812e-01
6.280905604362487793e-01
-5.888525024056434631e-02
5.743694901466369629e-01
6.350355744361877441e-01
-5.887370929121971130e-02
5.951994657516479492e-01
6.877129673957824707e-01
-4.547067359089851379e-02
5.259084701538085938e-01
6.775540113449096680e-01
-5.661165714263916016e-02
5.460942387580871582e-01
6.761530637741088867e-01
-4.666530713438987732e-02
5.730518102645874023e-01
6.798092126846313477e-01
-3.940799832344055176e-02
5.885428190231323242e-01
7.407602667808532715e-01
-4.787830635905265808e-02
5.315017700195312500e-01
7.207821607589721680e-01
-5.709133297204971313e-02
5.531451702117919922e-01
7.195855379104614258e-01
-4.754187911748886108e-02
5.781469345092773438e-01
7.250834703445434570e-01
-3.896116837859153748e-02
