7.138783931732177734e-01
4.864540398120880127e-01
2.741743401202256791e-07
7.285648584365844727e-01
4.244760572910308838e-01
-7.670008111745119095e-03
7.259399890899658203e-01
3.608753979206085205e-01
-1.778554916381835938e-02
7.261450886726379395e-01
3.092256486415863037e-01
-2.701559290289878845e-02
7.395001053810119629e-01
2.739836275577545166e-01
-3.785860911011695862e-02
6.822719573974609375e-01
3.525430858135223389e-01
-2.884156815707683563e-02
6.390626430511474609e-01
3.054042756557464600e-01
-4.109467566013336182e-02
6.096880435943603516e-01
2.801964581012725830e-01
-4.820473864674568176e-02
5.871294736862182617e-01
2.627701163291931152e-01
-5.287703126668930054e-02
6.566449999809265137e-01
3.809114098548889160e-01
-3.191239759325981140e-02
6.117082238197326660e-01
3.290577232837677002e-01
-4.186232388019561768e-02
5.837995409965515137e-01
2.998529374599456787e-01
-4.711200669407844543e-02
5.630905032157897949e-01
2.786558270454406738e-01
-5.108726024627685547e-02
6.356725096702575684e-01
4.129186272621154785e-01
-3.404622152447700500e-02
5.926674008369445801e-01
3.667389452457427979e-01
-4.025515168905258179e-02
5.669604539871215820e-01
3.395669162273406982e-01
-4.270711168646812439e-02
5.491366386413574219e-01
3.195476830005645752e-01
-4.516670480370521545e-02
6.198904514312744141e-01
4.455858469009399414e-01
-3.649644181132316589e-02
5.861677527427673340e-01
4.120970368385314941e-01
-4.086359217762947083e-02
5.659925937652587891e-01
3.917907476425170898e-01
-4.089188203215599060e-02
5.504937171936035156e-01
3.742593228816986084e-01
-4.057343676686286926e-02
