7.630640268325805664e-01
4.384827613830566406e-01
-1.984665800591756124e-07
7.671501636505126953e-01
3.791594803333282471e-01
7.685740012675523758e-03
7.508910894393920898e-01
3.191666901111602783e-01
7.514688186347484589e-03
7.316279411315917969e-01
2.741081714630126953e-01
5.253970623016357422e-03
7.184051275253295898e-01
2.422903478145599365e-01
2.941280137747526169e-03
7.325772047042846680e-01
2.945397198200225830e-01
-5.314416717737913132e-03
6.809592247009277344e-01
2.670090794563293457e-01
-1.477514207363128662e-02
6.831934452056884766e-01
2.820354700088500977e-01
-2.013553492724895477e-02
6.984322667121887207e-01
2.983840703964233398e-01
-2.144585549831390381e-02
7.150782346725463867e-01
3.210091888904571533e-01
-1.192121766507625580e-02
6.641911864280700684e-01
2.918886840343475342e-01
-1.810850761830806732e-02
6.694463491439819336e-01
3.075985908508300781e-01
-1.852202601730823517e-02
6.858567595481872559e-01
3.231710791587829590e-01
-1.827353052794933319e-02
6.971401572227478027e-01
3.503776490688323975e-01
-1.755254901945590973e-02
6.530304551124572754e-01
3.208384811878204346e-01
-2.144433930516242981e-02
6.603043079376220703e-01
3.355033993721008301e-01
-1.510978303849697113e-02
6.761010885238647461e-01
3.499926328659057617e-01
-1.052717678248882294e-02
6.805387139320373535e-01
3.812214136123657227e-01
-2.230631001293659210e-02
6.488197445869445801e-01
3.539400100708007812e-01
-2.436824515461921692e-02
6.563731431961059570e-01
3.662338554859161377e-01
-1.727062277495861053e-02
6.694947481155395508e-01
3.791865408420562744e-01
-1.082715392112731934e-02
