7.141911387443542480e-01
5.488946437835693359e-01
-1.867875170091792825e-07
6.968197822570800781e-01
4.843267500400543213e-01
7.490249350666999817e-03
6.576381325721740723e-01
4.448136687278747559e-01
4.467211198061704636e-03
6.181549429893493652e-01
4.444001019001007080e-01
-6.522079347632825375e-04
5.890347957611083984e-01
4.642221629619598389e-01
-5.816859658807516098e-03
6.480705738067626953e-01
4.251064956188201904e-01
-1.214345823973417282e-02
5.860261321067810059e-01
4.005852341651916504e-01
-2.223343029618263245e-02
5.906348228454589844e-01
4.275283515453338623e-01
-2.581117860972881317e-02
6.108058094978332520e-01
4.445324540138244629e-01
-2.593598142266273499e-02
6.329803466796875000e-01
4.638477563858032227e-01
-2.001434937119483948e-02
5.701319575309753418e-01
4.405940771102905273e-01
-2.669374272227287292e-02
5.798175930976867676e-01
4.623397886753082275e-01
-2.466977201402187347e-02
6.013420820236206055e-01
4.749427735805511475e-01
-2.240117080509662628e-02
6.189553737640380859e-01
5.055090188980102539e-01
-2.633333206176757812e-02
5.619186758995056152e-01
4.798651933670043945e-01
-2.865915186703205109e-02
5.751885175704956055e-01
4.952915608882904053e-01
-1.948213577270507812e-02
5.958151221275329590e-01
5.064962506294250488e-01
-1.337250508368015289e-02
6.084675192832946777e-01
5.460030436515808105e-01
-3.167822584509849548e-02
5.654801726341247559e-01
5.194991230964660645e-01
-3.102964721620082855e-02
5.760266780853271484e-01
5.266712307929992676e-01
-2.047292329370975494e-02
5.935482978820800781e-01
5.363082289695739746e-01
-1.230684947222471237e-02
