7.736147046089172363e-01
4.309320449829101562e-01
-2.029989474294779939e-07
7.763006687164306641e-01
3.675560355186462402e-01
1.153499912470579147e-02
7.600787878036499023e-01
3.071401417255401611e-01
1.391574833542108536e-02
7.444307208061218262e-01
2.645422518253326416e-01
1.359448581933975220e-02
7.375793457031250000e-01
2.339451164007186890e-01
1.338763255625963211e-02
7.349673509597778320e-01
2.801183760166168213e-01
2.179335569962859154e-03
6.900646090507507324e-01
2.557991147041320801e-01
-2.330708084627985954e-03
6.938719749450683594e-01
2.733691632747650146e-01
-5.175026599317789078e-03
7.086359262466430664e-01
2.893774211406707764e-01
-5.638426635414361954e-03
7.170750498771667480e-01
3.060531318187713623e-01
-4.807390738278627396e-03
6.730955243110656738e-01
2.830123305320739746e-01
-7.301621604710817337e-03
6.801468133926391602e-01
2.991069257259368896e-01
-6.586810108274221420e-03
6.965265870094299316e-01
3.144506216049194336e-01
-5.833065602928400040e-03
7.002577781677246094e-01
3.359495103359222412e-01
-1.041159778833389282e-02
6.624774336814880371e-01
3.123333752155303955e-01
-1.038324460387229919e-02
6.718451380729675293e-01
3.259347081184387207e-01
-4.381171427667140961e-03
6.876948475837707520e-01
3.407061994075775146e-01
-6.676051416434347630e-04
6.857669353485107422e-01
3.675575554370880127e-01
-1.494261901825666428e-02
6.602465510368347168e-01
3.476813435554504395e-01
-1.389998290687799454e-02
6.693614721298217773e-01
3.576957285404205322e-01
-7.232555188238620758e-03
6.823098063468933105e-01
3.698618412017822266e-01
-1.451479736715555191e-03
