6.505880951881408691e-01
8.751692771911621094e-01
-1.223223762281122617e-07
6.202104687690734863e-01
8.237116932868957520e-01
-2.264500036835670471e-02
6.053786277770996094e-01
7.788504362106323242e-01
-4.717325419187545776e-02
5.932557582855224609e-01
7.512878179550170898e-01
-6.994997709989547729e-02
5.845620632171630859e-01
7.283850312232971191e-01
-9.229352325201034546e-02
6.637005805969238281e-01
7.334150075912475586e-01
-6.043824180960655212e-02
6.638807058334350586e-01
6.910560131072998047e-01
-9.986421465873718262e-02
6.356896758079528809e-01
6.914271712303161621e-01
-1.260657906532287598e-01
6.104018688201904297e-01
7.029905915260314941e-01
-1.417529135942459106e-01
6.821965575218200684e-01
7.707954645156860352e-01
-6.960329413414001465e-02
6.869280934333801270e-01
7.403217554092407227e-01
-1.088747531175613403e-01
6.426158547401428223e-01
7.430883646011352539e-01
-1.241028383374214172e-01
6.094205975532531738e-01
7.572100162506103516e-01
-1.326027959585189819e-01
6.938968896865844727e-01
8.195579648017883301e-01
-8.047257363796234131e-02
7.014860510826110840e-01
8.009947538375854492e-01
-1.168869733810424805e-01
6.618006825447082520e-01
8.036795258522033691e-01
-1.215253844857215881e-01
6.329836845397949219e-01
8.163408041000366211e-01
-1.215861812233924866e-01
7.004671096801757812e-01
8.729142546653747559e-01
-9.277863055467605591e-02
7.106014490127563477e-01
8.649541139602661133e-01
-1.259131431579589844e-01
6.948909163475036621e-01
8.665669560432434082e-01
-1.304026544094085693e-01
6.825443506240844727e-01
8.756009936332702637e-01
-1.295859217643737793e-01
