6.389031410217285156e-01
7.366046905517578125e-01
-1.590569098652849789e-07
5.713105797767639160e-01
8.118790388107299805e-01
-3.172634914517402649e-02
4.659650623798370361e-01
8.640145659446716309e-01
-6.593328714370727539e-02
3.737928271293640137e-01
8.869181275367736816e-01
-9.347514063119888306e-02
2.991502583026885986e-01
9.172443151473999023e-01
-1.188114657998085022e-01
5.380802154541015625e-01
8.923043012619018555e-01
-1.247208863496780396e-01
4.601444602012634277e-01
9.273349046707153320e-01
-1.797769069671630859e-01
4.846197664737701416e-01
9.333458542823791504e-01
-2.022102475166320801e-01
5.297187566757202148e-01
9.551742076873779297e-01
-2.096347212791442871e-01
5.607298612594604492e-01
8.189222216606140137e-01
-1.315237730741500854e-01
4.135874509811401367e-01
7.948735356330871582e-01
-1.809219568967819214e-01
4.477449655532836914e-01
7.687590122222900391e-01
-1.779810488224029541e-01
5.021171569824218750e-01
7.643205523490905762e-01
-1.714603900909423828e-01
5.673746466636657715e-01
7.209876179695129395e-01
-1.369666606187820435e-01
4.203728139400482178e-01
7.197815775871276855e-01
-1.694860607385635376e-01
4.554075896739959717e-01
7.031041979789733887e-01
-1.374778002500534058e-01
5.054487586021423340e-01
6.998937726020812988e-01
-1.132590323686599731e-01
5.629121065139770508e-01
6.249881982803344727e-01
-1.446494907140731812e-01
4.421288371086120605e-01
6.270482540130615234e-01
-1.599245071411132812e-01
4.731250405311584473e-01
6.281007528305053711e-01
-1.331021487712860107e-01
5.157474875450134277e-01
6.330615282058715820e-01
-1.134923398494720459e-01
