8.049479126930236816e-01
4.149263501167297363e-01
2.667214573648379883e-07
8.203266859054565430e-01
3.567666709423065186e-01
-1.228991802781820297e-02
8.159745335578918457e-01
2.980400919914245605e-01
-1.953880488872528076e-02
8.106276988983154297e-01
2.495141327381134033e-01
-2.542861737310886383e-02
8.206745386123657227e-01
2.186046242713928223e-01
-3.163479641079902649e-02
7.585814595222473145e-01
2.892663478851318359e-01
-1.718005724251270294e-02
7.189716696739196777e-01
2.522892057895660400e-01
-2.563501335680484772e-02
6.917065978050231934e-01
2.320260256528854370e-01
-3.251025080680847168e-02
6.702458858489990234e-01
2.168850749731063843e-01
-3.777585551142692566e-02
7.349746823310852051e-01
3.127378821372985840e-01
-1.725606434047222137e-02
6.942865848541259766e-01
2.699704468250274658e-01
-2.428728155791759491e-02
6.669159531593322754e-01
2.447272241115570068e-01
-3.050490468740463257e-02
6.460630297660827637e-01
2.248269617557525635e-01
-3.522088006138801575e-02
7.188028693199157715e-01
3.408705294132232666e-01
-1.784474961459636688e-02
6.818599104881286621e-01
2.989709973335266113e-01
-2.356926165521144867e-02
6.575837135314941406e-01
2.737733423709869385e-01
-2.945576421916484833e-02
6.398590207099914551e-01
2.542058229446411133e-01
-3.393199294805526733e-02
7.091833353042602539e-01
3.716628551483154297e-01
-1.944167166948318481e-02
6.799382567405700684e-01
3.443656265735626221e-01
-2.430696040391921997e-02
6.619262695312500000e-01
3.288322985172271729e-01
-2.652476169168949127e-02
6.490558385848999023e-01
3.164762556552886963e-01
-2.771252021193504333e-02
