6.916472911834716797e-01
5.458796024322509766e-01
1.873111585837250459e-07
6.957173943519592285e-01
4.765442609786987305e-01
6.527883931994438171e-03
6.753410100936889648e-01
4.180290102958679199e-01
8.998523466289043427e-03
6.648907065391540527e-01
3.678198158740997314e-01
9.361469186842441559e-03
6.694825887680053711e-01
3.265135288238525391e-01
9.232458658516407013e-03
6.370272040367126465e-01
4.238488972187042236e-01
1.160822343081235886e-02
5.918768644332885742e-01
3.927497863769531250e-01
1.311612036079168320e-02
5.692257285118103027e-01
3.782221376895904541e-01
1.263445802032947540e-02
5.567497014999389648e-01
3.694223761558532715e-01
1.250809617340564728e-02
6.148782968521118164e-01
4.531892240047454834e-01
8.160299621522426605e-03
5.685151815414428711e-01
4.221032857894897461e-01
1.342723425477743149e-02
5.495855808258056641e-01
4.116343557834625244e-01
1.279450301080942154e-02
5.406215786933898926e-01
4.053874909877777100e-01
1.168591994792222977e-02
5.981782078742980957e-01
4.866389036178588867e-01
4.930919501930475235e-03
5.568917393684387207e-01
4.571160078048706055e-01
1.289181225001811981e-02
5.386362075805664062e-01
4.470705986022949219e-01
1.448816061019897461e-02
5.296007990837097168e-01
4.402034580707550049e-01
1.351694483309984207e-02
5.875135064125061035e-01
5.193732380867004395e-01
1.937801134772598743e-03
5.554482340812683105e-01
4.980386197566986084e-01
1.020081993192434311e-02
5.380814075469970703e-01
4.877252280712127686e-01
1.495131570845842361e-02
5.269292593002319336e-01
4.790143966674804688e-01
1.765775866806507111e-02
