7.080393433570861816e-01
7.037261724472045898e-01
-1.101212632192982710e-07
6.843683719635009766e-01
6.227912902832031250e-01
-6.441398058086633682e-03
6.385669112205505371e-01
5.494548082351684570e-01
-1.786391064524650574e-02
5.921858549118041992e-01
5.084491372108459473e-01
-2.788047865033149719e-02
5.585544705390930176e-01
4.737375378608703613e-01
-3.733541071414947510e-02
6.099708080291748047e-01
5.805518031120300293e-01
-4.112906008958816528e-02
5.254249572753906250e-01
5.864258408546447754e-01
-6.067610159516334534e-02
5.466143488883972168e-01
5.937159657478332520e-01
-6.735046207904815674e-02
5.797886252403259277e-01
5.945176482200622559e-01
-6.743418425321578979e-02
6.051543951034545898e-01
6.492215991020202637e-01
-4.480332508683204651e-02
5.176243782043457031e-01
6.418062448501586914e-01
-5.903395265340805054e-02
5.414396524429321289e-01
6.459288597106933594e-01
-5.705080553889274597e-02
5.734983086585998535e-01
6.520455479621887207e-01
-5.475889891386032104e-02
6.002237200736999512e-01
7.135901451110839844e-01
-4.733011499047279358e-02
5.202319025993347168e-01
6.988551616668701172e-01
-5.709379166364669800e-02
5.459662079811096191e-01
7.002710700035095215e-01
-4.316598922014236450e-02
5.766606330871582031e-01
7.048352360725402832e-01
-3.333390876650810242e-02
5.963878631591796875e-01
7.728086709976196289e-01
-4.969706758856773376e-02
5.313596725463867188e-01
7.487874031066894531e-01
-5.589544400572776794e-02
5.544827580451965332e-01
7.483999729156494141e-01
-4.297108575701713562e-02
5.805629491806030273e-01
7.543648481369018555e-01
-3.238207846879959106e-02
