7.916479706764221191e-01
4.224167466163635254e-01
-3.063594817831472028e-07
7.907148599624633789e-01
3.633204102516174316e-01
1.321364846080541611e-02
7.775626778602600098e-01
3.035816252231597900e-01
1.540515758097171783e-02
7.660814523696899414e-01
2.591859996318817139e-01
1.439117453992366791e-02
7.678388953208923340e-01
2.246902585029602051e-01
1.324594486504793167e-02
7.619611620903015137e-01
2.755272984504699707e-01
-4.199238494038581848e-03
7.094553112983703613e-01
2.341263890266418457e-01
-1.038652658462524414e-02
6.983560919761657715e-01
2.557662725448608398e-01
-9.719272144138813019e-03
7.065283656120300293e-01
2.752953469753265381e-01
-8.000887930393218994e-03
7.498570084571838379e-01
2.967825531959533691e-01
-1.413395628333091736e-02
6.916960477828979492e-01
2.629187405109405518e-01
-2.154780924320220947e-02
6.900247931480407715e-01
2.862234711647033691e-01
-1.693970710039138794e-02
7.050614356994628906e-01
3.018856942653656006e-01
-1.263852510601282120e-02
7.355077862739562988e-01
3.242589235305786133e-01
-2.256867662072181702e-02
6.814460754394531250e-01
2.925541102886199951e-01
-2.802603133022785187e-02
6.846719384193420410e-01
3.141658008098602295e-01
-1.806223019957542419e-02
7.006872892379760742e-01
3.285911381244659424e-01
-1.054004952311515808e-02
7.207528352737426758e-01
3.560764193534851074e-01
-2.967749908566474915e-02
6.791844367980957031e-01
3.306289911270141602e-01
-3.403735905885696411e-02
6.799904704093933105e-01
3.412452638149261475e-01
-2.754556387662887573e-02
6.908717155456542969e-01
3.511286079883575439e-01
-2.144698239862918854e-02
