7.368107438087463379e-01
4.539401829242706299e-01
-1.325070684288220946e-07
7.405300736427307129e-01
3.925575911998748779e-01
5.124915391206741333e-03
7.217832803726196289e-01
3.319293558597564697e-01
3.502489998936653137e-03
6.982026100158691406e-01
2.902060151100158691e-01
1.407626987202093005e-04
6.788202524185180664e-01
2.681310176849365234e-01
-3.576905699446797371e-03
7.064588665962219238e-01
3.136240243911743164e-01
-5.991429090499877930e-03
6.623212695121765137e-01
2.831207811832427979e-01
-1.529369596391916275e-02
6.653878688812255859e-01
2.966682612895965576e-01
-2.139786630868911743e-02
6.789430379867553711e-01
3.110952377319335938e-01
-2.380117401480674744e-02
6.881271004676818848e-01
3.399463891983032227e-01
-1.214335393160581589e-02
6.436575651168823242e-01
3.075136244297027588e-01
-1.816985011100769043e-02
6.483819484710693359e-01
3.208802938461303711e-01
-2.012609690427780151e-02
6.624642014503479004e-01
3.360306918621063232e-01
-2.123705483973026276e-02
6.701826453208923340e-01
3.692488372325897217e-01
-1.747633516788482666e-02
6.298396587371826172e-01
3.362922370433807373e-01
-2.192698419094085693e-02
6.365367770195007324e-01
3.477874994277954102e-01
-1.733983308076858521e-02
6.505797505378723145e-01
3.617902994155883789e-01
-1.397008541971445084e-02
6.544296741485595703e-01
3.993735015392303467e-01
-2.199358865618705750e-02
6.247144341468811035e-01
3.706775009632110596e-01
-2.446136623620986938e-02
6.321874856948852539e-01
3.803081512451171875e-01
-1.789948903024196625e-02
6.440824866294860840e-01
3.928710520267486572e-01
-1.203873660415410995e-02
