7.577968835830688477e-01
4.313832521438598633e-01
1.876723700888760504e-07
7.760904431343078613e-01
3.667441606521606445e-01
-1.565837417729198933e-03
7.731869816780090332e-01
3.019429445266723633e-01
-7.177096325904130936e-03
7.724173665046691895e-01
2.492383420467376709e-01
-1.280612219125032425e-02
7.843342423439025879e-01
2.155892699956893921e-01
-2.032416872680187225e-02
7.304827570915222168e-01
2.833140492439270020e-01
-2.254173345863819122e-02
6.884230375289916992e-01
2.310751676559448242e-01
-3.140071779489517212e-02
6.600456833839416504e-01
2.026201486587524414e-01
-3.618844598531723022e-02
6.371090412139892578e-01
1.830657273530960083e-01
-3.957720100879669189e-02
7.053095102310180664e-01
3.071257770061492920e-01
-2.780330926179885864e-02
6.596121191978454590e-01
2.508133053779602051e-01
-3.463379293680191040e-02
6.295943260192871094e-01
2.208932489156723022e-01
-3.825784102082252502e-02
6.071595549583435059e-01
2.013752311468124390e-01
-4.139053821563720703e-02
6.845440268516540527e-01
3.383805155754089355e-01
-3.156138211488723755e-02
6.420402526855468750e-01
2.884918153285980225e-01
-3.604776784777641296e-02
6.153742074966430664e-01
2.622941434383392334e-01
-3.881251811981201172e-02
5.968284010887145996e-01
2.451439797878265381e-01
-4.181669652462005615e-02
6.685189604759216309e-01
3.740632236003875732e-01
-3.493754193186759949e-02
6.324760913848876953e-01
3.450486958026885986e-01
-3.958075866103172302e-02
6.111127138137817383e-01
3.288750648498535156e-01
-4.004528000950813293e-02
5.951726436614990234e-01
3.153643608093261719e-01
-3.995338454842567444e-02
