7.362135648727416992e-01
5.836143493652343750e-01
-2.558452649736864259e-07
7.147349119186401367e-01
4.994272589683532715e-01
1.773934066295623779e-02
6.736549735069274902e-01
4.441531300544738770e-01
2.629265561699867249e-02
6.334200501441955566e-01
4.040572047233581543e-01
3.015065565705299377e-02
6.178547739982604980e-01
3.586046695709228516e-01
3.487151861190795898e-02
6.083230376243591309e-01
4.681890606880187988e-01
1.855184696614742279e-02
5.351450443267822266e-01
4.615506231784820557e-01
1.841040886938571930e-02
5.452780127525329590e-01
4.805480837821960449e-01
2.146912924945354462e-02
5.740650296211242676e-01
4.889626502990722656e-01
2.627708949148654938e-02
5.952714085578918457e-01
5.176267623901367188e-01
8.445916697382926941e-03
5.253036022186279297e-01
5.134950876235961914e-01
6.195807363837957382e-03
5.399433374404907227e-01
5.323898792266845703e-01
9.718355722725391388e-03
5.685663819313049316e-01
5.358547568321228027e-01
1.561927143484354019e-02
5.894111990928649902e-01
5.699006319046020508e-01
-8.558521512895822525e-04
5.237597227096557617e-01
5.610867738723754883e-01
-3.363640280440449715e-03
5.351856350898742676e-01
5.769621729850769043e-01
3.738329512998461723e-03
5.572088956832885742e-01
5.804157853126525879e-01
1.126856915652751923e-02
5.913189053535461426e-01
6.192325949668884277e-01
-8.127077482640743256e-03
5.253514647483825684e-01
6.075751781463623047e-01
-1.003058161586523056e-02
5.159432888031005859e-01
6.152293682098388672e-01
-3.709553275257349014e-03
5.235010385513305664e-01
6.170247793197631836e-01
3.909365739673376083e-03
