7.560679316520690918e-01
4.359308183193206787e-01
1.858452947089972440e-07
7.740790843963623047e-01
3.710402846336364746e-01
-1.851124339736998081e-03
7.713702917098999023e-01
3.059768676757812500e-01
-7.674380205571651459e-03
7.692705392837524414e-01
2.537193000316619873e-01
-1.352189108729362488e-02
7.805864214897155762e-01
2.189955860376358032e-01
-2.094927988946437836e-02
7.292097806930541992e-01
2.875447571277618408e-01
-2.181900478899478912e-02
6.874366998672485352e-01
2.347851693630218506e-01
-3.053870983421802521e-02
6.592127680778503418e-01
2.055750042200088501e-01
-3.516522049903869629e-02
6.361265182495117188e-01
1.854103505611419678e-01
-3.840317204594612122e-02
7.035695910453796387e-01
3.111400008201599121e-01
-2.684172987937927246e-02
6.575936675071716309e-01
2.549623847007751465e-01
-3.350953385233879089e-02
6.278221011161804199e-01
2.255465090274810791e-01
-3.665482625365257263e-02
6.055747270584106445e-01
2.063491046428680420e-01
-3.932899609208106995e-02
6.821130514144897461e-01
3.415905535221099854e-01
-3.044590540230274200e-02
6.399015188217163086e-01
2.919092178344726562e-01
-3.439271822571754456e-02
6.138718724250793457e-01
2.662211954593658447e-01
-3.601698949933052063e-02
5.960332155227661133e-01
2.493925690650939941e-01
-3.819282352924346924e-02
6.651682257652282715e-01
3.764113187789916992e-01
-3.381627425551414490e-02
6.290356516838073730e-01
3.486569821834564209e-01
-3.750517964363098145e-02
6.078048944473266602e-01
3.323089182376861572e-01
-3.713636100292205811e-02
5.921947360038757324e-01
3.187034130096435547e-01
-3.640155866742134094e-02
