6.317082643508911133e-01
7.289228439331054688e-01
3.337795817515143426e-08
6.129621267318725586e-01
6.290917992591857910e-01
-2.221438102424144745e-02
5.480991005897521973e-01
5.445632934570312500e-01
-4.556164145469665527e-02
4.698432981967926025e-01
5.385301709175109863e-01
-5.998257175087928772e-02
4.179181754589080811e-01
5.641406774520874023e-01
-7.450190186500549316e-02
5.531932115554809570e-01
5.919063687324523926e-01
-1.148236915469169617e-01
4.219801425933837891e-01
6.208375692367553711e-01
-1.463669687509536743e-01
4.471705257892608643e-01
6.192411184310913086e-01
-1.477252542972564697e-01
4.943126738071441650e-01
6.158556342124938965e-01
-1.424508988857269287e-01
5.580995082855224609e-01
6.828125715255737305e-01
-1.147199273109436035e-01
4.220995306968688965e-01
6.983919739723205566e-01
-1.464358419179916382e-01
4.519526064395904541e-01
6.870131492614746094e-01
-1.395237743854522705e-01
4.982714354991912842e-01
6.891775727272033691e-01
-1.326761841773986816e-01
5.575685501098632812e-01
7.641770839691162109e-01
-1.103285998106002808e-01
4.374141693115234375e-01
7.752871513366699219e-01
-1.352828741073608398e-01
4.666921496391296387e-01
7.592927217483520508e-01
-1.158857196569442749e-01
5.107687115669250488e-01
7.544091939926147461e-01
-1.008907854557037354e-01
5.530506968498229980e-01
8.384680747985839844e-01
-1.052654907107353210e-01
4.577567875385284424e-01
8.379997014999389648e-01
-1.299211680889129639e-01
4.801690876483917236e-01
8.210598230361938477e-01
-1.193540915846824646e-01
5.163230299949645996e-01
8.166338205337524414e-01
-1.082959622144699097e-01
