7.963001132011413574e-01
8.671054244041442871e-01
1.268233660312034772e-07
7.502784729003906250e-01
8.227393031120300293e-01
-1.575645618140697479e-02
6.993048191070556641e-01
7.918875813484191895e-01
-3.390846773982048035e-02
6.526275873184204102e-01
7.936603426933288574e-01
-4.817849025130271912e-02
6.214014887809753418e-01
8.060062527656555176e-01
-6.571482121944427490e-02
7.238460779190063477e-01
7.790061235427856445e-01
-7.030106335878372192e-02
6.825649738311767578e-01
7.611504197120666504e-01
-1.001954525709152222e-01
6.445084214210510254e-01
7.741869688034057617e-01
-1.170680522918701172e-01
6.118239164352416992e-01
7.889614701271057129e-01
-1.276547908782958984e-01
7.454004287719726562e-01
8.216333985328674316e-01
-7.599866390228271484e-02
6.957582235336303711e-01
8.266150951385498047e-01
-1.042516604065895081e-01
6.505011320114135742e-01
8.451706171035766602e-01
-1.151700392365455627e-01
6.164900064468383789e-01
8.555280566215515137e-01
-1.245421469211578369e-01
7.604417800903320312e-01
8.729281425476074219e-01
-7.988071441650390625e-02
7.079212665557861328e-01
8.949802517890930176e-01
-1.042589023709297180e-01
6.670511960983276367e-01
9.076586365699768066e-01
-1.076705902814865112e-01
6.378452181816101074e-01
9.096998572349548340e-01
-1.102078109979629517e-01
7.688575387001037598e-01
9.300917983055114746e-01
-8.349211513996124268e-02
7.239248156547546387e-01
9.528480768203735352e-01
-1.050250604748725891e-01
6.942910552024841309e-01
9.576178193092346191e-01
-1.081730276346206665e-01
6.722668409347534180e-01
9.536679387092590332e-01
-1.093646660447120667e-01
