7.842200398445129395e-01
4.321635067462921143e-01
3.014646097199147334e-07
8.011258840560913086e-01
3.699482977390289307e-01
-1.505395583808422089e-02
7.945152521133422852e-01
3.109896481037139893e-01
-2.670924551784992218e-02
7.864050269126892090e-01
2.606315314769744873e-01
-3.606242313981056213e-02
7.932881712913513184e-01
2.231059074401855469e-01
-4.600502923130989075e-02
7.334744334220886230e-01
3.032476007938385010e-01
-2.736461535096168518e-02
6.883510351181030273e-01
2.685397863388061523e-01
-3.892596065998077393e-02
6.600853204727172852e-01
2.487927675247192383e-01
-4.671373590826988220e-02
6.382571458816528320e-01
2.336709499359130859e-01
-5.220115929841995239e-02
7.100271582603454590e-01
3.347125351428985596e-01
-2.670254185795783997e-02
6.626924276351928711e-01
2.959504723548889160e-01
-3.766616806387901306e-02
6.322348713874816895e-01
2.712634205818176270e-01
-4.483503848314285278e-02
6.083997488021850586e-01
2.507256269454956055e-01
-4.997374489903450012e-02
6.934185624122619629e-01
3.675515651702880859e-01
-2.623516693711280823e-02
6.498535275459289551e-01
3.279686868190765381e-01
-3.506337478756904602e-02
6.221414208412170410e-01
3.025182783603668213e-01
-4.102548211812973022e-02
6.013914346694946289e-01
2.816011905670166016e-01
-4.510414227843284607e-02
6.832049489021301270e-01
3.985417485237121582e-01
-2.668651379644870758e-02
6.481766104698181152e-01
3.665284216403961182e-01
-3.441018238663673401e-02
6.257781386375427246e-01
3.456164598464965820e-01
-3.808531910181045532e-02
6.082254648208618164e-01
3.254884481430053711e-01
-3.986463695764541626e-02
