4.526150524616241455e-01
5.671144127845764160e-01
2.602246809146890882e-07
4.718011915683746338e-01
5.166841149330139160e-01
-1.045052427798509598e-02
5.018009543418884277e-01
4.819692373275756836e-01
-1.935130171477794647e-02
5.300870537757873535e-01
4.721901118755340576e-01
-2.569390088319778442e-02
5.520055294036865234e-01
4.819800257682800293e-01
-3.163156658411026001e-02
5.059802532196044922e-01
5.157600045204162598e-01
-2.927650697529315948e-02
5.434484481811523438e-01
5.199612975120544434e-01
-4.018065333366394043e-02
5.675748586654663086e-01
5.259247422218322754e-01
-4.507090896368026733e-02
5.857909917831420898e-01
5.296898484230041504e-01
-4.788893833756446838e-02
5.040923357009887695e-01
5.538735389709472656e-01
-2.943700179457664490e-02
5.411332249641418457e-01
5.563983321189880371e-01
-3.851496428251266479e-02
5.676338076591491699e-01
5.597622990608215332e-01
-4.143583774566650391e-02
5.889747142791748047e-01
5.604667663574218750e-01
-4.392667114734649658e-02
5.003272294998168945e-01
5.890178084373474121e-01
-2.915620245039463043e-02
5.331571102142333984e-01
5.923188924789428711e-01
-3.755756095051765442e-02
5.590240359306335449e-01
5.920697450637817383e-01
-3.770025074481964111e-02
5.807497501373291016e-01
5.912300944328308105e-01
-3.758666664361953735e-02
4.967860877513885498e-01
6.209765672683715820e-01
-2.903082780539989471e-02
5.238639712333679199e-01
6.216871738433837891e-01
-3.687801584601402283e-02
5.447595119476318359e-01
6.204400658607482910e-01
-3.682747483253479004e-02
5.628490447998046875e-01
6.186090707778930664e-01
-3.588275983929634094e-02
