7.724258899688720703e-01
5.756532549858093262e-01
3.036156499547359999e-07
7.511160969734191895e-01
4.972742199897766113e-01
-1.263621821999549866e-02
7.139597535133361816e-01
4.374719262123107910e-01
-2.464330941438674927e-02
6.921463608741760254e-01
3.829145431518554688e-01
-3.546721488237380981e-02
6.911500692367553711e-01
3.277491033077239990e-01
-4.803080484271049500e-02
6.722108125686645508e-01
4.785301089286804199e-01
-2.907243371009826660e-02
6.104937195777893066e-01
4.799172878265380859e-01
-4.141286388039588928e-02
5.739755630493164062e-01
4.831992685794830322e-01
-4.909916594624519348e-02
5.479835271835327148e-01
4.848567843437194824e-01
-5.471017584204673767e-02
6.674754023551940918e-01
5.320033431053161621e-01
-3.046153299510478973e-02
6.041260957717895508e-01
5.356439352035522461e-01
-4.070573300123214722e-02
5.684233307838439941e-01
5.350598096847534180e-01
-4.682795703411102295e-02
5.435880422592163086e-01
5.325490832328796387e-01
-5.185860022902488708e-02
6.699466705322265625e-01
5.810897350311279297e-01
-3.186916187405586243e-02
6.123951673507690430e-01
5.840799808502197266e-01
-3.956682980060577393e-02
5.780838727951049805e-01
5.839830636978149414e-01
-4.329774156212806702e-02
5.528130531311035156e-01
5.803139209747314453e-01
-4.662990570068359375e-02
6.771790981292724609e-01
6.212246417999267578e-01
-3.408821672201156616e-02
6.329504847526550293e-01
6.303393840789794922e-01
-4.060517251491546631e-02
6.060564517974853516e-01
6.359614729881286621e-01
-4.159006476402282715e-02
5.845591425895690918e-01
6.373917460441589355e-01
-4.197360575199127197e-02
