6.977021098136901855e-01
6.021028161048889160e-01
-9.675674306208748021e-08
6.757869124412536621e-01
5.522778630256652832e-01
-8.920065127313137054e-03
6.431843638420104980e-01
4.991641938686370850e-01
-1.482873037457466125e-02
6.135087013244628906e-01
4.580010771751403809e-01
-2.008061297237873077e-02
5.913732051849365234e-01
4.211500883102416992e-01
-2.651757188141345978e-02
6.501209139823913574e-01
4.963110387325286865e-01
-1.951421424746513367e-02
6.131586432456970215e-01
4.764518141746520996e-01
-3.278580307960510254e-02
5.939939022064208984e-01
4.765252172946929932e-01
-4.129222407937049866e-02
5.822557806968688965e-01
4.707042574882507324e-01
-4.822813719511032104e-02
6.496800780296325684e-01
5.279039144515991211e-01
-2.287350408732891083e-02
6.129907369613647461e-01
5.178707242012023926e-01
-3.462638333439826965e-02
6.005998253822326660e-01
5.264071822166442871e-01
-4.086948186159133911e-02
5.950165987014770508e-01
5.297652482986450195e-01
-4.740352183580398560e-02
6.500228047370910645e-01
5.642262697219848633e-01
-2.686353959143161774e-02
6.166175007820129395e-01
5.609735846519470215e-01
-4.089538007974624634e-02
6.057600975036621094e-01
5.720663070678710938e-01
-4.175697267055511475e-02
6.009994745254516602e-01
5.765566229820251465e-01
-4.300461709499359131e-02
6.516978740692138672e-01
6.006369590759277344e-01
-3.094558045268058777e-02
6.245811581611633301e-01
6.007227897644042969e-01
-4.436245933175086975e-02
6.162453293800354004e-01
6.098695993423461914e-01
-4.500998556613922119e-02
6.118729114532470703e-01
6.151453256607055664e-01
-4.502170905470848083e-02
