8.594824075698852539e-01
3.547998368740081787e-01
7.268969426377225318e-08
8.729419708251953125e-01
3.077188730239868164e-01
6.754100788384675980e-03
8.668664693832397461e-01
2.617905139923095703e-01
9.397676214575767517e-03
8.627226948738098145e-01
2.267213761806488037e-01
9.932180866599082947e-03
8.721863627433776855e-01
2.042210400104522705e-01
9.475811384618282318e-03
8.209111690521240234e-01
2.308997213840484619e-01
5.506068933755159378e-03
7.882338166236877441e-01
1.938090771436691284e-01
4.886835813522338867e-03
7.671741247177124023e-01
1.743943393230438232e-01
3.541212296113371849e-03
7.496389150619506836e-01
1.610303819179534912e-01
1.933354185894131660e-03
8.020770549774169922e-01
2.461203783750534058e-01
-7.569301524199545383e-04
7.635149955749511719e-01
2.085813879966735840e-01
-1.663775183260440826e-03
7.386481761932373047e-01
1.896632015705108643e-01
-3.654831787571310997e-03
7.190517187118530273e-01
1.769762635231018066e-01
-5.391031969338655472e-03
7.861013412475585938e-01
2.690008580684661865e-01
-6.521895993500947952e-03
7.497710585594177246e-01
2.320729196071624756e-01
-8.298797532916069031e-03
7.262530326843261719e-01
2.129297405481338501e-01
-1.228981558233499527e-02
7.069194912910461426e-01
2.007567882537841797e-01
-1.518906094133853912e-02
7.734457850456237793e-01
2.978096306324005127e-01
-1.146456506103277206e-02
7.415325045585632324e-01
2.707356214523315430e-01
-1.431748643517494202e-02
7.212811708450317383e-01
2.575700879096984863e-01
-1.603401266038417816e-02
7.044197320938110352e-01
2.486386001110076904e-01
-1.669237203896045685e-02
