4.960622191429138184e-01
7.858281135559082031e-01
1.116186680860664637e-07
4.670422077178955078e-01
7.716493010520935059e-01
-5.032536014914512634e-02
4.474849402904510498e-01
7.657330036163330078e-01
-8.820876479148864746e-02
4.262934327125549316e-01
7.679524421691894531e-01
-1.196809411048889160e-01
4.073410630226135254e-01
7.653086781501770020e-01
-1.520857959985733032e-01
4.965587854385375977e-01
7.872025370597839355e-01
-8.951226621866226196e-02
5.173140764236450195e-01
7.678965330123901367e-01
-1.251520216464996338e-01
5.325168371200561523e-01
7.536753416061401367e-01
-1.490503251552581787e-01
5.493926405906677246e-01
7.368242144584655762e-01
-1.643520146608352661e-01
5.206534266471862793e-01
7.939471602439880371e-01
-7.853315770626068115e-02
5.526051521301269531e-01
7.734641432762145996e-01
-1.091254949569702148e-01
5.770422220230102539e-01
7.538016438484191895e-01
-1.263788193464279175e-01
5.993887186050415039e-01
7.301810383796691895e-01
-1.402461528778076172e-01
5.397639274597167969e-01
8.004108667373657227e-01
-6.910870224237442017e-02
5.690401792526245117e-01
7.830893993377685547e-01
-9.374753385782241821e-02
5.913178920745849609e-01
7.628134489059448242e-01
-1.067003831267356873e-01
6.107496023178100586e-01
7.399681806564331055e-01
-1.161832511425018311e-01
5.523150563240051270e-01
8.043748140335083008e-01
-6.334375590085983276e-02
5.762828588485717773e-01
7.994846701622009277e-01
-7.774381339550018311e-02
5.950024127960205078e-01
7.910076975822448730e-01
-8.521916717290878296e-02
6.124947667121887207e-01
7.798388600349426270e-01
-9.263069182634353638e-02
