6.928108930587768555e-01
6.996804475784301758e-01
-4.524902408320485847e-08
6.731584072113037109e-01
6.236653327941894531e-01
-1.129025034606456757e-02
6.291714906692504883e-01
5.507097244262695312e-01
-2.359427325427532196e-02
5.862431526184082031e-01
5.113317966461181641e-01
-3.329215198755264282e-02
5.531384348869323730e-01
4.768536686897277832e-01
-4.289316758513450623e-02
6.042385697364807129e-01
5.818932652473449707e-01
-4.716328531503677368e-02
5.287776589393615723e-01
5.909184217453002930e-01
-6.488420814275741577e-02
5.493274927139282227e-01
5.951014757156372070e-01
-6.958423554897308350e-02
5.792723298072814941e-01
5.920605659484863281e-01
-6.958225369453430176e-02
6.000414490699768066e-01
6.475630402565002441e-01
-4.920827969908714294e-02
5.193521976470947266e-01
6.403350830078125000e-01
-6.426648050546646118e-02
5.430408120155334473e-01
6.409490704536437988e-01
-6.317918747663497925e-02
5.746762752532958984e-01
6.464027166366577148e-01
-6.172589212656021118e-02
5.966045856475830078e-01
7.073020935058593750e-01
-5.003869161009788513e-02
5.208476781845092773e-01
6.967809200286865234e-01
-6.270225346088409424e-02
5.460574030876159668e-01
6.935198903083801270e-01
-5.149590969085693359e-02
5.765677094459533691e-01
6.955400109291076660e-01
-4.321165755391120911e-02
5.938654541969299316e-01
7.619141340255737305e-01
-5.081080272793769836e-02
5.333544015884399414e-01
7.417709231376647949e-01
-6.258914619684219360e-02
5.556166768074035645e-01
7.378759980201721191e-01
-5.367077887058258057e-02
5.811967253684997559e-01
7.414135932922363281e-01
-4.523972794413566589e-02
