6.531677246093750000e-01
7.521712183952331543e-01
-2.528564664316945709e-07
6.038222312927246094e-01
6.717532873153686523e-01
-2.257330901920795441e-02
5.145398974418640137e-01
5.946474671363830566e-01
-5.490245670080184937e-02
4.192208051681518555e-01
6.045028567314147949e-01
-7.820057123899459839e-02
3.481715917587280273e-01
6.642559766769409180e-01
-1.041539832949638367e-01
5.464785099029541016e-01
6.089035272598266602e-01
-1.262162625789642334e-01
4.071217775344848633e-01
6.397225260734558105e-01
-1.572855561971664429e-01
4.306887388229370117e-01
6.580865383148193359e-01
-1.629842966794967651e-01
4.781875610351562500e-01
6.602770090103149414e-01
-1.637849807739257812e-01
5.616053938865661621e-01
6.773362755775451660e-01
-1.257855147123336792e-01
4.131271839141845703e-01
7.152981758117675781e-01
-1.465786397457122803e-01
4.326970279216766357e-01
7.289737462997436523e-01
-1.370134353637695312e-01
4.761111736297607422e-01
7.238851785659790039e-01
-1.364873796701431274e-01
5.664159059524536133e-01
7.507986426353454590e-01
-1.196909248828887939e-01
4.227143228054046631e-01
7.833047509193420410e-01
-1.349971443414688110e-01
4.451473653316497803e-01
7.870475649833679199e-01
-1.124630048871040344e-01
4.880878329277038574e-01
7.758032679557800293e-01
-1.031347513198852539e-01
5.555105805397033691e-01
8.261923789978027344e-01
-1.125934422016143799e-01
4.473344385623931885e-01
8.489209413528442383e-01
-1.315684020519256592e-01
4.733205139636993408e-01
8.468401432037353516e-01
-1.174294576048851013e-01
5.152498483657836914e-01
8.372780084609985352e-01
-1.083983480930328369e-01
