7.488678693771362305e-01
4.610274136066436768e-01
1.732819043809286086e-07
7.682408094406127930e-01
3.946885466575622559e-01
-2.353097544983029366e-03
7.663105726242065430e-01
3.258281946182250977e-01
-8.658215403556823730e-03
7.652390599250793457e-01
2.712357938289642334e-01
-1.485204696655273438e-02
7.771036624908447266e-01
2.354439795017242432e-01
-2.248563058674335480e-02
7.210949659347534180e-01
3.076036274433135986e-01
-2.171221934258937836e-02
6.779797077178955078e-01
2.540572881698608398e-01
-2.982172556221485138e-02
6.488059759140014648e-01
2.251769900321960449e-01
-3.355383872985839844e-02
6.266264319419860840e-01
2.066660821437835693e-01
-3.612206131219863892e-02
6.935913562774658203e-01
3.317086696624755859e-01
-2.593506127595901489e-02
6.480723619461059570e-01
2.752548158168792725e-01
-3.141832724213600159e-02
6.207864284515380859e-01
2.485691308975219727e-01
-3.323997184634208679e-02
6.024003624916076660e-01
2.324990481138229370e-01
-3.492965549230575562e-02
6.713486313819885254e-01
3.622089028358459473e-01
-2.885361760854721069e-02
6.287932395935058594e-01
3.119943141937255859e-01
-3.153682500123977661e-02
6.031541228294372559e-01
2.869468927383422852e-01
-3.242110460996627808e-02
5.865064263343811035e-01
2.709131240844726562e-01
-3.444737195968627930e-02
6.553406119346618652e-01
3.966051042079925537e-01
-3.161643072962760925e-02
6.187384724617004395e-01
3.710219860076904297e-01
-3.465342894196510315e-02
5.968396663665771484e-01
3.550142645835876465e-01
-3.445221856236457825e-02
5.810310840606689453e-01
3.411451280117034912e-01
-3.394057974219322205e-02
