5.059370994567871094e-01
7.970461845397949219e-01
2.758253572210378479e-07
4.821335673332214355e-01
7.564451694488525391e-01
-2.104003168642520905e-02
4.700938761234283447e-01
7.137231230735778809e-01
-3.734755888581275940e-02
4.543105661869049072e-01
6.885015964508056641e-01
-5.083113908767700195e-02
4.269828498363494873e-01
6.811684370040893555e-01
-6.536846607923507690e-02
5.131812691688537598e-01
7.262420058250427246e-01
-3.936878219246864319e-02
5.317699313163757324e-01
7.024248838424682617e-01
-5.583568289875984192e-02
5.488197803497314453e-01
6.796887516975402832e-01
-6.768476217985153198e-02
5.668058991432189941e-01
6.577095985412597656e-01
-7.622676342725753784e-02
5.431033968925476074e-01
7.414369583129882812e-01
-3.866328671574592590e-02
5.721879601478576660e-01
7.027562260627746582e-01
-5.130529031157493591e-02
5.922992229461669922e-01
6.674526929855346680e-01
-5.931637436151504517e-02
6.104228496551513672e-01
6.368970274925231934e-01
-6.725616008043289185e-02
5.655101537704467773e-01
7.526111602783203125e-01
-3.878337889909744263e-02
5.972821116447448730e-01
7.178710103034973145e-01
-5.124381184577941895e-02
6.175929903984069824e-01
6.854947805404663086e-01
-5.921971797943115234e-02
6.334119439125061035e-01
6.557632088661193848e-01
-6.528744101524353027e-02
5.794329643249511719e-01
7.619058489799499512e-01
-4.035890847444534302e-02
6.108552217483520508e-01
7.399173974990844727e-01
-4.899580031633377075e-02
6.299104094505310059e-01
7.197803258895874023e-01
-5.311956256628036499e-02
6.456480026245117188e-01
6.991575360298156738e-01
-5.740036442875862122e-02
