7.654270529747009277e-01
4.222002029418945312e-01
1.881552265103891841e-07
7.821476459503173828e-01
3.606951534748077393e-01
-1.835118862800300121e-03
7.791215181350708008e-01
2.951271235942840576e-01
-7.443922106176614761e-03
7.771731615066528320e-01
2.436185479164123535e-01
-1.333034224808216095e-02
7.894693613052368164e-01
2.095559388399124146e-01
-2.072590589523315430e-02
7.414112091064453125e-01
2.795850038528442383e-01
-2.212664112448692322e-02
7.007144093513488770e-01
2.243720591068267822e-01
-3.116945177316665649e-02
6.741229295730590820e-01
1.944370865821838379e-01
-3.525737300515174866e-02
6.525577306747436523e-01
1.734716892242431641e-01
-3.802134841680526733e-02
7.178619503974914551e-01
3.022509515285491943e-01
-2.776733599603176117e-02
6.715003848075866699e-01
2.426421046257019043e-01
-3.574870154261589050e-02
6.420364975929260254e-01
2.098756134510040283e-01
-3.953459113836288452e-02
6.190786361694335938e-01
1.866351217031478882e-01
-4.247025400400161743e-02
6.976163983345031738e-01
3.308838903903961182e-01
-3.204328194260597229e-02
6.544820070266723633e-01
2.794092595577239990e-01
-3.764067962765693665e-02
6.280890107154846191e-01
2.529602646827697754e-01
-4.067516326904296875e-02
6.086863279342651367e-01
2.346272170543670654e-01
-4.348672181367874146e-02
6.806830167770385742e-01
3.632611334323883057e-01
-3.598846122622489929e-02
6.457059383392333984e-01
3.342071771621704102e-01
-4.114835336804389954e-02
6.241493225097656250e-01
3.192482888698577881e-01
-4.218121618032455444e-02
6.068504452705383301e-01
3.076085448265075684e-01
-4.243411496281623840e-02
