5.036461353302001953e-01
8.111688494682312012e-01
3.719266317148139933e-07
4.759164154529571533e-01
7.804436087608337402e-01
-3.038711845874786377e-02
4.572480916976928711e-01
7.448556423187255859e-01
-5.474053323268890381e-02
4.404393434524536133e-01
7.222455739974975586e-01
-7.434117794036865234e-02
4.221298098564147949e-01
7.072029709815979004e-01
-9.539992362260818481e-02
5.113254189491271973e-01
7.455036044120788574e-01
-6.025220453739166260e-02
5.344830751419067383e-01
7.207110524177551270e-01
-8.289493620395660400e-02
5.520952939987182617e-01
6.965580582618713379e-01
-9.888719767332077026e-02
5.682960748672485352e-01
6.738776564598083496e-01
-1.099580600857734680e-01
5.417035818099975586e-01
7.588714957237243652e-01
-5.685372650623321533e-02
5.738443732261657715e-01
7.201999425888061523e-01
-7.673993706703186035e-02
5.966472029685974121e-01
6.846417188644409180e-01
-8.928522467613220215e-02
6.156799793243408203e-01
6.530639529228210449e-01
-9.985323995351791382e-02
5.630367398262023926e-01
7.697286605834960938e-01
-5.399406328797340393e-02
5.950664877891540527e-01
7.309009432792663574e-01
-7.081682980060577393e-02
6.170065402984619141e-01
6.964067816734313965e-01
-8.153685182332992554e-02
6.355196237564086914e-01
6.644744873046875000e-01
-8.970638364553451538e-02
5.763195157051086426e-01
7.785274386405944824e-01
-5.294131115078926086e-02
6.068358421325683594e-01
7.526515126228332520e-01
-6.554489582777023315e-02
6.283975839614868164e-01
7.287762761116027832e-01
-7.185864448547363281e-02
6.462032794952392578e-01
7.064643502235412598e-01
-7.742463052272796631e-02
