4.526064395904541016e-01
5.670926570892333984e-01
2.700302559333067620e-07
4.728837013244628906e-01
5.163326859474182129e-01
-1.053851097822189331e-02
5.034347772598266602e-01
4.811692833900451660e-01
-2.059072814881801605e-02
5.342036485671997070e-01
4.695942103862762451e-01
-2.765088900923728943e-02
5.592538714408874512e-01
4.723582863807678223e-01
-3.414852172136306763e-02
5.063117146492004395e-01
5.095758438110351562e-01
-3.465472906827926636e-02
5.471767783164978027e-01
5.136957168579101562e-01
-4.564018547534942627e-02
5.713013410568237305e-01
5.174530744552612305e-01
-4.941811412572860718e-02
5.893542766571044922e-01
5.199549198150634766e-01
-5.119809135794639587e-02
5.041235685348510742e-01
5.499729514122009277e-01
-3.492678329348564148e-02
5.475793480873107910e-01
5.568031668663024902e-01
-4.477399960160255432e-02
5.740641355514526367e-01
5.586116909980773926e-01
-4.704369977116584778e-02
5.938261747360229492e-01
5.580738186836242676e-01
-4.878782108426094055e-02
5.011875033378601074e-01
5.866224169731140137e-01
-3.414579853415489197e-02
5.415971279144287109e-01
5.949929356575012207e-01
-4.305290803313255310e-02
5.671573281288146973e-01
5.932338237762451172e-01
-4.281610250473022461e-02
5.862811803817749023e-01
5.902046561241149902e-01
-4.219113290309906006e-02
4.991996586322784424e-01
6.168951988220214844e-01
-3.325662016868591309e-02
5.320040583610534668e-01
6.182873249053955078e-01
-4.055783525109291077e-02
5.542015433311462402e-01
6.151494383811950684e-01
-3.982929140329360962e-02
5.718924999237060547e-01
6.125701665878295898e-01
-3.829761967062950134e-02
