5.215928554534912109e-01
8.216754198074340820e-01
2.485072627678164281e-07
4.972274899482727051e-01
7.844184041023254395e-01
-2.461777441203594208e-02
4.819387793540954590e-01
7.498278617858886719e-01
-4.418237134814262390e-02
4.651728272438049316e-01
7.339411973953247070e-01
-6.031315773725509644e-02
4.457316994667053223e-01
7.347754836082458496e-01
-7.799080759286880493e-02
5.228632092475891113e-01
7.673057913780212402e-01
-5.015140026807785034e-02
5.402461290359497070e-01
7.473984956741333008e-01
-6.773588061332702637e-02
5.557065606117248535e-01
7.286190986633300781e-01
-7.989804446697235107e-02
5.706374049186706543e-01
7.129464149475097656e-01
-8.860116451978683472e-02
5.541846156120300293e-01
7.797812223434448242e-01
-4.787537828087806702e-02
5.832511186599731445e-01
7.474882602691650391e-01
-6.260203570127487183e-02
6.047430038452148438e-01
7.179039120674133301e-01
-7.183117419481277466e-02
6.220471262931823730e-01
6.942948102951049805e-01
-8.015787601470947266e-02
5.767238140106201172e-01
7.890784740447998047e-01
-4.597227647900581360e-02
6.067220568656921387e-01
7.566186785697937012e-01
-5.943081155419349670e-02
6.271417737007141113e-01
7.280253767967224121e-01
-6.970164924860000610e-02
6.435593366622924805e-01
7.035079598426818848e-01
-7.739201933145523071e-02
5.901117324829101562e-01
7.957528829574584961e-01
-4.549760371446609497e-02
6.184480190277099609e-01
7.753868699073791504e-01
-5.573817342519760132e-02
6.381555795669555664e-01
7.587389349937438965e-01
-6.134447827935218811e-02
6.536424160003662109e-01
7.456110715866088867e-01
-6.638517975807189941e-02
