7.593992948532104492e-01
4.404788911342620850e-01
1.774359930095670279e-07
7.764880061149597168e-01
3.814783096313476562e-01
-9.078680537641048431e-03
7.704464197158813477e-01
3.214744925498962402e-01
-1.748211495578289032e-02
7.637876272201538086e-01
2.695852816104888916e-01
-2.459420822560787201e-02
7.717845439910888672e-01
2.330763489007949829e-01
-3.277134522795677185e-02
7.235010266304016113e-01
3.110829591751098633e-01
-2.430191263556480408e-02
6.801901459693908691e-01
2.749809920787811279e-01
-3.560221195220947266e-02
6.514603495597839355e-01
2.566426992416381836e-01
-4.289466887712478638e-02
6.282373070716857910e-01
2.451281547546386719e-01
-4.809935763478279114e-02
7.002841234207153320e-01
3.402101993560791016e-01
-2.594306878745555878e-02
6.575427055358886719e-01
3.024401664733886719e-01
-3.637653589248657227e-02
6.301910877227783203e-01
2.828763425350189209e-01
-4.254883527755737305e-02
6.080939769744873047e-01
2.689983248710632324e-01
-4.735818132758140564e-02
6.818411350250244141e-01
3.711368441581726074e-01
-2.725019492208957672e-02
6.443331241607666016e-01
3.334333300590515137e-01
-3.461997583508491516e-02
6.204661130905151367e-01
3.122003674507141113e-01
-3.753788396716117859e-02
6.019764542579650879e-01
2.964321672916412354e-01
-3.986753523349761963e-02
6.689260601997375488e-01
4.011845886707305908e-01
-2.911761775612831116e-02
6.391940712928771973e-01
3.666987717151641846e-01
-3.462524339556694031e-02
6.215803027153015137e-01
3.465111255645751953e-01
-3.555040061473846436e-02
6.080095171928405762e-01
3.294805586338043213e-01
-3.560635074973106384e-02
