7.273008823394775391e-01
6.685776114463806152e-01
-2.076917695603697211e-07
6.994193196296691895e-01
5.954979062080383301e-01
-1.327077206224203110e-02
6.505386829376220703e-01
5.269856452941894531e-01
-3.185122087597846985e-02
5.967764258384704590e-01
5.085361003875732422e-01
-4.512223601341247559e-02
5.645006895065307617e-01
5.479370951652526855e-01
-5.962558835744857788e-02
6.574065685272216797e-01
5.545648336410522461e-01
-8.599486947059631348e-02
5.483350753784179688e-01
5.784832239151000977e-01
-1.108724400401115417e-01
5.621944069862365723e-01
6.003108620643615723e-01
-1.132815852761268616e-01
5.975831747055053711e-01
6.039797663688659668e-01
-1.107895970344543457e-01
6.700662374496459961e-01
6.138386130332946777e-01
-8.830866962671279907e-02
5.531316399574279785e-01
6.482494473457336426e-01
-1.113742813467979431e-01
5.681832432746887207e-01
6.655062437057495117e-01
-1.044324487447738647e-01
6.001877784729003906e-01
6.605249047279357910e-01
-9.938941895961761475e-02
6.733833551406860352e-01
6.709817647933959961e-01
-8.724653720855712891e-02
5.701717138290405273e-01
7.037073969841003418e-01
-1.067726016044616699e-01
5.816263556480407715e-01
7.150240540504455566e-01
-9.137276560068130493e-02
6.109399199485778809e-01
7.081237435340881348e-01
-7.987631857395172119e-02
6.689466834068298340e-01
7.230268716812133789e-01
-8.539859950542449951e-02
5.873695611953735352e-01
7.435926198959350586e-01
-9.985300898551940918e-02
6.016878485679626465e-01
7.520297169685363770e-01
-8.765658736228942871e-02
6.321807503700256348e-01
7.519118785858154297e-01
-7.763563841581344604e-02
