5.736460089683532715e-01
6.930189728736877441e-01
2.939223122666589916e-07
5.466621518135070801e-01
6.834174394607543945e-01
-2.655764855444431305e-02
5.206000804901123047e-01
6.575195789337158203e-01
-4.256810620427131653e-02
4.972746968269348145e-01
6.427222490310668945e-01
-5.445557832717895508e-02
4.725081324577331543e-01
6.348392367362976074e-01
-6.755722314119338989e-02
5.472177863121032715e-01
6.610472202301025391e-01
-4.764771088957786560e-02
5.591325759887695312e-01
6.360200643539428711e-01
-6.815140694379806519e-02
5.709633827209472656e-01
6.130734682083129883e-01
-8.202304691076278687e-02
5.849593281745910645e-01
5.900517702102661133e-01
-9.191972762346267700e-02
5.765340328216552734e-01
6.690860390663146973e-01
-4.543220251798629761e-02
6.008393168449401855e-01
6.348653435707092285e-01
-6.224209442734718323e-02
6.173878908157348633e-01
6.051848530769348145e-01
-7.266970723867416382e-02
6.346743106842041016e-01
5.764992833137512207e-01
-8.278558403253555298e-02
5.991000533103942871e-01
6.808568239212036133e-01
-4.426542297005653381e-02
6.213296055793762207e-01
6.502549648284912109e-01
-6.498429179191589355e-02
6.383835077285766602e-01
6.239943504333496094e-01
-7.306945323944091797e-02
6.546382308006286621e-01
5.969817042350769043e-01
-7.917233556509017944e-02
6.146873831748962402e-01
6.941585540771484375e-01
-4.424523189663887024e-02
6.349442601203918457e-01
6.790235638618469238e-01
-6.146267801523208618e-02
6.485728621482849121e-01
6.630422472953796387e-01
-6.571988761425018311e-02
6.607739925384521484e-01
6.430350542068481445e-01
-6.979011744260787964e-02
