7.577762007713317871e-01
4.308917522430419922e-01
1.752630396367749199e-07
7.759144306182861328e-01
3.667055368423461914e-01
-1.993156969547271729e-03
7.730032205581665039e-01
3.028280436992645264e-01
-7.883386686444282532e-03
7.712969779968261719e-01
2.506206333637237549e-01
-1.366784702986478806e-02
7.835375666618347168e-01
2.162915319204330444e-01
-2.111492492258548737e-02
7.302272915840148926e-01
2.836009263992309570e-01
-2.228423207998275757e-02
6.885716319084167480e-01
2.312306761741638184e-01
-3.076183050870895386e-02
6.604253649711608887e-01
2.025958895683288574e-01
-3.539055585861206055e-02
6.374123096466064453e-01
1.830990463495254517e-01
-3.862817957997322083e-02
7.051163911819458008e-01
3.077172338962554932e-01
-2.712716162204742432e-02
6.602600216865539551e-01
2.516329288482666016e-01
-3.318141773343086243e-02
6.305536627769470215e-01
2.220245599746704102e-01
-3.611025586724281311e-02
6.084223985671997070e-01
2.026995718479156494e-01
-3.881442174315452576e-02
6.843473315238952637e-01
3.386522531509399414e-01
-3.054658509790897369e-02
6.438742876052856445e-01
2.885018587112426758e-01
-3.401079773902893066e-02
6.187226772308349609e-01
2.614174783229827881e-01
-3.568757697939872742e-02
6.015417575836181641e-01
2.432734370231628418e-01
-3.811733424663543701e-02
6.679294705390930176e-01
3.738883733749389648e-01
-3.373894467949867249e-02
6.319420337677001953e-01
3.466832041740417480e-01
-3.730363771319389343e-02
6.107758283615112305e-01
3.309352695941925049e-01
-3.696480765938758850e-02
5.952261090278625488e-01
3.180518746376037598e-01
-3.637575730681419373e-02
