8.055925965309143066e-01
4.098410308361053467e-01
1.825149951173443696e-07
8.145631551742553711e-01
3.507002890110015869e-01
1.477490877732634544e-03
8.032495379447937012e-01
2.953629493713378906e-01
-1.634114421904087067e-03
7.953200936317443848e-01
2.508074641227722168e-01
-5.652930587530136108e-03
8.034744262695312500e-01
2.211216092109680176e-01
-1.115184556692838669e-02
7.577202916145324707e-01
2.807937860488891602e-01
-1.338780485093593597e-02
7.148272395133972168e-01
2.414553165435791016e-01
-2.035387977957725525e-02
6.878820657730102539e-01
2.201726734638214111e-01
-2.443828992545604706e-02
6.667383909225463867e-01
2.048765420913696289e-01
-2.737824991345405579e-02
7.393171191215515137e-01
3.041629791259765625e-01
-1.952238008379936218e-02
6.923003792762756348e-01
2.590558230876922607e-01
-2.619159407913684845e-02
6.627006530761718750e-01
2.327863574028015137e-01
-3.006303124129772186e-02
6.401829719543457031e-01
2.140248119831085205e-01
-3.305070847272872925e-02
7.249845862388610840e-01
3.329684734344482422e-01
-2.449018321931362152e-02
6.817670464515686035e-01
2.915458679199218750e-01
-2.942321076989173889e-02
6.551821231842041016e-01
2.673667371273040771e-01
-3.321608901023864746e-02
6.358679533004760742e-01
2.503030896186828613e-01
-3.635714575648307800e-02
7.142710685729980469e-01
3.657223284244537354e-01
-2.894383668899536133e-02
6.805920600891113281e-01
3.351676166057586670e-01
-3.338600322604179382e-02
6.607353091239929199e-01
3.182415962219238281e-01
-3.455549106001853943e-02
6.455196142196655273e-01
3.051221668720245361e-01
-3.506715595722198486e-02
