7.704060077667236328e-01
5.064401030540466309e-01
2.302478634419458103e-07
7.827165126800537109e-01
4.352562427520751953e-01
-1.402179710566997528e-02
7.677183747291564941e-01
3.682068288326263428e-01
-2.411577478051185608e-02
7.526327371597290039e-01
3.131750226020812988e-01
-3.236600011587142944e-02
7.567685842514038086e-01
2.729507088661193848e-01
-4.116764292120933533e-02
7.065814137458801270e-01
3.655602633953094482e-01
-2.537521533668041229e-02
6.537252068519592285e-01
3.370869159698486328e-01
-3.763627260923385620e-02
6.162649393081665039e-01
3.234878182411193848e-01
-4.618231952190399170e-02
5.859859585762023926e-01
3.147721290588378906e-01
-5.272433534264564514e-02
6.833439469337463379e-01
4.007818996906280518e-01
-2.548696845769882202e-02
6.306316852569580078e-01
3.714738786220550537e-01
-3.731466829776763916e-02
5.969628095626831055e-01
3.543388247489929199e-01
-4.504678770899772644e-02
5.696698427200317383e-01
3.384577035903930664e-01
-5.086018890142440796e-02
6.671543717384338379e-01
4.377983808517456055e-01
-2.584385126829147339e-02
6.187167763710021973e-01
4.078206419944763184e-01
-3.535580262541770935e-02
5.873857140541076660e-01
3.893037736415863037e-01
-4.073547199368476868e-02
5.630917549133300781e-01
3.732962608337402344e-01
-4.467350989580154419e-02
6.574538946151733398e-01
4.723772406578063965e-01
-2.721750922501087189e-02
6.184346079826354980e-01
4.464086592197418213e-01
-3.557044640183448792e-02
5.920386314392089844e-01
4.308404028415679932e-01
-3.900577500462532043e-02
5.704114437103271484e-01
4.155474603176116943e-01
-4.062094539403915405e-02
