7.832907438278198242e-01
4.298173189163208008e-01
-2.671638696938316571e-07
7.822999358177185059e-01
3.704290390014648438e-01
9.549013338983058929e-03
7.683746814727783203e-01
3.082102537155151367e-01
9.292664937674999237e-03
7.566047906875610352e-01
2.619178891181945801e-01
6.397267337888479233e-03
7.565993070602416992e-01
2.275174558162689209e-01
4.047793801873922348e-03
7.538378238677978516e-01
2.822558879852294922e-01
-5.818351637572050095e-03
7.008140683174133301e-01
2.445130348205566406e-01
-1.459933351725339890e-02
6.995779275894165039e-01
2.678063213825225830e-01
-1.692605391144752502e-02
7.141649723052978516e-01
2.860373258590698242e-01
-1.660550199449062347e-02
7.400344014167785645e-01
3.060979843139648438e-01
-1.402885280549526215e-02
6.838997006416320801e-01
2.713991701602935791e-01
-2.271920815110206604e-02
6.872044205665588379e-01
2.924589514732360840e-01
-2.014933153986930847e-02
7.036744356155395508e-01
3.067503571510314941e-01
-1.703111641108989716e-02
7.242136001586914062e-01
3.332665562629699707e-01
-2.113162539899349213e-02
6.728315949440002441e-01
2.999912202358245850e-01
-2.800829336047172546e-02
6.792384982109069824e-01
3.193798959255218506e-01
-1.908117346465587616e-02
6.956893801689147949e-01
3.339784443378448486e-01
-1.174546964466571808e-02
7.081767320632934570e-01
3.626723587512969971e-01
-2.715498767793178558e-02
6.695818901062011719e-01
3.346592485904693604e-01
-3.196141868829727173e-02
6.765076518058776855e-01
3.486991226673126221e-01
-2.470983937382698059e-02
6.910327076911926270e-01
3.629947900772094727e-01
-1.756580732762813568e-02
