7.560940980911254883e-01
4.427281320095062256e-01
1.988096300920005888e-07
7.739817500114440918e-01
3.784559965133666992e-01
-2.493606414645910263e-03
7.709718346595764160e-01
3.110932409763336182e-01
-7.995389401912689209e-03
7.701084613800048828e-01
2.569684386253356934e-01
-1.336001604795455933e-02
7.804955840110778809e-01
2.224325835704803467e-01
-2.030554041266441345e-02
7.273521423339843750e-01
2.906204462051391602e-01
-2.181334607303142548e-02
6.858305931091308594e-01
2.379077225923538208e-01
-3.083292953670024872e-02
6.566952466964721680e-01
2.090421766042709351e-01
-3.609113022685050964e-02
6.329079866409301758e-01
1.887272596359252930e-01
-3.974002972245216370e-02
7.011278867721557617e-01
3.145400881767272949e-01
-2.640942297875881195e-02
6.564905047416687012e-01
2.586518526077270508e-01
-3.346505388617515564e-02
6.257597208023071289e-01
2.280213385820388794e-01
-3.747543320059776306e-02
6.021216511726379395e-01
2.078661322593688965e-01
-4.083291813731193542e-02
6.797220706939697266e-01
3.460920155048370361e-01
-2.966264821588993073e-02
6.394420266151428223e-01
2.979439198970794678e-01
-3.389789909124374390e-02
6.116381883621215820e-01
2.718502283096313477e-01
-3.675743564963340759e-02
5.914714336395263672e-01
2.555346190929412842e-01
-3.978469222784042358e-02
6.633719205856323242e-01
3.823591172695159912e-01
-3.275105729699134827e-02
6.302617192268371582e-01
3.533170521259307861e-01
-3.679227083921432495e-02
6.082948446273803711e-01
3.359879553318023682e-01
-3.721969947218894958e-02
5.911652445793151855e-01
3.215905427932739258e-01
-3.708480298519134521e-02
