4.499770998954772949e-01
5.710362792015075684e-01
2.747071334852080327e-07
4.704325199127197266e-01
5.198665261268615723e-01
-1.169490627944469452e-02
5.007845163345336914e-01
4.833033680915832520e-01
-2.068080753087997437e-02
5.318243503570556641e-01
4.719215631484985352e-01
-2.662897109985351562e-02
5.568362474441528320e-01
4.797983765602111816e-01
-3.147195279598236084e-02
5.058566331863403320e-01
5.104287862777709961e-01
-2.832222729921340942e-02
5.462407469749450684e-01
5.154743194580078125e-01
-3.813093155622482300e-02
5.707229971885681152e-01
5.207778215408325195e-01
-4.237322136759757996e-02
5.902634859085083008e-01
5.245409607887268066e-01
-4.492725431919097900e-02
5.042762756347656250e-01
5.521215796470642090e-01
-2.756121754646301270e-02
5.431457161903381348e-01
5.579929947853088379e-01
-3.544728457927703857e-02
5.690664052963256836e-01
5.609670281410217285e-01
-3.812264651060104370e-02
5.905318260192871094e-01
5.609664916992187500e-01
-4.056013002991676331e-02
5.004683732986450195e-01
5.896701812744140625e-01
-2.641076035797595978e-02
5.339488983154296875e-01
5.946990251541137695e-01
-3.390702977776527405e-02
5.584720969200134277e-01
5.927358269691467285e-01
-3.425611183047294617e-02
5.780347585678100586e-01
5.894805192947387695e-01
-3.426631912589073181e-02
4.967029988765716553e-01
6.211170554161071777e-01
-2.550399489700794220e-02
5.244779586791992188e-01
6.210566163063049316e-01
-3.211422264575958252e-02
5.441299080848693848e-01
6.175603270530700684e-01
-3.166225180029869080e-02
5.601803064346313477e-01
6.139408946037292480e-01
-3.038937598466873169e-02
