6.824258565902709961e-01
6.947238445281982422e-01
-5.341821562865334272e-08
6.679329872131347656e-01
6.181731224060058594e-01
-1.134392712265253067e-02
6.276670694351196289e-01
5.444967150688171387e-01
-2.207836136221885681e-02
5.871844887733459473e-01
5.031806230545043945e-01
-3.049362450838088989e-02
5.550135970115661621e-01
4.701456129550933838e-01
-3.957860171794891357e-02
6.065962314605712891e-01
5.787906050682067871e-01
-3.990201279520988464e-02
5.441883206367492676e-01
5.771353244781494141e-01
-5.885321646928787231e-02
5.616430044174194336e-01
5.821682810783386230e-01
-6.792201846837997437e-02
5.879492759704589844e-01
5.864280462265014648e-01
-7.060280442237854004e-02
5.993616580963134766e-01
6.392259001731872559e-01
-4.149443656206130981e-02
5.316087007522583008e-01
6.307360529899597168e-01
-5.538378283381462097e-02
5.515581965446472168e-01
6.314575076103210449e-01
-5.733119696378707886e-02
5.799404978752136230e-01
6.375076174736022949e-01
-5.834731087088584900e-02
5.932837724685668945e-01
6.954258680343627930e-01
-4.268172010779380798e-02
5.298600196838378906e-01
6.839547753334045410e-01
-5.441245436668395996e-02
5.494133830070495605e-01
6.817268729209899902e-01
-4.692915081977844238e-02
5.758714675903320312e-01
6.856409907341003418e-01
-4.130815714597702026e-02
5.878281593322753906e-01
7.475418448448181152e-01
-4.387943074107170105e-02
5.328148007392883301e-01
7.281705141067504883e-01
-5.402769893407821655e-02
5.534315705299377441e-01
7.266836166381835938e-01
-4.607047513127326965e-02
5.788192749023437500e-01
7.324917912483215332e-01
-3.854844719171524048e-02
