4.556521475315093994e-01
5.567066669464111328e-01
2.780738554974959698e-07
4.757930040359497070e-01
5.069749951362609863e-01
-1.194097287952899933e-02
5.066252350807189941e-01
4.763010144233703613e-01
-2.314122021198272705e-02
5.354253053665161133e-01
4.698310196399688721e-01
-3.118907101452350616e-02
5.587930083274841309e-01
4.793723225593566895e-01
-3.887838870286941528e-02
5.114086866378784180e-01
5.078588724136352539e-01
-3.822896629571914673e-02
5.529254674911499023e-01
5.151524543762207031e-01
-5.158488079905509949e-02
5.777630805969238281e-01
5.228110551834106445e-01
-5.695677921175956726e-02
5.943877100944519043e-01
5.282495617866516113e-01
-5.939664691686630249e-02
5.071104168891906738e-01
5.466933250427246094e-01
-3.803683444857597351e-02
5.505002737045288086e-01
5.522419810295104980e-01
-4.938894510269165039e-02
5.774069428443908691e-01
5.539112687110900879e-01
-5.204010009765625000e-02
5.952021479606628418e-01
5.532600879669189453e-01
-5.382353812456130981e-02
5.011525750160217285e-01
5.817648768424987793e-01
-3.692260384559631348e-02
5.384057760238647461e-01
5.883355140686035156e-01
-4.637005180120468140e-02
5.640933513641357422e-01
5.852442979812622070e-01
-4.626068845391273499e-02
5.822772383689880371e-01
5.824174284934997559e-01
-4.576072841882705688e-02
4.958094656467437744e-01
6.120452284812927246e-01
-3.591422364115715027e-02
5.253694653511047363e-01
6.141360998153686523e-01
-4.431101307272911072e-02
5.460017919540405273e-01
6.093368530273437500e-01
-4.399827122688293457e-02
5.611351728439331055e-01
6.048272848129272461e-01
-4.253275692462921143e-02
