8.052117824554443359e-01
4.022686779499053955e-01
-1.683438881627807859e-07
8.027997016906738281e-01
3.454854488372802734e-01
2.397313900291919708e-02
7.871373891830444336e-01
2.967473864555358887e-01
2.992204949259757996e-02
7.737374305725097656e-01
2.582394480705261230e-01
3.197542577981948853e-02
7.764214873313903809e-01
2.268938720226287842e-01
3.142910450696945190e-02
7.680011987686157227e-01
2.675851881504058838e-01
-3.069852711632847786e-03
7.266214489936828613e-01
2.189813405275344849e-01
-1.064283307641744614e-02
6.978958845138549805e-01
2.015948593616485596e-01
-1.257684640586376190e-02
6.765406727790832520e-01
1.932724118232727051e-01
-1.286864001303911209e-02
7.600285410881042480e-01
2.866231203079223633e-01
-1.832472346723079681e-02
7.061668634414672852e-01
2.380028665065765381e-01
-2.606286294758319855e-02
6.713528037071228027e-01
2.223316729068756104e-01
-2.533813007175922394e-02
6.456244587898254395e-01
2.144173979759216309e-01
-2.460295706987380981e-02
7.503349781036376953e-01
3.146368563175201416e-01
-3.071516193449497223e-02
6.971158981323242188e-01
2.721506357192993164e-01
-3.612179681658744812e-02
6.643048524856567383e-01
2.600024938583374023e-01
-3.451085835695266724e-02
6.391339898109436035e-01
2.525391876697540283e-01
-3.379938006401062012e-02
7.399132847785949707e-01
3.499654829502105713e-01
-4.034502059221267700e-02
6.984015703201293945e-01
3.216568529605865479e-01
-4.668480902910232544e-02
6.749646663665771484e-01
3.126263916492462158e-01
-4.682055860757827759e-02
6.549443602561950684e-01
3.062114417552947998e-01
-4.629519209265708923e-02
