8.189474344253540039e-01
3.344749808311462402e-01
2.495893056675413391e-07
8.367730975151062012e-01
2.774061858654022217e-01
-5.564022343605756760e-03
8.353282809257507324e-01
2.250913530588150024e-01
-1.239816565066576004e-02
8.307302594184875488e-01
1.783979982137680054e-01
-1.904582045972347260e-02
8.401809930801391602e-01
1.454954296350479126e-01
-2.653863094747066498e-02
7.832776904106140137e-01
2.065782845020294189e-01
-1.727910898625850677e-02
7.488850355148315430e-01
1.608707904815673828e-01
-2.528327330946922302e-02
7.256882190704345703e-01
1.350655555725097656e-01
-3.037526272237300873e-02
7.071031928062438965e-01
1.155797168612480164e-01
-3.416062891483306885e-02
7.588796019554138184e-01
2.278385907411575317e-01
-2.019816637039184570e-02
7.196031212806701660e-01
1.788758337497711182e-01
-2.615708485245704651e-02
6.945554614067077637e-01
1.512661278247833252e-01
-2.971595525741577148e-02
6.759387254714965820e-01
1.315387487411499023e-01
-3.276117891073226929e-02
7.407307028770446777e-01
2.564953863620758057e-01
-2.270796522498130798e-02
7.024343013763427734e-01
2.155928015708923340e-01
-2.744769863784313202e-02
6.775851249694824219e-01
1.926695853471755981e-01
-3.118499368429183960e-02
6.600959897041320801e-01
1.766248494386672974e-01
-3.446274250745773315e-02
7.286462187767028809e-01
2.887139916419982910e-01
-2.540529333055019379e-02
6.966776847839355469e-01
2.628480195999145508e-01
-2.987179718911647797e-02
6.769564151763916016e-01
2.470901012420654297e-01
-3.126795217394828796e-02
6.622210144996643066e-01
2.339983433485031128e-01
-3.192811831831932068e-02
