5.180703997611999512e-01
7.748560309410095215e-01
2.964907537261751713e-07
4.825675785541534424e-01
7.462939620018005371e-01
-2.945165894925594330e-02
4.633443951606750488e-01
7.116860747337341309e-01
-5.080096796154975891e-02
4.491380155086517334e-01
6.891249418258666992e-01
-6.786347180604934692e-02
4.277617335319519043e-01
6.762069463729858398e-01
-8.579751849174499512e-02
5.204426050186157227e-01
7.098530530929565430e-01
-5.181346088647842407e-02
5.388095974922180176e-01
6.831920146942138672e-01
-7.132668048143386841e-02
5.547965168952941895e-01
6.590879559516906738e-01
-8.486180007457733154e-02
5.715487599372863770e-01
6.356720924377441406e-01
-9.468169510364532471e-02
5.538050532341003418e-01
7.185424566268920898e-01
-4.859860613942146301e-02
5.821966528892517090e-01
6.784383058547973633e-01
-6.481577455997467041e-02
6.012560725212097168e-01
6.429622173309326172e-01
-7.439278811216354370e-02
6.187947392463684082e-01
6.117518544197082520e-01
-8.326185494661331177e-02
5.774204134941101074e-01
7.267104983329772949e-01
-4.645288363099098206e-02
6.073222756385803223e-01
6.889354586601257324e-01
-6.143186241388320923e-02
6.270087957382202148e-01
6.561647057533264160e-01
-6.970415264368057251e-02
6.439319252967834473e-01
6.268984675407409668e-01
-7.605995237827301025e-02
5.919618010520935059e-01
7.354624867439270020e-01
-4.648080840706825256e-02
6.211810111999511719e-01
7.098204493522644043e-01
-5.781428888440132141e-02
6.399259567260742188e-01
6.885959506034851074e-01
-6.256944686174392700e-02
6.561993360519409180e-01
6.683660149574279785e-01
-6.696454435586929321e-02
