7.568297386169433594e-01
4.527796506881713867e-01
1.783219829576410120e-07
7.733682990074157715e-01
3.856387436389923096e-01
-9.648396517150104046e-04
7.696350812911987305e-01
3.160926997661590576e-01
-6.270821671932935715e-03
7.682673931121826172e-01
2.614139914512634277e-01
-1.163967233151197433e-02
7.798205018043518066e-01
2.263379096984863281e-01
-1.877814345061779022e-02
7.263484001159667969e-01
2.981737852096557617e-01
-2.201846055686473846e-02
6.839339733123779297e-01
2.439077049493789673e-01
-3.046524524688720703e-02
6.544110774993896484e-01
2.152605950832366943e-01
-3.494327515363693237e-02
6.303171515464782715e-01
1.959356069564819336e-01
-3.822978585958480835e-02
7.004254460334777832e-01
3.221700787544250488e-01
-2.735274285078048706e-02
6.543550491333007812e-01
2.648736536502838135e-01
-3.391546010971069336e-02
6.233747601509094238e-01
2.357685565948486328e-01
-3.717947006225585938e-02
5.997539758682250977e-01
2.177741676568984985e-01
-4.011426866054534912e-02
6.787127256393432617e-01
3.536883294582366943e-01
-3.112917579710483551e-02
6.354828476905822754e-01
3.019870817661285400e-01
-3.506139665842056274e-02
6.073984503746032715e-01
2.761054039001464844e-01
-3.771321848034858704e-02
5.870048999786376953e-01
2.600479423999786377e-01
-4.088771715760231018e-02
6.620034575462341309e-01
3.900735378265380859e-01
-3.448169678449630737e-02
6.253509521484375000e-01
3.620564341545104980e-01
-3.865738213062286377e-02
6.021993160247802734e-01
3.453933298587799072e-01
-3.931580111384391785e-02
5.844368338584899902e-01
3.314427137374877930e-01
-3.948915004730224609e-02
