6.432623863220214844e-01
6.715852022171020508e-01
-2.430861343327705981e-07
6.076674461364746094e-01
5.969399809837341309e-01
-2.245196513831615448e-02
5.396602749824523926e-01
5.295115113258361816e-01
-5.154529958963394165e-02
4.625721275806427002e-01
5.148197412490844727e-01
-7.324345409870147705e-02
4.073428809642791748e-01
5.404363274574279785e-01
-9.529595077037811279e-02
5.522632002830505371e-01
5.071524977684020996e-01
-1.116407066583633423e-01
4.278063476085662842e-01
5.493997931480407715e-01
-1.451917886734008789e-01
4.439107775688171387e-01
5.781482458114624023e-01
-1.452293992042541504e-01
4.788248836994171143e-01
5.827842354774475098e-01
-1.406961232423782349e-01
5.651232004165649414e-01
5.671210885047912598e-01
-1.144168823957443237e-01
4.379289150238037109e-01
6.178256869316101074e-01
-1.450401395559310913e-01
4.580690562725067139e-01
6.396130323410034180e-01
-1.343354582786560059e-01
4.912375509738922119e-01
6.366900801658630371e-01
-1.281605660915374756e-01
5.662745237350463867e-01
6.357333660125732422e-01
-1.141510009765625000e-01
4.474084079265594482e-01
6.815553307533264160e-01
-1.399359256029129028e-01
4.702796936035156250e-01
6.939334273338317871e-01
-1.177386119961738586e-01
5.042067766189575195e-01
6.842232942581176758e-01
-1.038645729422569275e-01
5.559735298156738281e-01
7.057430744171142578e-01
-1.134454905986785889e-01
4.592731297016143799e-01
7.407491803169250488e-01
-1.374811083078384399e-01
4.794536530971527100e-01
7.485209107398986816e-01
-1.258976757526397705e-01
5.091233253479003906e-01
7.410097122192382812e-01
-1.156990081071853638e-01
