5.128304362297058105e-01
7.885827422142028809e-01
2.737182285272865556e-07
4.883456826210021973e-01
7.534195184707641602e-01
-2.190604060888290405e-02
4.725680649280548096e-01
7.131585478782653809e-01
-4.109267145395278931e-02
4.548665285110473633e-01
6.873954534530639648e-01
-5.721907317638397217e-02
4.292896986007690430e-01
6.735132336616516113e-01
-7.454171776771545410e-02
5.135363936424255371e-01
7.200204730033874512e-01
-4.950971156358718872e-02
5.328642725944519043e-01
6.929610967636108398e-01
-6.890577077865600586e-02
5.495719909667968750e-01
6.681666970252990723e-01
-8.116841316223144531e-02
5.663729310035705566e-01
6.455574631690979004e-01
-8.952544629573822021e-02
5.423974394798278809e-01
7.345260381698608398e-01
-4.920636489987373352e-02
5.731974840164184570e-01
6.935149431228637695e-01
-6.528821587562561035e-02
5.945596098899841309e-01
6.562659740447998047e-01
-7.346548885107040405e-02
6.119109392166137695e-01
6.252171397209167480e-01
-8.119099587202072144e-02
5.651360154151916504e-01
7.460022568702697754e-01
-4.926286637783050537e-02
5.974214076995849609e-01
7.073721289634704590e-01
-6.367396563291549683e-02
6.182308793067932129e-01
6.725739240646362305e-01
-7.140906155109405518e-02
6.339632272720336914e-01
6.419127583503723145e-01
-7.724712789058685303e-02
5.812951922416687012e-01
7.563548088073730469e-01
-5.066587403416633606e-02
6.131669282913208008e-01
7.299121022224426270e-01
-6.107779219746589661e-02
6.324101686477661133e-01
7.065935730934143066e-01
-6.584830582141876221e-02
6.473540663719177246e-01
6.834096908569335938e-01
-7.041656225919723511e-02
