7.758293151855468750e-01
4.500330984592437744e-01
1.939951204121825867e-07
7.890613675117492676e-01
3.885465264320373535e-01
-5.881563760340213776e-03
7.783920764923095703e-01
3.272517621517181396e-01
-1.140801515430212021e-02
7.685909271240234375e-01
2.764638960361480713e-01
-1.624757610261440277e-02
7.768985629081726074e-01
2.413632422685623169e-01
-2.177304029464721680e-02
7.292987108230590820e-01
3.120562434196472168e-01
-1.398192811757326126e-02
6.878657937049865723e-01
2.738405466079711914e-01
-2.041577547788619995e-02
6.604785919189453125e-01
2.561292648315429688e-01
-2.569266408681869507e-02
6.384394168853759766e-01
2.444329559803009033e-01
-2.986153960227966309e-02
7.069441676139831543e-01
3.402394354343414307e-01
-1.526621915400028229e-02
6.631734967231750488e-01
3.014189600944519043e-01
-2.102940902113914490e-02
6.347113251686096191e-01
2.828900814056396484e-01
-2.611380442976951599e-02
6.124336719512939453e-01
2.711035013198852539e-01
-3.019399009644985199e-02
6.901969313621520996e-01
3.719028234481811523e-01
-1.610448025166988373e-02
6.506790518760681152e-01
3.328831493854522705e-01
-2.045854739844799042e-02
6.228342056274414062e-01
3.128427863121032715e-01
-2.451550774276256561e-02
6.010059118270874023e-01
3.004831075668334961e-01
-2.801096625626087189e-02
6.790664792060852051e-01
4.034250378608703613e-01
-1.715169847011566162e-02
6.501401662826538086e-01
3.704289495944976807e-01
-2.068037539720535278e-02
6.310769319534301758e-01
3.532745540142059326e-01
-2.170535922050476074e-02
6.147854328155517578e-01
3.393872678279876709e-01
-2.209268324077129364e-02
