6.742987632751464844e-01
6.273843646049499512e-01
-5.378593570526390977e-08
6.632419228553771973e-01
5.643277764320373535e-01
-1.603187248110771179e-02
6.287204623222351074e-01
5.003003478050231934e-01
-3.138770163059234619e-02
5.899704694747924805e-01
4.634577035903930664e-01
-4.308226704597473145e-02
5.612517595291137695e-01
4.295840263366699219e-01
-5.412572994828224182e-02
6.002259850502014160e-01
5.249060392379760742e-01
-5.470539256930351257e-02
5.277415513992309570e-01
5.391742587089538574e-01
-7.563216239213943481e-02
5.440997481346130371e-01
5.453289747238159180e-01
-8.059321343898773193e-02
5.692825913429260254e-01
5.444740653038024902e-01
-7.996612042188644409e-02
5.967736840248107910e-01
5.818949341773986816e-01
-5.423026531934738159e-02
5.240910053253173828e-01
5.815515518188476562e-01
-7.217115908861160278e-02
5.400900840759277344e-01
5.836313366889953613e-01
-7.069217413663864136e-02
5.638976097106933594e-01
5.855948925018310547e-01
-6.873685866594314575e-02
5.922960638999938965e-01
6.323196887969970703e-01
-5.328496173024177551e-02
5.266635417938232422e-01
6.251217722892761230e-01
-6.749598681926727295e-02
5.403751134872436523e-01
6.256116628646850586e-01
-5.836990103125572205e-02
5.619851946830749512e-01
6.270393729209899902e-01
-5.108089372515678406e-02
5.865746140480041504e-01
6.764199733734130859e-01
-5.272081121802330017e-02
5.308468341827392578e-01
6.654657125473022461e-01
-6.379044055938720703e-02
5.437795519828796387e-01
6.654308438301086426e-01
-5.750461667776107788e-02
5.636280179023742676e-01
6.698576211929321289e-01
-5.106946825981140137e-02
