8.024824857711791992e-01
4.078842699527740479e-01
-1.707570476128239534e-07
8.017836809158325195e-01
3.489947617053985596e-01
2.130333520472049713e-02
7.852504253387451172e-01
2.983106374740600586e-01
2.663865312933921814e-02
7.719696164131164551e-01
2.584832608699798584e-01
2.803236059844493866e-02
7.760933041572570801e-01
2.259876132011413574e-01
2.758610993623733521e-02
7.661344408988952637e-01
2.699235975742340088e-01
3.380360314622521400e-03
7.268345952033996582e-01
2.252309769392013550e-01
-1.650136779062449932e-03
7.003825902938842773e-01
2.128947079181671143e-01
-2.671614522114396095e-03
6.829736828804016113e-01
2.105483114719390869e-01
-2.203997224569320679e-03
7.562049627304077148e-01
2.881911098957061768e-01
-9.495957754552364349e-03
7.100359201431274414e-01
2.431914806365966797e-01
-1.271994970738887787e-02
6.838685870170593262e-01
2.316113710403442383e-01
-1.077194791287183762e-02
6.660268306732177734e-01
2.283130288124084473e-01
-9.464091621339321136e-03
7.445411086082458496e-01
3.151796162128448486e-01
-2.028769254684448242e-02
6.990612745285034180e-01
2.760891616344451904e-01
-2.155052684247493744e-02
6.747872233390808105e-01
2.643764019012451172e-01
-1.844824478030204773e-02
6.573131680488586426e-01
2.585205733776092529e-01
-1.722833327949047089e-02
7.327104806900024414e-01
3.489303588867187500e-01
-2.885414659976959229e-02
6.946660876274108887e-01
3.223141431808471680e-01
-3.100274503231048584e-02
6.740394830703735352e-01
3.132076859474182129e-01
-2.922774851322174072e-02
6.560635566711425781e-01
3.080875873565673828e-01
-2.776749059557914734e-02
