4.450374245643615723e-01
5.750984549522399902e-01
2.971183903355267830e-07
4.665585756301879883e-01
5.219295024871826172e-01
-9.602365083992481232e-03
4.981575012207031250e-01
4.848704934120178223e-01
-1.774484477937221527e-02
5.279980897903442383e-01
4.737578928470611572e-01
-2.346087247133255005e-02
5.503135919570922852e-01
4.836811125278472900e-01
-2.860132046043872833e-02
5.040329098701477051e-01
5.159925818443298340e-01
-2.704574540257453918e-02
5.471609234809875488e-01
5.206433534622192383e-01
-3.684609755873680115e-02
5.717352628707885742e-01
5.273803472518920898e-01
-4.116358608007431030e-02
5.897701978683471680e-01
5.320281982421875000e-01
-4.372448101639747620e-02
5.022584795951843262e-01
5.557560920715332031e-01
-2.727646566927433014e-02
5.434723496437072754e-01
5.580849647521972656e-01
-3.540358319878578186e-02
5.701503753662109375e-01
5.615952014923095703e-01
-3.805216401815414429e-02
5.908051729202270508e-01
5.619615912437438965e-01
-4.028496518731117249e-02
4.982011914253234863e-01
5.931321382522583008e-01
-2.700595743954181671e-02
5.334012508392333984e-01
5.962041616439819336e-01
-3.442275896668434143e-02
5.588882565498352051e-01
5.947431325912475586e-01
-3.499599546194076538e-02
5.793677568435668945e-01
5.913078188896179199e-01
-3.544215857982635498e-02
4.941346347332000732e-01
6.274110078811645508e-01
-2.681832015514373779e-02
5.215290188789367676e-01
6.276112794876098633e-01
-3.404723107814788818e-02
5.400092005729675293e-01
6.243520975112915039e-01
-3.387631475925445557e-02
5.555894374847412109e-01
6.195045709609985352e-01
-3.287880122661590576e-02
