8.497250080108642578e-01
3.600971996784210205e-01
1.819063015773281222e-07
8.655886650085449219e-01
3.099765777587890625e-01
-2.528793120291084051e-04
8.616047501564025879e-01
2.598982453346252441e-01
-2.370563335716724396e-03
8.598919510841369629e-01
2.212215214967727661e-01
-5.295342765748500824e-03
8.696588277816772461e-01
1.965524405241012573e-01
-9.089045226573944092e-03
8.090240955352783203e-01
2.337275296449661255e-01
-7.674251217395067215e-03
7.749601602554321289e-01
1.924443244934082031e-01
-1.272618304938077927e-02
7.541333436965942383e-01
1.687069237232208252e-01
-1.624237187206745148e-02
7.378350496292114258e-01
1.505349576473236084e-01
-1.896849460899829865e-02
7.883658409118652344e-01
2.517307400703430176e-01
-1.253096479922533035e-02
7.499816417694091797e-01
2.050375491380691528e-01
-1.708706840872764587e-02
7.262029051780700684e-01
1.774420738220214844e-01
-2.047988772392272949e-02
7.083715796470642090e-01
1.565209776163101196e-01
-2.320379205048084259e-02
7.723216414451599121e-01
2.766291797161102295e-01
-1.695708557963371277e-02
7.363568544387817383e-01
2.313864231109619141e-01
-2.105000801384449005e-02
7.134706974029541016e-01
2.049920558929443359e-01
-2.616045624017715454e-02
6.969460844993591309e-01
1.858549416065216064e-01
-3.012015111744403839e-02
7.602169513702392578e-01
3.068088293075561523e-01
-2.113923802971839905e-02
7.292927503585815430e-01
2.798859775066375732e-01
-2.567819505929946899e-02
7.096132040023803711e-01
2.628309726715087891e-01
-2.830178290605545044e-02
6.952653527259826660e-01
2.500313222408294678e-01
-2.976762875914573669e-02
