7.603246569633483887e-01
6.585867404937744141e-01
-6.069341225156676956e-07
7.112849950790405273e-01
5.720520615577697754e-01
2.950265817344188690e-02
6.620821356773376465e-01
5.054101347923278809e-01
3.582989424467086792e-02
6.163781881332397461e-01
4.545131325721740723e-01
3.555329889059066772e-02
5.981293916702270508e-01
3.887799084186553955e-01
3.579329326748847961e-02
6.061307191848754883e-01
5.194033384323120117e-01
3.199764760211110115e-04
5.084446668624877930e-01
5.149542093276977539e-01
-6.021257024258375168e-03
5.221222639083862305e-01
5.561795830726623535e-01
1.985661219805479050e-03
5.548976063728332520e-01
5.715235471725463867e-01
9.933351539075374603e-03
5.998716950416564941e-01
5.722582340240478516e-01
-1.958825066685676575e-02
5.106145143508911133e-01
5.880053043365478516e-01
-2.803830429911613464e-02
5.261211395263671875e-01
6.251716613769531250e-01
-1.748471148312091827e-02
5.569003224372863770e-01
6.328359246253967285e-01
-1.000384334474802017e-02
5.997422337532043457e-01
6.374322175979614258e-01
-3.746445104479789734e-02
5.128503441810607910e-01
6.524639725685119629e-01
-4.519854858517646790e-02
5.238896012306213379e-01
6.885244846343994141e-01
-3.226723149418830872e-02
5.472717881202697754e-01
7.008358836174011230e-01
-2.488449588418006897e-02
6.026645898818969727e-01
7.014120817184448242e-01
-5.236339196562767029e-02
5.201759338378906250e-01
7.023000121116638184e-01
-6.930907815694808960e-02
4.744779467582702637e-01
7.211998701095581055e-01
-7.509314268827438354e-02
4.422572255134582520e-01
7.330943346023559570e-01
-7.850141078233718872e-02
