6.535404324531555176e-01
7.918235063552856445e-01
-1.674431757692218525e-07
6.145774126052856445e-01
6.883849501609802246e-01
-1.154255680739879608e-02
5.535754561424255371e-01
5.986368060111999512e-01
-2.939437329769134521e-02
4.802103340625762939e-01
5.696816444396972656e-01
-4.144805297255516052e-02
4.297764599323272705e-01
6.018310785293579102e-01
-5.322337895631790161e-02
5.545130968093872070e-01
6.515130400657653809e-01
-8.960036933422088623e-02
4.151165485382080078e-01
6.640026569366455078e-01
-1.203449591994285583e-01
4.476789534091949463e-01
6.702892780303955078e-01
-1.242884024977684021e-01
4.994126856327056885e-01
6.659082770347595215e-01
-1.196403205394744873e-01
5.555313229560852051e-01
7.356510758399963379e-01
-9.123650193214416504e-02
4.119159579277038574e-01
7.382790446281433105e-01
-1.181332617998123169e-01
4.413740634918212891e-01
7.435988187789916992e-01
-1.115822121500968933e-01
4.891106486320495605e-01
7.475554943084716797e-01
-1.043493300676345825e-01
5.500178933143615723e-01
8.149262666702270508e-01
-8.892405778169631958e-02
4.197307229042053223e-01
8.169271945953369141e-01
-1.095041856169700623e-01
4.479067325592041016e-01
8.163405656814575195e-01
-8.931032568216323853e-02
4.919633567333221436e-01
8.134111166000366211e-01
-7.288377732038497925e-02
5.433123111724853516e-01
8.897188305854797363e-01
-8.529693633317947388e-02
4.328127801418304443e-01
8.833841681480407715e-01
-1.014620885252952576e-01
4.600315690040588379e-01
8.767362236976623535e-01
-8.572317659854888916e-02
5.024917721748352051e-01
8.714390993118286133e-01
-7.151218503713607788e-02
