6.269477605819702148e-01
7.693468928337097168e-01
1.091805490460728834e-08
6.129077076911926270e-01
6.897110342979431152e-01
-1.649525202810764313e-02
5.592508316040039062e-01
6.046984791755676270e-01
-3.256345912814140320e-02
4.940006732940673828e-01
5.833775997161865234e-01
-4.253241419792175293e-02
4.395350813865661621e-01
5.866690278053283691e-01
-5.362414568662643433e-02
5.551887154579162598e-01
6.301926374435424805e-01
-8.143561333417892456e-02
4.425041079521179199e-01
6.474376320838928223e-01
-1.077580079436302185e-01
4.409640729427337646e-01
6.596181988716125488e-01
-1.135974749922752380e-01
4.706235826015472412e-01
6.673986315727233887e-01
-1.121873259544372559e-01
5.547974109649658203e-01
7.106288075447082520e-01
-8.201636373996734619e-02
4.307512044906616211e-01
7.268458008766174316e-01
-1.067274957895278931e-01
4.479830861091613770e-01
7.333781719207763672e-01
-1.049114167690277100e-01
4.900994300842285156e-01
7.378829717636108398e-01
-1.013780236244201660e-01
5.526221394538879395e-01
7.854754924774169922e-01
-7.969278842210769653e-02
4.435952603816986084e-01
7.997674345970153809e-01
-9.818769246339797974e-02
4.577321112155914307e-01
8.019369244575500488e-01
-8.428932726383209229e-02
4.943132698535919189e-01
8.026753067970275879e-01
-7.266961038112640381e-02
5.489874482154846191e-01
8.574895858764648438e-01
-7.700698077678680420e-02
4.625655412673950195e-01
8.596589565277099609e-01
-9.361870586872100830e-02
4.688538312911987305e-01
8.590139150619506836e-01
-8.448263257741928101e-02
4.938341379165649414e-01
8.635950684547424316e-01
-7.477376610040664673e-02
