7.629129290580749512e-01
4.404851198196411133e-01
-2.118807316264792462e-07
7.661021351814270020e-01
3.791354596614837646e-01
9.089546278119087219e-03
7.483763098716735840e-01
3.178472816944122314e-01
1.005790941417217255e-02
7.292702198028564453e-01
2.735921442508697510e-01
8.645480498671531677e-03
7.190106511116027832e-01
2.418408095836639404e-01
7.217724807560443878e-03
7.319185733795166016e-01
2.953159213066101074e-01
-2.163350116461515427e-03
6.782891750335693359e-01
2.684791982173919678e-01
-1.023923791944980621e-02
6.822878122329711914e-01
2.855517566204071045e-01
-1.470011193305253983e-02
6.996841430664062500e-01
3.024359047412872314e-01
-1.544201560318470001e-02
7.153126001358032227e-01
3.219472169876098633e-01
-9.031633846461772919e-03
6.634604930877685547e-01
2.937213182449340820e-01
-1.452115271240472794e-02
6.701152920722961426e-01
3.102944791316986084e-01
-1.509221829473972321e-02
6.872146129608154297e-01
3.261523246765136719e-01
-1.470316573977470398e-02
6.984512805938720703e-01
3.511907160282135010e-01
-1.478145457804203033e-02
6.531555652618408203e-01
3.233428895473480225e-01
-1.760910265147686005e-02
6.612234711647033691e-01
3.385286629199981689e-01
-1.129662990570068359e-02
6.774225234985351562e-01
3.523270189762115479e-01
-6.758880335837602615e-03
6.826937794685363770e-01
3.821442127227783203e-01
-1.958295144140720367e-02
6.503399014472961426e-01
3.563609421253204346e-01
-2.055713534355163574e-02
6.582180261611938477e-01
3.692478835582733154e-01
-1.330688782036304474e-02
6.718094348907470703e-01
3.823257088661193848e-01
-6.925345864146947861e-03
