6.680778861045837402e-01
6.524742841720581055e-01
-2.193402508510189364e-07
6.423905491828918457e-01
5.992276072502136230e-01
3.144157235510647297e-04
5.989921689033508301e-01
5.532633066177368164e-01
-7.383966818451881409e-03
5.524503588676452637e-01
5.447621345520019531e-01
-1.542477961629629135e-02
5.214458703994750977e-01
5.692281723022460938e-01
-2.447444014251232147e-02
5.816670656204223633e-01
5.263066291809082031e-01
-2.475567348301410675e-02
5.121038556098937988e-01
5.419034361839294434e-01
-4.184249788522720337e-02
5.207537412643432617e-01
5.644728541374206543e-01
-4.987116530537605286e-02
5.452389121055603027e-01
5.742568969726562500e-01
-5.305327475070953369e-02
5.789982676506042480e-01
5.646783113479614258e-01
-3.225393220782279968e-02
5.100724101066589355e-01
5.848403573036193848e-01
-4.527752473950386047e-02
5.232549905776977539e-01
6.044454574584960938e-01
-4.738704487681388855e-02
5.477621555328369141e-01
6.112944483757019043e-01
-4.842106997966766357e-02
5.794911384582519531e-01
6.107839345932006836e-01
-3.880516812205314636e-02
5.171064734458923340e-01
6.301360130310058594e-01
-5.039595067501068115e-02
5.311336517333984375e-01
6.455783247947692871e-01
-4.433829337358474731e-02
5.529212951660156250e-01
6.496526002883911133e-01
-3.973586857318878174e-02
5.817602872848510742e-01
6.577789783477783203e-01
-4.431492462754249573e-02
5.331908464431762695e-01
6.796867847442626953e-01
-5.474458634853363037e-02
5.451083779335021973e-01
6.905918717384338379e-01
-4.858961701393127441e-02
5.623091459274291992e-01
6.929067373275756836e-01
-4.221224412322044373e-02
