7.132145762443542480e-01
5.321359038352966309e-01
-8.304484566679093405e-08
7.105931043624877930e-01
4.660178720951080322e-01
-2.331388881430029869e-03
6.885572075843811035e-01
4.088004231452941895e-01
-8.884567767381668091e-03
6.699365377426147461e-01
3.606897592544555664e-01
-1.590568758547306061e-02
6.700645685195922852e-01
3.193104863166809082e-01
-2.232071384787559509e-02
6.414241194725036621e-01
4.200869798660278320e-01
-1.697771064937114716e-02
5.788215994834899902e-01
4.036136269569396973e-01
-2.820285223424434662e-02
5.910280942916870117e-01
4.188525080680847168e-01
-3.335491195321083069e-02
6.150465011596679688e-01
4.295804202556610107e-01
-3.466656431555747986e-02
6.257417798042297363e-01
4.610202610492706299e-01
-2.008388563990592957e-02
5.636252164840698242e-01
4.430655539035797119e-01
-2.874833531677722931e-02
5.783511400222778320e-01
4.539815783500671387e-01
-2.881355397403240204e-02
6.014916300773620605e-01
4.623781442642211914e-01
-2.762196771800518036e-02
6.144285202026367188e-01
5.021721720695495605e-01
-2.262535691261291504e-02
5.589063167572021484e-01
4.822783172130584717e-01
-2.871670015156269073e-02
5.744093656539916992e-01
4.889455735683441162e-01
-2.135834842920303345e-02
5.959181189537048340e-01
4.959467649459838867e-01
-1.528271473944187164e-02
6.080830097198486328e-01
5.407842397689819336e-01
-2.502089366316795349e-02
5.655217766761779785e-01
5.202091336250305176e-01
-2.856968156993389130e-02
5.785022377967834473e-01
5.239371657371520996e-01
-2.030055038630962372e-02
5.967030525207519531e-01
5.296342968940734863e-01
-1.266218163073062897e-02
