7.227445244789123535e-01
5.065131783485412598e-01
2.550816873281291919e-07
7.253559231758117676e-01
4.490030705928802490e-01
-1.637940853834152222e-02
7.090994715690612793e-01
3.904056847095489502e-01
-2.800479345023632050e-02
6.966446638107299805e-01
3.427311480045318604e-01
-3.731600195169448853e-02
6.993942260742187500e-01
3.035356998443603516e-01
-4.700320959091186523e-02
6.657987236976623535e-01
4.017201662063598633e-01
-2.711726538836956024e-02
6.217541098594665527e-01
3.829893469810485840e-01
-4.033679887652397156e-02
5.932427048683166504e-01
3.731370866298675537e-01
-4.900197312235832214e-02
5.719953775405883789e-01
3.650061488151550293e-01
-5.480168387293815613e-02
6.504892110824584961e-01
4.373226165771484375e-01
-2.545534446835517883e-02
6.061571240425109863e-01
4.201670885086059570e-01
-3.709562867879867554e-02
5.814000368118286133e-01
4.088158905506134033e-01
-4.297974705696105957e-02
5.628863573074340820e-01
3.980048000812530518e-01
-4.706907644867897034e-02
6.398945450782775879e-01
4.716619253158569336e-01
-2.451785467565059662e-02
6.013011932373046875e-01
4.528901576995849609e-01
-3.401004150509834290e-02
5.816578269004821777e-01
4.417841434478759766e-01
-3.471456468105316162e-02
5.682375431060791016e-01
4.319328069686889648e-01
-3.445645421743392944e-02
6.333051323890686035e-01
5.018016099929809570e-01
-2.497880719602108002e-02
6.010149717330932617e-01
4.821210503578186035e-01
-3.158244863152503967e-02
5.857756137847900391e-01
4.715566039085388184e-01
-3.056453727185726166e-02
5.750595927238464355e-01
4.624075293540954590e-01
-2.864324301481246948e-02
