6.466965675354003906e-01
7.918623089790344238e-01
-1.856883784512319835e-07
6.109174489974975586e-01
6.841535568237304688e-01
-4.186330828815698624e-03
5.556022524833679199e-01
5.943440198898315430e-01
-2.005491964519023895e-02
4.874034523963928223e-01
5.725670456886291504e-01
-3.207081183791160583e-02
4.362091124057769775e-01
5.994289517402648926e-01
-4.362071305513381958e-02
5.519934892654418945e-01
6.402992010116577148e-01
-8.101033419370651245e-02
4.190809130668640137e-01
6.566829681396484375e-01
-1.094978526234626770e-01
4.490861296653747559e-01
6.600658893585205078e-01
-1.125546544790267944e-01
4.973923861980438232e-01
6.572849154472351074e-01
-1.075490042567253113e-01
5.553199052810668945e-01
7.320678234100341797e-01
-8.710655570030212402e-02
4.154553413391113281e-01
7.366305589675903320e-01
-1.131997406482696533e-01
4.462592005729675293e-01
7.344521880149841309e-01
-1.063012182712554932e-01
4.920095205307006836e-01
7.380498051643371582e-01
-9.911631047725677490e-02
5.514874458312988281e-01
8.151931166648864746e-01
-8.871204406023025513e-02
4.235090613365173340e-01
8.162798285484313965e-01
-1.067232340574264526e-01
4.512257874011993408e-01
8.101455569267272949e-01
-8.530664443969726562e-02
4.935624301433563232e-01
8.081169724464416504e-01
-6.878548115491867065e-02
5.466517210006713867e-01
8.919909000396728516e-01
-8.882664144039154053e-02
4.380691349506378174e-01
8.809608817100524902e-01
-1.021421775221824646e-01
4.598801434040069580e-01
8.664900064468383789e-01
-8.560087531805038452e-02
4.987591505050659180e-01
8.602059483528137207e-01
-7.102423906326293945e-02
