7.620981335639953613e-01
6.152074933052062988e-01
-1.041521073830153910e-07
7.405022382736206055e-01
5.131753087043762207e-01
-9.670119732618331909e-03
6.956498026847839355e-01
4.139471054077148438e-01
-3.607427328824996948e-02
6.568282246589660645e-01
3.474564552307128906e-01
-5.852934718132019043e-02
6.285435557365417480e-01
2.874594926834106445e-01
-8.198300004005432129e-02
6.870141029357910156e-01
4.483989179134368896e-01
-1.083868145942687988e-01
5.595427751541137695e-01
4.436784982681274414e-01
-1.392572820186614990e-01
5.870886445045471191e-01
4.582392573356628418e-01
-1.398292630910873413e-01
6.335723400115966797e-01
4.655999243259429932e-01
-1.339771300554275513e-01
6.877588033676147461e-01
5.374603867530822754e-01
-1.174282953143119812e-01
5.429390668869018555e-01
5.175146460533142090e-01
-1.509674340486526489e-01
5.750672817230224609e-01
5.269269347190856934e-01
-1.444603502750396729e-01
6.278389096260070801e-01
5.387126207351684570e-01
-1.361904442310333252e-01
6.808143854141235352e-01
6.204007863998413086e-01
-1.210811808705329895e-01
5.459685325622558594e-01
6.011142134666442871e-01
-1.431912034749984741e-01
5.731008052825927734e-01
6.051449775695800781e-01
-1.223336830735206604e-01
6.198050379753112793e-01
6.119990944862365723e-01
-1.058645397424697876e-01
6.716637611389160156e-01
6.948355436325073242e-01
-1.231830641627311707e-01
5.613096952438354492e-01
6.904161572456359863e-01
-1.414741873741149902e-01
5.748884081840515137e-01
6.912990212440490723e-01
-1.272656321525573730e-01
6.114964485168457031e-01
6.971011161804199219e-01
-1.140983924269676208e-01
