6.202148199081420898e-01
6.930215358734130859e-01
-1.204703181656441302e-07
6.082329750061035156e-01
6.285145878791809082e-01
-4.753903020173311234e-03
5.760343074798583984e-01
5.771808028221130371e-01
-9.644902311265468597e-03
5.453150272369384766e-01
5.463240146636962891e-01
-1.554303616285324097e-02
5.212898850440979004e-01
5.229452848434448242e-01
-2.360039576888084412e-02
5.557409524917602539e-01
5.726150870323181152e-01
-1.727545820176601410e-02
5.125513672828674316e-01
5.637283921241760254e-01
-3.503809869289398193e-02
4.821111559867858887e-01
5.656846165657043457e-01
-4.889277368783950806e-02
4.543293416500091553e-01
5.702455043792724609e-01
-5.883691459894180298e-02
5.526868104934692383e-01
6.034752130508422852e-01
-2.471353672444820404e-02
5.017690658569335938e-01
6.108214855194091797e-01
-4.295286536216735840e-02
4.674934744834899902e-01
6.190153956413269043e-01
-5.671164393424987793e-02
4.370258450508117676e-01
6.266068816184997559e-01
-6.705518066883087158e-02
5.542007088661193848e-01
6.385324001312255859e-01
-3.264698386192321777e-02
5.038642883300781250e-01
6.467696428298950195e-01
-5.172829702496528625e-02
4.705501794815063477e-01
6.533455252647399902e-01
-5.995271354913711548e-02
4.413259029388427734e-01
6.587239503860473633e-01
-6.472513824701309204e-02
5.599276423454284668e-01
6.748513579368591309e-01
-4.034548625349998474e-02
5.181531310081481934e-01
6.817159056663513184e-01
-5.839334055781364441e-02
4.896712005138397217e-01
6.838266849517822266e-01
-6.470043212175369263e-02
4.640827775001525879e-01
6.843814253807067871e-01
-6.777692586183547974e-02
