7.545108199119567871e-01
4.614178836345672607e-01
1.615532028154120781e-07
7.708920836448669434e-01
4.008715152740478516e-01
-1.187544688582420349e-02
7.618780732154846191e-01
3.389287292957305908e-01
-2.103349938988685608e-02
7.486000657081604004e-01
2.900508642196655273e-01
-2.803381346166133881e-02
7.462397813796997070e-01
2.531502544879913330e-01
-3.572204336524009705e-02
7.172067761421203613e-01
3.360689282417297363e-01
-2.921807579696178436e-02
6.693320274353027344e-01
3.023265302181243896e-01
-4.235647991299629211e-02
6.389242410659790039e-01
2.855153679847717285e-01
-4.976840317249298096e-02
6.149449944496154785e-01
2.741470336914062500e-01
-5.461410805583000183e-02
6.943583488464355469e-01
3.670765161514282227e-01
-2.928946726024150848e-02
6.454128026962280273e-01
3.314989805221557617e-01
-4.297868534922599792e-02
6.152745485305786133e-01
3.108620345592498779e-01
-5.023400858044624329e-02
5.915217399597167969e-01
2.943935990333557129e-01
-5.499818921089172363e-02
6.760658621788024902e-01
3.971788287162780762e-01
-2.904496714472770691e-02
6.326074600219726562e-01
3.601607978343963623e-01
-3.963949531316757202e-02
6.055551171302795410e-01
3.376208841800689697e-01
-4.385274276137351990e-02
5.845310688018798828e-01
3.189783990383148193e-01
-4.626607894897460938e-02
6.626868247985839844e-01
4.239856004714965820e-01
-2.928821556270122528e-02
6.288496255874633789e-01
3.905598521232604980e-01
-3.785232454538345337e-02
6.077433824539184570e-01
3.703229129314422607e-01
-4.048626124858856201e-02
5.907427072525024414e-01
3.517161309719085693e-01
-4.112281650304794312e-02
