7.416393756866455078e-01
4.700961112976074219e-01
2.051091740895572002e-07
7.595584392547607422e-01
4.055803716182708740e-01
-4.068657755851745605e-03
7.586802244186401367e-01
3.344868123531341553e-01
-1.149990037083625793e-02
7.587953805923461914e-01
2.782474458217620850e-01
-1.852360181510448456e-02
7.727714776992797852e-01
2.415086477994918823e-01
-2.690834924578666687e-02
7.156517505645751953e-01
3.191094696521759033e-01
-2.299755811691284180e-02
6.716563701629638672e-01
2.663915753364562988e-01
-3.259100019931793213e-02
6.423264145851135254e-01
2.381087392568588257e-01
-3.782525658607482910e-02
6.198174357414245605e-01
2.191953361034393311e-01
-4.109315201640129089e-02
6.889948844909667969e-01
3.439362049102783203e-01
-2.690026350319385529e-02
6.438467502593994141e-01
2.858253717422485352e-01
-3.367661684751510620e-02
6.163221001625061035e-01
2.554865181446075439e-01
-3.700966387987136841e-02
5.963913202285766602e-01
2.359587252140045166e-01
-3.981085494160652161e-02
6.660563349723815918e-01
3.733940124511718750e-01
-2.967883646488189697e-02
6.252353191375732422e-01
3.223885595798492432e-01
-3.296893835067749023e-02
6.014925241470336914e-01
2.957267463207244873e-01
-3.376288712024688721e-02
5.856630802154541016e-01
2.789134979248046875e-01
-3.538922592997550964e-02
6.472189426422119141e-01
4.051174819469451904e-01
-3.256051242351531982e-02
6.136859655380249023e-01
3.688755035400390625e-01
-3.413245454430580139e-02
5.956763625144958496e-01
3.483002781867980957e-01
-3.238782286643981934e-02
5.829592943191528320e-01
3.321615755558013916e-01
-3.100719675421714783e-02
