7.157702445983886719e-01
6.131950616836547852e-01
-1.837671987914291094e-07
6.926493644714355469e-01
5.641011595726013184e-01
-2.015485195443034172e-03
6.570032835006713867e-01
5.223984122276306152e-01
-7.915346883237361908e-03
6.236685514450073242e-01
5.010346770286560059e-01
-1.460354961454868317e-02
5.950825214385986328e-01
4.974315464496612549e-01
-2.376685664057731628e-02
6.564632654190063477e-01
5.118124485015869141e-01
-1.994249969720840454e-02
6.185696721076965332e-01
4.957227706909179688e-01
-3.766116127371788025e-02
5.902516841888427734e-01
4.979129731655120850e-01
-5.173231288790702820e-02
5.654013156890869141e-01
5.053799748420715332e-01
-6.060913577675819397e-02
6.591556072235107422e-01
5.373675823211669922e-01
-2.686849981546401978e-02
6.096760034561157227e-01
5.329434871673583984e-01
-4.097500815987586975e-02
5.733269453048706055e-01
5.387123823165893555e-01
-5.179405212402343750e-02
5.438680648803710938e-01
5.468436479568481445e-01
-6.117001548409461975e-02
6.623370647430419922e-01
5.679540634155273438e-01
-3.354202955961227417e-02
6.164264082908630371e-01
5.663375854492187500e-01
-4.640960693359375000e-02
5.807990431785583496e-01
5.697845220565795898e-01
-5.363072082400321960e-02
5.532506108283996582e-01
5.737496614456176758e-01
-5.954314395785331726e-02
6.659622192382812500e-01
6.001817584037780762e-01
-3.981229290366172791e-02
6.306757330894470215e-01
6.008338332176208496e-01
-5.132706090807914734e-02
6.042123436927795410e-01
6.020355820655822754e-01
-5.501803755760192871e-02
5.817286968231201172e-01
6.033315658569335938e-01
-5.759677663445472717e-02
