7.897859811782836914e-01
6.093811988830566406e-01
-1.408775744948798092e-07
7.544959187507629395e-01
5.096395611763000488e-01
-7.551042363047599792e-03
6.936569213867187500e-01
4.193803668022155762e-01
-3.154543787240982056e-02
6.463205218315124512e-01
3.511677384376525879e-01
-5.303943529725074768e-02
6.200549006462097168e-01
2.968661189079284668e-01
-7.566463202238082886e-02
6.947697401046752930e-01
4.724534153938293457e-01
-9.344148635864257812e-02
5.647945404052734375e-01
4.552743434906005859e-01
-1.270383894443511963e-01
5.888625383377075195e-01
4.763231873512268066e-01
-1.331014335155487061e-01
6.352666020393371582e-01
4.863107502460479736e-01
-1.303736865520477295e-01
6.945853233337402344e-01
5.526609420776367188e-01
-1.020679995417594910e-01
5.491420626640319824e-01
5.268972516059875488e-01
-1.338779479265213013e-01
5.752072334289550781e-01
5.392813086509704590e-01
-1.285840123891830444e-01
6.278520226478576660e-01
5.500988364219665527e-01
-1.208025887608528137e-01
6.835069060325622559e-01
6.338012814521789551e-01
-1.066089943051338196e-01
5.466442108154296875e-01
6.076384782791137695e-01
-1.285793930292129517e-01
5.711383819580078125e-01
6.075190305709838867e-01
-1.087461784482002258e-01
6.165096163749694824e-01
6.138198375701904297e-01
-9.220398962497711182e-02
6.676700711250305176e-01
7.083066701889038086e-01
-1.094596907496452332e-01
5.537144541740417480e-01
6.875168681144714355e-01
-1.276057213544845581e-01
5.708183050155639648e-01
6.840852499008178711e-01
-1.132282912731170654e-01
6.092621684074401855e-01
6.905384659767150879e-01
-9.961050003767013550e-02
