6.691116094589233398e-01
7.770099639892578125e-01
-1.587353040122252423e-07
6.200838088989257812e-01
6.736907362937927246e-01
-1.299479324370622635e-02
5.400496721267700195e-01
5.802928209304809570e-01
-3.653845936059951782e-02
4.527201354503631592e-01
5.705820918083190918e-01
-5.378498136997222900e-02
3.980159759521484375e-01
6.326600909233093262e-01
-7.157852500677108765e-02
5.533031225204467773e-01
6.360519528388977051e-01
-9.799752384424209595e-02
4.169299602508544922e-01
6.529961824417114258e-01
-1.321991235017776489e-01
4.383460283279418945e-01
6.578885912895202637e-01
-1.394878029823303223e-01
4.848470985889434814e-01
6.548432707786560059e-01
-1.366138756275177002e-01
5.611190795898437500e-01
7.337805628776550293e-01
-1.016894653439521790e-01
4.112091362476348877e-01
7.330135107040405273e-01
-1.303921788930892944e-01
4.403912127017974854e-01
7.388740777969360352e-01
-1.249901354312896729e-01
4.923286437988281250e-01
7.392978668212890625e-01
-1.182288825511932373e-01
5.594489574432373047e-01
8.221365213394165039e-01
-1.007581204175949097e-01
4.212949275970458984e-01
8.177527189254760742e-01
-1.211953088641166687e-01
4.470813572406768799e-01
8.148210048675537109e-01
-1.000804081559181213e-01
4.926359355449676514e-01
8.090561032295227051e-01
-8.346133679151535034e-02
5.525926947593688965e-01
9.048389196395874023e-01
-9.835822135210037231e-02
4.364150166511535645e-01
8.936381340026855469e-01
-1.120358109474182129e-01
4.572778940200805664e-01
8.825615644454956055e-01
-9.349774569272994995e-02
4.973933696746826172e-01
8.754831552505493164e-01
-7.785630226135253906e-02
