7.055591344833374023e-01
5.198011398315429688e-01
3.271636899171426194e-07
7.094361186027526855e-01
4.609390497207641602e-01
-8.653168566524982452e-03
6.949324607849121094e-01
3.997589945793151855e-01
-1.765040867030620575e-02
6.909746527671813965e-01
3.478045761585235596e-01
-2.581350319087505341e-02
7.010947465896606445e-01
3.109796643257141113e-01
-3.555354475975036621e-02
6.515070796012878418e-01
3.962329924106597900e-01
-2.825421467423439026e-02
6.024848222732543945e-01
3.503879904747009277e-01
-4.082552343606948853e-02
5.673006772994995117e-01
3.249762952327728271e-01
-4.818139970302581787e-02
5.402880907058715820e-01
3.065936267375946045e-01
-5.349047854542732239e-02
6.299698948860168457e-01
4.244777262210845947e-01
-3.132404014468193054e-02
5.791991949081420898e-01
3.763929605484008789e-01
-4.180767014622688293e-02
5.459653735160827637e-01
3.487212061882019043e-01
-4.874563589692115784e-02
5.214552879333496094e-01
3.282172977924346924e-01
-5.408916994929313660e-02
6.137287616729736328e-01
4.586558640003204346e-01
-3.368230536580085754e-02
5.652439594268798828e-01
4.187522232532501221e-01
-4.131041839718818665e-02
5.332411527633666992e-01
3.949376940727233887e-01
-4.814637452363967896e-02
5.101690292358398438e-01
3.770023584365844727e-01
-5.375987291336059570e-02
6.033853292465209961e-01
4.956956505775451660e-01
-3.625157848000526428e-02
5.660887360572814941e-01
4.758676886558532715e-01
-4.345012456178665161e-02
5.414819717407226562e-01
4.661133885383605957e-01
-4.698108881711959839e-02
5.225506424903869629e-01
4.586538076400756836e-01
-4.910610243678092957e-02
