8.033177852630615234e-01
4.029810130596160889e-01
-1.627991821351315593e-07
8.019945621490478516e-01
3.455568850040435791e-01
2.494864352047443390e-02
7.867870330810546875e-01
2.964879274368286133e-01
3.161682933568954468e-02
7.732669711112976074e-01
2.579404115676879883e-01
3.421954065561294556e-02
7.754732966423034668e-01
2.266808152198791504e-01
3.429983183741569519e-02
7.667515873908996582e-01
2.665390670299530029e-01
-1.006430014967918396e-03
7.250779271125793457e-01
2.185180783271789551e-01
-7.552420254796743393e-03
6.964311003684997559e-01
2.016700506210327148e-01
-8.722285740077495575e-03
6.752329468727111816e-01
1.941434442996978760e-01
-8.385633118450641632e-03
7.581683993339538574e-01
2.852094173431396484e-01
-1.625483669340610504e-02
7.051172256469726562e-01
2.376031875610351562e-01
-2.351596392691135406e-02
6.707505583763122559e-01
2.217727005481719971e-01
-2.237377688288688660e-02
6.453545689582824707e-01
2.143256515264511108e-01
-2.107338979840278625e-02
7.478770613670349121e-01
3.131169378757476807e-01
-2.855516970157623291e-02
6.956930160522460938e-01
2.716850936412811279e-01
-3.326755017042160034e-02
6.633514761924743652e-01
2.592463791370391846e-01
-3.096915967762470245e-02
6.383962035179138184e-01
2.521525025367736816e-01
-2.954852394759654999e-02
7.369862198829650879e-01
3.487938046455383301e-01
-3.804334253072738647e-02
6.960016489028930664e-01
3.207206428050994873e-01
-4.298123717308044434e-02
6.726210713386535645e-01
3.117163479328155518e-01
-4.204474389553070068e-02
6.525365114212036133e-01
3.059036135673522949e-01
-4.063837230205535889e-02
