6.278961896896362305e-01
6.801564097404479980e-01
-7.298621085283230059e-08
6.115573644638061523e-01
6.197417974472045898e-01
-8.960940875113010406e-03
5.756459236145019531e-01
5.700708031654357910e-01
-2.008873037993907928e-02
5.404562950134277344e-01
5.425766110420227051e-01
-3.014790639281272888e-02
5.119954943656921387e-01
5.235707759857177734e-01
-4.327066987752914429e-02
5.681523680686950684e-01
5.620596408843994141e-01
-4.347611218690872192e-02
5.200850367546081543e-01
5.520071387290954590e-01
-6.702348589897155762e-02
4.871534407138824463e-01
5.576285123825073242e-01
-8.219957351684570312e-02
4.574072659015655518e-01
5.656456947326660156e-01
-9.215515851974487305e-02
5.700174570083618164e-01
5.959908962249755859e-01
-4.999789595603942871e-02
5.128688216209411621e-01
6.018670797348022461e-01
-7.149111479520797729e-02
4.758668541908264160e-01
6.131188273429870605e-01
-8.322352170944213867e-02
4.444065988063812256e-01
6.241273283958435059e-01
-9.257849305868148804e-02
5.748545527458190918e-01
6.359838843345642090e-01
-5.568553507328033447e-02
5.214758515357971191e-01
6.467510461807250977e-01
-7.557067275047302246e-02
4.879470765590667725e-01
6.540203690528869629e-01
-8.020985126495361328e-02
4.601855874061584473e-01
6.603352427482604980e-01
-8.353284746408462524e-02
5.814909338951110840e-01
6.766433715820312500e-01
-6.104522570967674255e-02
5.420231223106384277e-01
6.836055517196655273e-01
-7.861719280481338501e-02
5.162687897682189941e-01
6.842898130416870117e-01
-8.188622444868087769e-02
4.939271211624145508e-01
6.843664646148681641e-01
-8.334139734506607056e-02
