4.969453513622283936e-01
8.392297029495239258e-01
2.722495366924704285e-07
4.740467369556427002e-01
8.021795749664306641e-01
-2.178313583135604858e-02
4.629794061183929443e-01
7.702348232269287109e-01
-3.900562599301338196e-02
4.496445953845977783e-01
7.550014257431030273e-01
-5.309501290321350098e-02
4.281914234161376953e-01
7.515525221824645996e-01
-6.866904348134994507e-02
5.044428706169128418e-01
7.877027988433837891e-01
-4.475411027669906616e-02
5.221117734909057617e-01
7.714771032333374023e-01
-6.019169464707374573e-02
5.375375151634216309e-01
7.520188689231872559e-01
-7.080116868019104004e-02
5.535015463829040527e-01
7.331469058990478516e-01
-7.870324701070785522e-02
5.349405407905578613e-01
8.034890294075012207e-01
-4.432215914130210876e-02
5.681560635566711426e-01
7.711253166198730469e-01
-5.676083266735076904e-02
5.922108888626098633e-01
7.420198917388916016e-01
-6.434325873851776123e-02
6.129320263862609863e-01
7.175489068031311035e-01
-7.210717350244522095e-02
5.565217733383178711e-01
8.144069910049438477e-01
-4.433920979499816895e-02
5.907539725303649902e-01
7.825198173522949219e-01
-5.642826855182647705e-02
6.138422489166259766e-01
7.556267976760864258e-01
-6.480265408754348755e-02
6.333334445953369141e-01
7.305799126625061035e-01
-7.158704847097396851e-02
5.694241523742675781e-01
8.223234415054321289e-01
-4.567146673798561096e-02
6.003720760345458984e-01
7.979202866554260254e-01
-5.453875288367271423e-02
6.214167475700378418e-01
7.811620235443115234e-01
-5.844496190547943115e-02
6.385869979858398438e-01
7.660943865776062012e-01
-6.291025131940841675e-02
