8.076070547103881836e-01
3.977883756160736084e-01
-7.875603813545239973e-08
8.041707277297973633e-01
3.442633748054504395e-01
1.346871443092823029e-02
7.881852984428405762e-01
2.911982536315917969e-01
1.512597594410181046e-02
7.762253284454345703e-01
2.513139247894287109e-01
1.459867972880601883e-02
7.784686684608459473e-01
2.204296588897705078e-01
1.217438001185655594e-02
7.718455791473388672e-01
2.651666402816772461e-01
-1.087578013539314270e-02
7.312617897987365723e-01
2.164026200771331787e-01
-2.049068734049797058e-02
7.025251388549804688e-01
1.960321068763732910e-01
-2.419794537127017975e-02
6.808156371116638184e-01
1.851646006107330322e-01
-2.577803283929824829e-02
7.637985944747924805e-01
2.847701907157897949e-01
-2.208057045936584473e-02
7.113332748413085938e-01
2.361833453178405762e-01
-3.132252022624015808e-02
6.773629188537597656e-01
2.175359725952148438e-01
-3.312956914305686951e-02
6.513465046882629395e-01
2.071976959705352783e-01
-3.423375636339187622e-02
7.537000775337219238e-01
3.119443058967590332e-01
-3.121517971158027649e-02
7.019621133804321289e-01
2.710076570510864258e-01
-3.824184462428092957e-02
6.696814298629760742e-01
2.552736103534698486e-01
-3.934248536825180054e-02
6.450672149658203125e-01
2.455359995365142822e-01
-4.027866572141647339e-02
7.420977950096130371e-01
3.450651168823242188e-01
-3.850165009498596191e-02
7.017974853515625000e-01
3.199028670787811279e-01
-4.564874619245529175e-02
6.783462166786193848e-01
3.096568882465362549e-01
-4.707641527056694031e-02
6.586378812789916992e-01
3.021621108055114746e-01
-4.740056023001670837e-02
