4.950672686100006104e-01
8.452569246292114258e-01
2.772167420062032761e-07
4.688917398452758789e-01
8.129257559776306152e-01
-3.137017413973808289e-02
4.477482140064239502e-01
7.821436524391174316e-01
-5.686255916953086853e-02
4.270029067993164062e-01
7.744392156600952148e-01
-7.814605534076690674e-02
4.060027599334716797e-01
7.790197134017944336e-01
-1.006090864539146423e-01
4.905332922935485840e-01
7.961400747299194336e-01
-6.009691208600997925e-02
5.028552412986755371e-01
7.882789969444274902e-01
-8.276261389255523682e-02
5.142741203308105469e-01
7.781376838684082031e-01
-9.881944209337234497e-02
5.262862443923950195e-01
7.668193578720092773e-01
-1.101578176021575928e-01
5.187911987304687500e-01
8.113731741905212402e-01
-5.645803734660148621e-02
5.447880029678344727e-01
7.895634770393371582e-01
-7.563403248786926270e-02
5.662029981613159180e-01
7.710454463958740234e-01
-8.675684034824371338e-02
5.844087004661560059e-01
7.555612325668334961e-01
-9.691087156534194946e-02
5.402266383171081543e-01
8.227964043617248535e-01
-5.378602817654609680e-02
5.689365267753601074e-01
8.019428849220275879e-01
-7.007655501365661621e-02
5.882095098495483398e-01
7.859080433845520020e-01
-7.880169898271560669e-02
6.055275797843933105e-01
7.705299854278564453e-01
-8.597732335329055786e-02
5.543810725212097168e-01
8.322745561599731445e-01
-5.337433144450187683e-02
5.795798301696777344e-01
8.185263276100158691e-01
-6.409110873937606812e-02
5.973623394966125488e-01
8.081412911415100098e-01
-6.836332380771636963e-02
6.130001544952392578e-01
7.979893088340759277e-01
-7.325101643800735474e-02
