4.543732404708862305e-01
5.554906129837036133e-01
2.840182844465743983e-07
4.750874042510986328e-01
5.056696534156799316e-01
-1.151637919247150421e-02
5.060716867446899414e-01
4.759894013404846191e-01
-2.239885367453098297e-02
5.353378653526306152e-01
4.702533483505249023e-01
-3.001777082681655884e-02
5.589401125907897949e-01
4.785246551036834717e-01
-3.733284026384353638e-02
5.116901993751525879e-01
5.078729987144470215e-01
-3.779585286974906921e-02
5.527372360229492188e-01
5.156738162040710449e-01
-5.003867298364639282e-02
5.767325758934020996e-01
5.219824910163879395e-01
-5.437431484460830688e-02
5.929917693138122559e-01
5.253401398658752441e-01
-5.625303834676742554e-02
5.072017908096313477e-01
5.468286275863647461e-01
-3.748795762658119202e-02
5.506920814514160156e-01
5.530356168746948242e-01
-4.809290543198585510e-02
5.768273472785949707e-01
5.546549558639526367e-01
-5.028711259365081787e-02
5.945896506309509277e-01
5.536450147628784180e-01
-5.186026170849800110e-02
5.011105537414550781e-01
5.818175673484802246e-01
-3.614217042922973633e-02
5.388391017913818359e-01
5.884559154510498047e-01
-4.504210874438285828e-02
5.635737180709838867e-01
5.857234597206115723e-01
-4.476187378168106079e-02
5.816998481750488281e-01
5.830384492874145508e-01
-4.435625299811363220e-02
4.957360327243804932e-01
6.121600270271301270e-01
-3.481039032340049744e-02
5.245881676673889160e-01
6.148460507392883301e-01
-4.293599352240562439e-02
5.444453358650207520e-01
6.106665134429931641e-01
-4.271140322089195251e-02
5.597421526908874512e-01
6.066903471946716309e-01
-4.143627360463142395e-02
