7.676323652267456055e-01
6.259701251983642578e-01
-2.361083062396573951e-07
7.424885630607604980e-01
5.378363132476806641e-01
-9.881456382572650909e-03
6.971079707145690918e-01
4.464481174945831299e-01
-2.937604673206806183e-02
6.531770825386047363e-01
3.858150243759155273e-01
-4.585013538599014282e-02
6.166394352912902832e-01
3.379701375961303711e-01
-6.188191846013069153e-02
6.810871958732604980e-01
4.714500606060028076e-01
-7.975304126739501953e-02
5.615045428276062012e-01
4.805435836315155029e-01
-1.080226078629493713e-01
5.880141854286193848e-01
4.983405768871307373e-01
-1.103701665997505188e-01
6.314800381660461426e-01
5.035113096237182617e-01
-1.059018447995185852e-01
6.808934211730957031e-01
5.475080013275146484e-01
-8.616057783365249634e-02
5.538821220397949219e-01
5.432974696159362793e-01
-1.149860620498657227e-01
5.819598436355590820e-01
5.553444623947143555e-01
-1.093414053320884705e-01
6.252663135528564453e-01
5.630419850349426270e-01
-1.024708002805709839e-01
6.744585037231445312e-01
6.179745197296142578e-01
-8.961464464664459229e-02
5.579889416694641113e-01
6.116366386413574219e-01
-1.112468689680099487e-01
5.840241312980651855e-01
6.206476688385009766e-01
-9.163527190685272217e-02
6.238876581192016602e-01
6.247844696044921875e-01
-7.573167234659194946e-02
6.651995182037353516e-01
6.835796833038330078e-01
-9.231326729059219360e-02
5.695245265960693359e-01
6.703881025314331055e-01
-1.096934154629707336e-01
5.929940342903137207e-01
6.752676963806152344e-01
-9.583251178264617920e-02
6.306595802307128906e-01
6.830346584320068359e-01
-8.252763003110885620e-02
