7.216663360595703125e-01
3.348267972469329834e-01
-1.120819632660641219e-07
7.216585278511047363e-01
2.647613584995269775e-01
4.496995825320482254e-03
7.066258192062377930e-01
2.029477208852767944e-01
2.457225462421774864e-03
6.923431158065795898e-01
1.566943824291229248e-01
-1.966751413419842720e-03
6.880412101745605469e-01
1.218261793255805969e-01
-6.406269967555999756e-03
6.714538335800170898e-01
2.038444280624389648e-01
-1.821018173359334469e-03
6.348317265510559082e-01
1.724868267774581909e-01
-1.258682738989591599e-02
6.454551815986633301e-01
1.825646311044692993e-01
-2.091178856790065765e-02
6.631306409835815430e-01
2.005186975002288818e-01
-2.389295212924480438e-02
6.552399396896362305e-01
2.348803430795669556e-01
-7.479779422283172607e-03
6.191691160202026367e-01
2.044498920440673828e-01
-1.327683683484792709e-02
6.314973831176757812e-01
2.138106226921081543e-01
-1.627817377448081970e-02
6.495902538299560547e-01
2.292458564043045044e-01
-1.783654093742370605e-02
6.423555016517639160e-01
2.668441534042358398e-01
-1.290633156895637512e-02
6.106097102165222168e-01
2.381923198699951172e-01
-1.498721912503242493e-02
6.208066344261169434e-01
2.458831220865249634e-01
-1.022456400096416473e-02
6.365501880645751953e-01
2.592212855815887451e-01
-7.175377104431390762e-03
6.326215267181396484e-01
2.977593243122100830e-01
-1.802111230790615082e-02
6.066040396690368652e-01
2.707917690277099609e-01
-1.640219055116176605e-02
6.166074275970458984e-01
2.777597606182098389e-01
-8.222632110118865967e-03
6.303642392158508301e-01
2.895293831825256348e-01
-1.763537293300032616e-03
