6.987684369087219238e-01
6.987086534500122070e-01
-7.263040657790043042e-08
6.774272322654724121e-01
6.216344833374023438e-01
-8.984328247606754303e-03
6.332038640975952148e-01
5.502985715866088867e-01
-2.118629775941371918e-02
5.889775753021240234e-01
5.106039643287658691e-01
-3.156042844057083130e-02
5.550026893615722656e-01
4.769759178161621094e-01
-4.139217361807823181e-02
6.052464246749877930e-01
5.794435143470764160e-01
-4.121621698141098022e-02
5.276989340782165527e-01
5.891947746276855469e-01
-6.055771559476852417e-02
5.496295690536499023e-01
5.947330594062805176e-01
-6.763791292905807495e-02
5.813423991203308105e-01
5.935665369033813477e-01
-6.837094575166702271e-02
6.001512408256530762e-01
6.462138295173645020e-01
-4.384695366024971008e-02
5.192694067955017090e-01
6.409537792205810547e-01
-5.856613814830780029e-02
5.428953170776367188e-01
6.434391140937805176e-01
-5.768173933029174805e-02
5.738661885261535645e-01
6.487255096435546875e-01
-5.610326677560806274e-02
5.952863693237304688e-01
7.078623175621032715e-01
-4.567482694983482361e-02
5.204077959060668945e-01
6.956619620323181152e-01
-5.659373849630355835e-02
5.457317233085632324e-01
6.950088143348693848e-01
-4.431657865643501282e-02
5.755318999290466309e-01
6.981018185615539551e-01
-3.534626588225364685e-02
5.915618538856506348e-01
7.634854912757873535e-01
-4.750305414199829102e-02
5.316410660743713379e-01
7.415183186531066895e-01
-5.547503009438514709e-02
5.541363954544067383e-01
7.404592037200927734e-01
-4.425442963838577271e-02
5.791358947753906250e-01
7.459246516227722168e-01
-3.453180566430091858e-02
