7.776573300361633301e-01
4.738281071186065674e-01
2.627577089242549846e-07
7.898579835891723633e-01
4.070013463497161865e-01
-1.301684044301509857e-02
7.775142192840576172e-01
3.411913812160491943e-01
-2.283887378871440887e-02
7.660790681838989258e-01
2.871822416782379150e-01
-3.083632886409759521e-02
7.734234929084777832e-01
2.469445168972015381e-01
-3.956794366240501404e-02
7.194147706031799316e-01
3.375302553176879883e-01
-2.438433468341827393e-02
6.711812615394592285e-01
3.066324889659881592e-01
-3.537523001432418823e-02
6.412861347198486328e-01
2.886728942394256592e-01
-4.334053769707679749e-02
6.173099279403686523e-01
2.743069529533386230e-01
-4.951214790344238281e-02
6.962358951568603516e-01
3.716370165348052979e-01
-2.489425428211688995e-02
6.462970972061157227e-01
3.366692960262298584e-01
-3.545128926634788513e-02
6.142947673797607422e-01
3.153508305549621582e-01
-4.302134364843368530e-02
5.885625481605529785e-01
2.978932857513427734e-01
-4.880718514323234558e-02
6.797676682472229004e-01
4.077520668506622314e-01
-2.553319372236728668e-02
6.334578990936279297e-01
3.705888688564300537e-01
-3.429036587476730347e-02
6.041339039802551270e-01
3.481507301330566406e-01
-4.037967696785926819e-02
5.813649892807006836e-01
3.301280140876770020e-01
-4.479091614484786987e-02
6.698161363601684570e-01
4.417786598205566406e-01
-2.696257457137107849e-02
6.340448260307312012e-01
4.099181294441223145e-01
-3.453831002116203308e-02
6.114525198936462402e-01
3.918924033641815186e-01
-3.791185840964317322e-02
5.930988192558288574e-01
3.750311136245727539e-01
-3.964028880000114441e-02
