7.874736189842224121e-01
6.229708790779113770e-01
-1.656791965842785430e-07
7.600057125091552734e-01
5.217874050140380859e-01
6.676901597529649734e-03
6.968547701835632324e-01
4.703813195228576660e-01
9.868185035884380341e-03
6.350197196006774902e-01
4.502879679203033447e-01
1.084901019930839539e-02
5.932072997093200684e-01
4.616953134536743164e-01
1.062590908259153366e-02
6.465327143669128418e-01
4.740255475044250488e-01
5.240165162831544876e-03
5.620151758193969727e-01
4.910996556282043457e-01
-5.175967235118150711e-03
5.278588533401489258e-01
5.183309316635131836e-01
-1.497810427099466324e-02
5.138255357742309570e-01
5.456521511077880859e-01
-1.936694607138633728e-02
6.384584307670593262e-01
5.235369801521301270e-01
-1.288925850531086326e-04
5.533407330513000488e-01
5.427361130714416504e-01
-6.009904667735099792e-03
5.334579348564147949e-01
5.695747733116149902e-01
-1.136827841401100159e-02
5.312963128089904785e-01
5.925920605659484863e-01
-1.497535407543182373e-02
6.361982822418212891e-01
5.780189037322998047e-01
-5.159512162208557129e-03
5.612246990203857422e-01
5.906466245651245117e-01
-8.556771092116832733e-03
5.485345721244812012e-01
6.108712553977966309e-01
-5.948456469923257828e-03
5.504409074783325195e-01
6.249855756759643555e-01
-4.193967208266258240e-03
6.385118365287780762e-01
6.276150941848754883e-01
-9.392526932060718536e-03
5.776776075363159180e-01
6.296662092208862305e-01
-8.624372072517871857e-03
5.671029090881347656e-01
6.414767503738403320e-01
-1.220616395585238934e-03
5.692024827003479004e-01
6.500198245048522949e-01
4.971776623278856277e-03
