4.987310469150543213e-01
8.458232879638671875e-01
2.807950352234911406e-07
4.745525121688842773e-01
8.109807372093200684e-01
-2.770776860415935516e-02
4.602226316928863525e-01
7.776502966880798340e-01
-5.005875974893569946e-02
4.472179710865020752e-01
7.578921914100646973e-01
-6.814718991518020630e-02
4.287957251071929932e-01
7.504740357398986816e-01
-8.720821142196655273e-02
5.054550170898437500e-01
7.871177792549133301e-01
-5.594499409198760986e-02
5.224621891975402832e-01
7.664374113082885742e-01
-7.533119618892669678e-02
5.378347039222717285e-01
7.480176687240600586e-01
-8.837924897670745850e-02
5.535105466842651367e-01
7.314292192459106445e-01
-9.774061292409896851e-02
5.342134833335876465e-01
8.022413253784179688e-01
-5.307338386774063110e-02
5.651137232780456543e-01
7.695931196212768555e-01
-7.007490098476409912e-02
5.873453617095947266e-01
7.409979701042175293e-01
-7.995713502168655396e-02
6.054632663726806641e-01
7.172908782958984375e-01
-8.851358294486999512e-02
5.547059178352355957e-01
8.134656548500061035e-01
-5.064967647194862366e-02
5.879417657852172852e-01
7.828828692436218262e-01
-6.563150137662887573e-02
6.113197207450866699e-01
7.557808756828308105e-01
-7.674144208431243896e-02
6.303842067718505859e-01
7.311827540397644043e-01
-8.492206037044525146e-02
5.672334432601928711e-01
8.209950327873229980e-01
-4.975468292832374573e-02
5.993886590003967285e-01
8.026610612869262695e-01
-6.144473329186439514e-02
6.219679117202758789e-01
7.854619026184082031e-01
-6.872095912694931030e-02
6.403790712356567383e-01
7.686749100685119629e-01
-7.483710348606109619e-02
