6.652756333351135254e-01
7.408646345138549805e-01
-3.696009400755428942e-07
5.964970588684082031e-01
8.355938792228698730e-01
-4.671874269843101501e-02
4.783885478973388672e-01
8.976833820343017578e-01
-8.981084078550338745e-02
3.755725324153900146e-01
9.164981842041015625e-01
-1.206457316875457764e-01
2.907891869544982910e-01
9.299223423004150391e-01
-1.464698165655136108e-01
5.523349046707153320e-01
8.952997326850891113e-01
-1.614268124103546143e-01
4.363205730915069580e-01
8.836255073547363281e-01
-2.194130867719650269e-01
4.710417985916137695e-01
8.756046891212463379e-01
-2.337391376495361328e-01
5.284569859504699707e-01
8.840435147285461426e-01
-2.334956228733062744e-01
5.707511901855468750e-01
7.954506278038024902e-01
-1.587034463882446289e-01
4.164347350597381592e-01
7.772154211997985840e-01
-2.063281685113906860e-01
4.540947079658508301e-01
7.671521902084350586e-01
-1.936932504177093506e-01
5.101906061172485352e-01
7.669463753700256348e-01
-1.832383573055267334e-01
5.703932046890258789e-01
6.908097863197326660e-01
-1.543614715337753296e-01
4.183769226074218750e-01
6.951028704643249512e-01
-1.858125925064086914e-01
4.537008702754974365e-01
6.913628578186035156e-01
-1.504566818475723267e-01
5.017749071121215820e-01
6.852654218673706055e-01
-1.260901987552642822e-01
5.590305924415588379e-01
5.959181785583496094e-01
-1.527238041162490845e-01
4.283345341682434082e-01
6.151514053344726562e-01
-1.638597100973129272e-01
4.626211524009704590e-01
6.229060888290405273e-01
-1.352827548980712891e-01
5.084018111228942871e-01
6.173769235610961914e-01
-1.167360842227935791e-01
