7.980985641479492188e-01
3.934606909751892090e-01
-7.419351533144435962e-08
7.938011884689331055e-01
3.423254191875457764e-01
1.133643835783004761e-02
7.791657447814941406e-01
2.914218604564666748e-01
1.264281291514635086e-02
7.678085565567016602e-01
2.542766332626342773e-01
1.186782028526067734e-02
7.687317132949829102e-01
2.274580597877502441e-01
9.293552488088607788e-03
7.630642652511596680e-01
2.669717967510223389e-01
-1.059515494853258133e-02
7.242966890335083008e-01
2.212596535682678223e-01
-1.996067538857460022e-02
6.954869627952575684e-01
2.009693980216979980e-01
-2.377361431717872620e-02
6.728317737579345703e-01
1.902813613414764404e-01
-2.555868588387966156e-02
7.538404464721679688e-01
2.852548062801361084e-01
-2.098630554974079132e-02
7.032498717308044434e-01
2.396875321865081787e-01
-2.983740717172622681e-02
6.701772809028625488e-01
2.216145396232604980e-01
-3.221156820654869080e-02
6.440841555595397949e-01
2.121358513832092285e-01
-3.356057405471801758e-02
7.433065772056579590e-01
3.115721046924591064e-01
-2.950055710971355438e-02
6.941658258438110352e-01
2.709314823150634766e-01
-3.681233897805213928e-02
6.631851792335510254e-01
2.562740445137023926e-01
-3.866766765713691711e-02
6.387786865234375000e-01
2.488451302051544189e-01
-3.991637006402015686e-02
7.318391799926757812e-01
3.444418907165527344e-01
-3.632355108857154846e-02
6.936145424842834473e-01
3.210964798927307129e-01
-4.413905739784240723e-02
6.703278422355651855e-01
3.120566308498382568e-01
-4.601247608661651611e-02
6.499607563018798828e-01
3.065313100814819336e-01
-4.636930674314498901e-02
