6.709043383598327637e-01
6.238671541213989258e-01
-3.758534372622079900e-09
6.674433946609497070e-01
5.608517527580261230e-01
-1.488646958023309708e-02
6.387661099433898926e-01
4.996344745159149170e-01
-2.649485878646373749e-02
6.026780009269714355e-01
4.606785774230957031e-01
-3.534092381596565247e-02
5.772330760955810547e-01
4.253268539905548096e-01
-4.378180578351020813e-02
6.179327368736267090e-01
5.294562578201293945e-01
-3.487575426697731018e-02
5.685799121856689453e-01
5.087038874626159668e-01
-5.317134037613868713e-02
5.775237083435058594e-01
5.160798430442810059e-01
-6.185067072510719299e-02
5.944282412528991699e-01
5.276877284049987793e-01
-6.450431048870086670e-02
6.087955236434936523e-01
5.758843421936035156e-01
-3.297728300094604492e-02
5.578398108482360840e-01
5.544138550758361816e-01
-4.666180536150932312e-02
5.676657557487487793e-01
5.576958060264587402e-01
-5.013815686106681824e-02
5.848462581634521484e-01
5.680648684501647949e-01
-5.187917500734329224e-02
6.010145545005798340e-01
6.180293560028076172e-01
-3.165548294782638550e-02
5.558416843414306641e-01
5.969563126564025879e-01
-4.121746495366096497e-02
5.631591677665710449e-01
5.977289676666259766e-01
-3.685214370489120483e-02
5.763156414031982422e-01
6.059830188751220703e-01
-3.342632204294204712e-02
5.943590998649597168e-01
6.541737318038940430e-01
-3.087828494608402252e-02
5.561465024948120117e-01
6.358826756477355957e-01
-3.579679504036903381e-02
5.638197064399719238e-01
6.347891688346862793e-01
-3.033315390348434448e-02
5.751118659973144531e-01
6.414866447448730469e-01
-2.570429444313049316e-02
