6.336097717285156250e-01
7.890404462814331055e-01
-1.544307366430075490e-07
6.076224446296691895e-01
6.869465708732604980e-01
-6.738560739904642105e-03
5.567966103553771973e-01
5.928908586502075195e-01
-2.260539866983890533e-02
4.913195073604583740e-01
5.740969777107238770e-01
-3.565419465303421021e-02
4.412736594676971436e-01
6.001005768775939941e-01
-4.815017059445381165e-02
5.483773946762084961e-01
6.392288208007812500e-01
-7.507139444351196289e-02
4.207375943660736084e-01
6.585564613342285156e-01
-1.079272106289863586e-01
4.543851315975189209e-01
6.632556915283203125e-01
-1.152179613709449768e-01
5.022327303886413574e-01
6.613555550575256348e-01
-1.126388162374496460e-01
5.476200580596923828e-01
7.278472781181335449e-01
-8.248612284660339355e-02
4.156764745712280273e-01
7.346163392066955566e-01
-1.139420121908187866e-01
4.540651440620422363e-01
7.312822937965393066e-01
-1.099418774247169495e-01
5.000567436218261719e-01
7.336590886116027832e-01
-1.029357239603996277e-01
5.430229902267456055e-01
8.072184324264526367e-01
-8.681694418191909790e-02
4.247255623340606689e-01
8.118312954902648926e-01
-1.094990149140357971e-01
4.596923589706420898e-01
8.075042963027954102e-01
-8.862926065921783447e-02
5.038037896156311035e-01
8.056346774101257324e-01
-7.062084972858428955e-02
5.380004644393920898e-01
8.821110725402832031e-01
-9.034936130046844482e-02
4.365145862102508545e-01
8.728303909301757812e-01
-1.065202876925468445e-01
4.632885754108428955e-01
8.630619049072265625e-01
-9.016308188438415527e-02
5.047885179519653320e-01
8.628977537155151367e-01
-7.456166297197341919e-02
