7.627390027046203613e-01
4.252989292144775391e-01
2.016497973045261460e-07
7.797723412513732910e-01
3.628305196762084961e-01
-2.817633096128702164e-03
7.772583961486816406e-01
2.978270649909973145e-01
-9.180663153529167175e-03
7.759256362915039062e-01
2.455782294273376465e-01
-1.546251308172941208e-02
7.875062227249145508e-01
2.119353413581848145e-01
-2.345858514308929443e-02
7.363901138305664062e-01
2.815470099449157715e-01
-2.428393810987472534e-02
6.951008439064025879e-01
2.271790802478790283e-01
-3.409081324934959412e-02
6.672058701515197754e-01
1.979414820671081543e-01
-3.910923376679420471e-02
6.444336175918579102e-01
1.781300604343414307e-01
-4.250002652406692505e-02
7.118478417396545410e-01
3.051485121250152588e-01
-2.944475039839744568e-02
6.659827232360839844e-01
2.462970167398452759e-01
-3.761518001556396484e-02
6.357509493827819824e-01
2.142205238342285156e-01
-4.167876765131950378e-02
6.123324036598205566e-01
1.933693736791610718e-01
-4.498633369803428650e-02
6.912909150123596191e-01
3.358335196971893311e-01
-3.324749693274497986e-02
6.486166119575500488e-01
2.841757535934448242e-01
-3.911021351814270020e-02
6.210240125656127930e-01
2.577230334281921387e-01
-4.260347783565521240e-02
6.008416414260864258e-01
2.408650219440460205e-01
-4.589739441871643066e-02
6.747097969055175781e-01
3.704146742820739746e-01
-3.672146052122116089e-02
6.392654776573181152e-01
3.402257263660430908e-01
-4.261258244514465332e-02
6.168754696846008301e-01
3.240848183631896973e-01
-4.403054341673851013e-02
5.990518331527709961e-01
3.115025460720062256e-01
-4.456565901637077332e-02
