7.129773497581481934e-01
7.036798596382141113e-01
-1.095230786063439155e-07
6.867308616638183594e-01
6.220207810401916504e-01
-4.303285852074623108e-03
6.393353343009948730e-01
5.469427108764648438e-01
-1.691990345716476440e-02
5.960894227027893066e-01
5.021571516990661621e-01
-2.885319106280803680e-02
5.636804699897766113e-01
4.637494981288909912e-01
-4.075914621353149414e-02
6.150051951408386230e-01
5.796318650245666504e-01
-4.596465080976486206e-02
5.271481275558471680e-01
5.858376622200012207e-01
-6.766693294048309326e-02
5.503801703453063965e-01
5.910616517066955566e-01
-7.511799037456512451e-02
5.860067605972290039e-01
5.905868411064147949e-01
-7.542839646339416504e-02
6.116109490394592285e-01
6.522485613822937012e-01
-5.218677222728729248e-02
5.191600322723388672e-01
6.409768462181091309e-01
-6.828495115041732788e-02
5.444310903549194336e-01
6.436282992362976074e-01
-6.658816337585449219e-02
5.798398852348327637e-01
6.512823700904846191e-01
-6.451345980167388916e-02
6.072309613227844238e-01
7.205325365066528320e-01
-5.673086643218994141e-02
5.224887728691101074e-01
7.019607424736022949e-01
-6.784367561340332031e-02
5.500987768173217773e-01
7.021105289459228516e-01
-5.288982018828392029e-02
5.837856531143188477e-01
7.074790596961975098e-01
-4.240242391824722290e-02
6.035555601119995117e-01
7.839899659156799316e-01
-6.087675690650939941e-02
5.344409346580505371e-01
7.563024759292602539e-01
-6.814324110746383667e-02
5.597456693649291992e-01
7.541125416755676270e-01
-5.407504737377166748e-02
5.887215137481689453e-01
7.605060935020446777e-01
-4.275440052151679993e-02
