7.533056139945983887e-01
4.435044527053833008e-01
-2.238131884269023431e-07
7.544119358062744141e-01
3.835210502147674561e-01
7.911865599453449249e-03
7.364100217819213867e-01
3.239577412605285645e-01
6.874259561300277710e-03
7.147645354270935059e-01
2.813711166381835938e-01
3.721226239576935768e-03
6.996365189552307129e-01
2.524986863136291504e-01
1.885037636384367943e-04
7.260923385620117188e-01
3.073720633983612061e-01
-1.100386679172515869e-02
6.666064858436584473e-01
2.769942283630371094e-01
-2.188889496028423309e-02
6.688442230224609375e-01
2.926975488662719727e-01
-2.625624276697635651e-02
6.846101284027099609e-01
3.076056838035583496e-01
-2.658449299633502960e-02
7.121549248695373535e-01
3.355420827865600586e-01
-1.873531751334667206e-02
6.525540947914123535e-01
3.032320439815521240e-01
-2.692414820194244385e-02
6.582937240600585938e-01
3.188382983207702637e-01
-2.607846632599830627e-02
6.752336025238037109e-01
3.332001268863677979e-01
-2.476800791919231415e-02
6.969286799430847168e-01
3.653614223003387451e-01
-2.523028478026390076e-02
6.429420113563537598e-01
3.321643471717834473e-01
-3.111433982849121094e-02
6.499973535537719727e-01
3.469589948654174805e-01
-2.361517585813999176e-02
6.661821007728576660e-01
3.603808581829071045e-01
-1.787465624511241913e-02
6.814799904823303223e-01
3.956840038299560547e-01
-3.067523427307605743e-02
6.395724415779113770e-01
3.642448186874389648e-01
-3.476705402135848999e-02
6.467427611351013184e-01
3.759932219982147217e-01
-2.748803608119487762e-02
6.614971160888671875e-01
3.900423049926757812e-01
-2.084239199757575989e-02
