5.166605114936828613e-01
7.818478345870971680e-01
2.435377552956197178e-07
4.924004375934600830e-01
7.491422295570373535e-01
-2.166120707988739014e-02
4.754199981689453125e-01
7.113856673240661621e-01
-3.991104662418365479e-02
4.563906490802764893e-01
6.872205734252929688e-01
-5.519079416990280151e-02
4.304995536804199219e-01
6.740043163299560547e-01
-7.166554033756256104e-02
5.183305740356445312e-01
7.185916900634765625e-01
-4.616185650229454041e-02
5.352764725685119629e-01
6.930106282234191895e-01
-6.458243727684020996e-02
5.506854057312011719e-01
6.679235696792602539e-01
-7.692794501781463623e-02
5.673631429672241211e-01
6.445831656455993652e-01
-8.555158972740173340e-02
5.471361875534057617e-01
7.324025034904479980e-01
-4.572112858295440674e-02
5.752072334289550781e-01
6.919044256210327148e-01
-5.970663577318191528e-02
5.942392349243164062e-01
6.554377675056457520e-01
-6.706563383340835571e-02
6.108466982841491699e-01
6.246929168701171875e-01
-7.466139644384384155e-02
5.696666836738586426e-01
7.435175180435180664e-01
-4.583637043833732605e-02
5.994412899017333984e-01
7.067022919654846191e-01
-5.898147076368331909e-02
6.184549927711486816e-01
6.727348566055297852e-01
-6.550258398056030273e-02
6.331337094306945801e-01
6.426568031311035156e-01
-7.091657817363739014e-02
5.850228667259216309e-01
7.544012665748596191e-01
-4.744330421090126038e-02
6.149551272392272949e-01
7.298941612243652344e-01
-5.691374465823173523e-02
6.329069137573242188e-01
7.085352540016174316e-01
-6.033227965235710144e-02
6.471058726310729980e-01
6.869341731071472168e-01
-6.422051042318344116e-02
