6.739509701728820801e-01
6.309360265731811523e-01
-2.082073713438603590e-08
6.669420599937438965e-01
5.679235458374023438e-01
-1.662766747176647186e-02
6.333971023559570312e-01
5.008385777473449707e-01
-3.131836652755737305e-02
5.957987308502197266e-01
4.627629816532135010e-01
-4.274419695138931274e-02
5.677648782730102539e-01
4.263926148414611816e-01
-5.339039117097854614e-02
6.100017428398132324e-01
5.242192149162292480e-01
-4.963363334536552429e-02
5.339010357856750488e-01
5.379468202590942383e-01
-7.108123600482940674e-02
5.471572279930114746e-01
5.447022318840026855e-01
-7.747390866279602051e-02
5.711692571640014648e-01
5.424658656120300293e-01
-7.789917290210723877e-02
6.050211787223815918e-01
5.789974331855773926e-01
-4.876116663217544556e-02
5.305579900741577148e-01
5.765960812568664551e-01
-6.742604821920394897e-02
5.459749698638916016e-01
5.812489986419677734e-01
-6.752222776412963867e-02
5.690847039222717285e-01
5.830565094947814941e-01
-6.612199544906616211e-02
5.984068512916564941e-01
6.287024021148681641e-01
-4.799397289752960205e-02
5.335317850112915039e-01
6.179470419883728027e-01
-6.252768635749816895e-02
5.452643632888793945e-01
6.216340065002441406e-01
-5.451130867004394531e-02
5.658822655677795410e-01
6.234220862388610840e-01
-4.734959453344345093e-02
5.904793143272399902e-01
6.717944145202636719e-01
-4.784508049488067627e-02
5.357541441917419434e-01
6.556133031845092773e-01
-5.817256495356559753e-02
5.470883250236511230e-01
6.563085317611694336e-01
-5.232195183634757996e-02
5.663800835609436035e-01
6.614721417427062988e-01
-4.617172107100486755e-02
