5.089147090911865234e-01
8.388289213180541992e-01
2.486137304913427215e-07
4.856348037719726562e-01
8.017197847366333008e-01
-2.334135025739669800e-02
4.718128144741058350e-01
7.691821455955505371e-01
-4.242040961980819702e-02
4.566294550895690918e-01
7.513221502304077148e-01
-5.829596891999244690e-02
4.337174892425537109e-01
7.459783554077148438e-01
-7.577935606241226196e-02
5.137639045715332031e-01
7.811461687088012695e-01
-4.792931303381919861e-02
5.301852226257324219e-01
7.612206935882568359e-01
-6.517120450735092163e-02
5.450572371482849121e-01
7.419163584709167480e-01
-7.721443474292755127e-02
5.603411197662353516e-01
7.240214943885803223e-01
-8.606085926294326782e-02
5.429537296295166016e-01
7.945203781127929688e-01
-4.704765230417251587e-02
5.734899640083312988e-01
7.614457011222839355e-01
-6.156996265053749084e-02
5.960065126419067383e-01
7.323612570762634277e-01
-7.037266343832015991e-02
6.152951717376708984e-01
7.077995538711547852e-01
-7.861523330211639404e-02
5.642293691635131836e-01
8.054710626602172852e-01
-4.664234071969985962e-02
5.973647236824035645e-01
7.731878757476806641e-01
-6.003684550523757935e-02
6.197313070297241211e-01
7.463297247886657715e-01
-6.909257918596267700e-02
6.384847164154052734e-01
7.215887904167175293e-01
-7.606016844511032104e-02
5.771918296813964844e-01
8.149560689926147461e-01
-4.764305800199508667e-02
6.074628829956054688e-01
7.924147248268127441e-01
-5.730628594756126404e-02
6.279792785644531250e-01
7.755935192108154297e-01
-6.169852986931800842e-02
6.447367668151855469e-01
7.601013779640197754e-01
-6.616209447383880615e-02
