4.943531453609466553e-01
8.494417071342468262e-01
2.411779007616132731e-07
4.690933525562286377e-01
8.151881098747253418e-01
-2.585143409669399261e-02
4.540306031703948975e-01
7.808725833892822266e-01
-4.602566361427307129e-02
4.386363029479980469e-01
7.628358006477355957e-01
-6.257130205631256104e-02
4.158105254173278809e-01
7.595766782760620117e-01
-8.039040863513946533e-02
4.943781793117523193e-01
8.001580238342285156e-01
-5.233124643564224243e-02
5.103111863136291504e-01
7.828468084335327148e-01
-7.093317061662673950e-02
5.232869386672973633e-01
7.635377049446105957e-01
-8.367234468460083008e-02
5.377260446548461914e-01
7.451498508453369141e-01
-9.309587627649307251e-02
5.253720879554748535e-01
8.099389672279357910e-01
-5.023630335927009583e-02
5.532187223434448242e-01
7.793418765068054199e-01
-6.562615185976028442e-02
5.737534761428833008e-01
7.502480745315551758e-01
-7.477547228336334229e-02
5.915814638137817383e-01
7.266028523445129395e-01
-8.363891392946243286e-02
5.483911633491516113e-01
8.170220255851745605e-01
-4.857025295495986938e-02
5.785041451454162598e-01
7.869421839714050293e-01
-6.245888769626617432e-02
5.980810523033142090e-01
7.608101367950439453e-01
-7.178957015275955200e-02
6.148058176040649414e-01
7.376038432121276855e-01
-7.921862602233886719e-02
5.630765557289123535e-01
8.235299587249755859e-01
-4.859318211674690247e-02
5.929226875305175781e-01
8.032674789428710938e-01
-5.846047773957252502e-02
6.129551529884338379e-01
7.872665524482727051e-01
-6.336624920368194580e-02
6.292673945426940918e-01
7.733605504035949707e-01
-6.848897784948348999e-02
