8.412719964981079102e-01
3.248441517353057861e-01
1.567899587939791672e-08
8.417807221412658691e-01
2.913980185985565186e-01
1.173699181526899338e-02
8.306745886802673340e-01
2.604866623878479004e-01
1.499272603541612625e-02
8.247401714324951172e-01
2.397490441799163818e-01
1.612715981900691986e-02
8.296183347702026367e-01
2.273970544338226318e-01
1.606057398021221161e-02
8.001996278762817383e-01
2.372284531593322754e-01
-1.073781051672995090e-03
7.671183347702026367e-01
2.055601775646209717e-01
-4.909605253487825394e-03
7.447609305381774902e-01
1.915774643421173096e-01
-5.356909707188606262e-03
7.274255156517028809e-01
1.830029785633087158e-01
-5.636637099087238312e-03
7.903004288673400879e-01
2.490005642175674438e-01
-1.038104947656393051e-02
7.467632889747619629e-01
2.152092009782791138e-01
-1.774411275982856750e-02
7.194485664367675781e-01
2.011246383190155029e-01
-1.974949054419994354e-02
6.981982588768005371e-01
1.925197541713714600e-01
-1.982867531478404999e-02
7.814026474952697754e-01
2.674954235553741455e-01
-1.803096383810043335e-02
7.372261285781860352e-01
2.374691665172576904e-01
-2.510920166969299316e-02
7.094235420227050781e-01
2.266265153884887695e-01
-2.845203317701816559e-02
6.871744990348815918e-01
2.197519242763519287e-01
-2.928220480680465698e-02
7.747481465339660645e-01
2.916717827320098877e-01
-2.391504868865013123e-02
7.382520437240600586e-01
2.744617164134979248e-01
-3.127583861351013184e-02
7.163529992103576660e-01
2.670471370220184326e-01
-3.387861698865890503e-02
6.979921460151672363e-01
2.618668377399444580e-01
-3.422670811414718628e-02
