3.787901401519775391e-01
7.553175687789916992e-01
1.856744944461752311e-07
3.495783507823944092e-01
7.230139970779418945e-01
-1.018627732992172241e-02
3.237488865852355957e-01
6.901366114616394043e-01
-2.117443270981311798e-02
2.997244298458099365e-01
6.751440167427062988e-01
-3.144940361380577087e-02
2.758077979087829590e-01
6.699243783950805664e-01
-4.287796840071678162e-02
3.596312105655670166e-01
6.955751776695251465e-01
-2.530141547322273254e-02
3.681963086128234863e-01
6.685083508491516113e-01
-3.755071014165878296e-02
3.755246996879577637e-01
6.453239321708679199e-01
-4.633033648133277893e-02
3.839405775070190430e-01
6.202684640884399414e-01
-5.305175483226776123e-02
3.884466588497161865e-01
7.045801877975463867e-01
-2.887282334268093109e-02
4.018864035606384277e-01
6.663704514503479004e-01
-3.737124428153038025e-02
4.122552573680877686e-01
6.375413537025451660e-01
-4.212483018636703491e-02
4.219235777854919434e-01
6.081567406654357910e-01
-4.817924275994300842e-02
4.109483957290649414e-01
7.112959623336791992e-01
-3.284914046525955200e-02
4.249650835990905762e-01
6.766686439514160156e-01
-4.254938662052154541e-02
4.354917705059051514e-01
6.512398719787597656e-01
-4.487231746315956116e-02
4.429956972599029541e-01
6.248229742050170898e-01
-4.763978347182273865e-02
4.276596903800964355e-01
7.179186940193176270e-01
-3.749369084835052490e-02
4.411657750606536865e-01
6.904024481773376465e-01
-4.348779097199440002e-02
4.492810964584350586e-01
6.713416576385498047e-01
-4.275452718138694763e-02
4.550573229789733887e-01
6.504245400428771973e-01
-4.397995397448539734e-02
