6.657699346542358398e-01
5.850076675415039062e-01
5.610114044429792557e-07
7.082315683364868164e-01
4.876369833946228027e-01
-3.436432778835296631e-02
7.204887866973876953e-01
3.912180066108703613e-01
-6.168054416775703430e-02
7.053245902061462402e-01
3.068126440048217773e-01
-8.069181442260742188e-02
6.875203251838684082e-01
2.381573319435119629e-01
-9.993924200534820557e-02
6.456626057624816895e-01
3.870978653430938721e-01
-8.903989195823669434e-02
5.668690204620361328e-01
2.851352691650390625e-01
-1.196930631995201111e-01
5.203044414520263672e-01
2.277948558330535889e-01
-1.318180263042449951e-01
4.846458137035369873e-01
1.819841116666793823e-01
-1.372867971658706665e-01
5.965293645858764648e-01
4.301685988903045654e-01
-8.367161452770233154e-02
5.106344223022460938e-01
3.191446959972381592e-01
-1.144250780344009399e-01
4.606845676898956299e-01
2.478640675544738770e-01
-1.254357248544692993e-01
4.267225265502929688e-01
1.939533203840255737e-01
-1.309027671813964844e-01
5.584471821784973145e-01
4.687351286411285400e-01
-7.695175707340240479e-02
4.852375686168670654e-01
3.653216063976287842e-01
-9.991255402565002441e-02
4.471516609191894531e-01
2.972061038017272949e-01
-1.086623668670654297e-01
4.227510988712310791e-01
2.434477210044860840e-01
-1.126853972673416138e-01
5.325570702552795410e-01
4.982708394527435303e-01
-7.143042236566543579e-02
4.757501184940338135e-01
4.217056334018707275e-01
-8.994268625974655151e-02
4.465864300727844238e-01
3.737714290618896484e-01
-9.639499336481094360e-02
4.268444478511810303e-01
3.322694897651672363e-01
-9.808205068111419678e-02
