7.230654954910278320e-01
5.854551792144775391e-01
5.854429900864488445e-07
7.630317807197570801e-01
4.815654456615447998e-01
-1.597637124359607697e-02
7.741038203239440918e-01
3.819977939128875732e-01
-3.570994734764099121e-02
7.624555230140686035e-01
2.922526597976684570e-01
-5.050717294216156006e-02
7.532824277877807617e-01
2.194142937660217285e-01
-6.632846593856811523e-02
7.007061839103698730e-01
3.612026274204254150e-01
-6.531732529401779175e-02
6.308231949806213379e-01
2.486646771430969238e-01
-8.784180134534835815e-02
5.904989242553710938e-01
1.900302916765213013e-01
-9.516021609306335449e-02
5.592763423919677734e-01
1.466258317232131958e-01
-9.758791327476501465e-02
6.490754485130310059e-01
4.028880596160888672e-01
-6.723731011152267456e-02
5.732604265213012695e-01
2.762853205204010010e-01
-9.056324511766433716e-02
5.343029499053955078e-01
2.051181793212890625e-01
-9.614483267068862915e-02
5.092948079109191895e-01
1.566755771636962891e-01
-9.767837077379226685e-02
6.082237958908081055e-01
4.500771164894104004e-01
-6.654503941535949707e-02
5.390191674232482910e-01
3.374890685081481934e-01
-8.338865637779235840e-02
5.083070993423461914e-01
2.709236443042755127e-01
-8.549758791923522949e-02
4.910543262958526611e-01
2.251463234424591064e-01
-8.541945368051528931e-02
5.808342695236206055e-01
4.968688488006591797e-01
-6.533736735582351685e-02
5.260009169578552246e-01
4.103070497512817383e-01
-7.616622745990753174e-02
5.081277489662170410e-01
3.707900941371917725e-01
-7.241445779800415039e-02
4.993124902248382568e-01
3.448942601680755615e-01
-6.697182357311248779e-02
