6.715911626815795898e-01
5.389349460601806641e-01
5.485997007781406865e-07
7.098319530487060547e-01
4.435280561447143555e-01
-2.914456836879253387e-02
7.185453772544860840e-01
3.459177017211914062e-01
-5.088116228580474854e-02
7.033210396766662598e-01
2.622461915016174316e-01
-6.607381999492645264e-02
6.870396137237548828e-01
1.955187767744064331e-01
-8.169917762279510498e-02
6.422933340072631836e-01
3.339620828628540039e-01
-6.941378116607666016e-02
5.748957991600036621e-01
2.324931621551513672e-01
-9.474648535251617432e-02
5.326934456825256348e-01
1.765591949224472046e-01
-1.059444025158882141e-01
4.997378289699554443e-01
1.338238120079040527e-01
-1.113384738564491272e-01
5.973562598228454590e-01
3.722628653049468994e-01
-6.537642329931259155e-02
5.239748954772949219e-01
2.644871473312377930e-01
-8.931293338537216187e-02
4.798535108566284180e-01
1.987336128950119019e-01
-9.890649467706680298e-02
4.475244879722595215e-01
1.497157663106918335e-01
-1.041574776172637939e-01
5.639151930809020996e-01
4.123928546905517578e-01
-6.069781631231307983e-02
4.972484409809112549e-01
3.175691664218902588e-01
-7.918537408113479614e-02
4.591974616050720215e-01
2.563146054744720459e-01
-8.705724775791168213e-02
4.323778748512268066e-01
2.088463753461837769e-01
-9.141311794519424438e-02
5.409145951271057129e-01
4.471604228019714355e-01
-5.715962871909141541e-02
4.929092526435852051e-01
3.714725077152252197e-01
-7.291719317436218262e-02
4.652524590492248535e-01
3.257115483283996582e-01
-7.819835841655731201e-02
4.446725845336914062e-01
2.880314290523529053e-01
-7.961387932300567627e-02
