7.013853192329406738e-01
4.620997011661529541e-01
4.003905473837221507e-07
7.415621876716613770e-01
3.676272034645080566e-01
-1.014681719243526459e-02
7.542949914932250977e-01
2.778761088848114014e-01
-2.227061428129673004e-02
7.445783615112304688e-01
1.985166072845458984e-01
-3.187568113207817078e-02
7.327854633331298828e-01
1.362512111663818359e-01
-4.222073033452033997e-02
6.834232211112976074e-01
2.421060204505920410e-01
-3.981592133641242981e-02
6.281386017799377441e-01
1.449266672134399414e-01
-5.637501925230026245e-02
5.939815640449523926e-01
9.505076706409454346e-02
-6.399422883987426758e-02
5.667474865913391113e-01
5.814801156520843506e-02
-6.770183891057968140e-02
6.393064260482788086e-01
2.736679017543792725e-01
-4.256027564406394958e-02
5.782126188278198242e-01
1.707704961299896240e-01
-5.800908431410789490e-02
5.436254143714904785e-01
1.132290810346603394e-01
-6.416443735361099243e-02
5.203839540481567383e-01
7.418903708457946777e-02
-6.767925620079040527e-02
6.038839221000671387e-01
3.141352832317352295e-01
-4.382634162902832031e-02
5.478461384773254395e-01
2.243579030036926270e-01
-5.472592636942863464e-02
5.194780826568603516e-01
1.722023934125900269e-01
-5.766260251402854919e-02
5.023363828659057617e-01
1.362492591142654419e-01
-5.935297533869743347e-02
5.782868266105651855e-01
3.572718799114227295e-01
-4.491468518972396851e-02
5.361732244491577148e-01
2.840301990509033203e-01
-5.280237272381782532e-02
5.161569118499755859e-01
2.435894161462783813e-01
-5.189942196011543274e-02
5.039633512496948242e-01
2.123062610626220703e-01
-4.944951087236404419e-02
