3.743340373039245605e-01
8.901057839393615723e-01
5.765977206806383037e-08
3.295261859893798828e-01
8.283128142356872559e-01
-1.382147967815399170e-01
3.118682503700256348e-01
7.954759001731872559e-01
-2.362325936555862427e-01
3.068504929542541504e-01
7.867352366447448730e-01
-3.126388788223266602e-01
2.957311868667602539e-01
7.766659259796142578e-01
-3.873583078384399414e-01
3.988624811172485352e-01
9.050431847572326660e-01
-2.421326786279678345e-01
4.812252223491668701e-01
8.710187077522277832e-01
-3.330878913402557373e-01
5.308405756950378418e-01
8.173282146453857422e-01
-3.845310211181640625e-01
5.725757479667663574e-01
7.548849582672119141e-01
-4.158464968204498291e-01
4.498775303363800049e-01
9.587502479553222656e-01
-2.058134824037551880e-01
5.435404181480407715e-01
9.047294855117797852e-01
-2.926464378833770752e-01
6.039777398109436035e-01
8.384622335433959961e-01
-3.370855748653411865e-01
6.564005613327026367e-01
7.722253799438476562e-01
-3.709931075572967529e-01
4.864619374275207520e-01
9.886040091514587402e-01
-1.736236065626144409e-01
5.681061744689941406e-01
9.430872201919555664e-01
-2.459082305431365967e-01
6.318609118461608887e-01
8.839240670204162598e-01
-2.836446166038513184e-01
6.809535026550292969e-01
8.174958825111389160e-01
-3.096798658370971680e-01
5.134930610656738281e-01
1.001331329345703125e+00
-1.499021798372268677e-01
5.822249054908752441e-01
9.807770848274230957e-01
-2.008403390645980835e-01
6.296486258506774902e-01
9.512849450111389160e-01
-2.308379262685775757e-01
6.681623458862304688e-01
9.159724712371826172e-01
-2.551563978195190430e-01
