6.051705479621887207e-01
5.238457322120666504e-01
2.611142804198607337e-07
6.321003437042236328e-01
4.833514392375946045e-01
-2.391391061246395111e-02
6.420259475708007812e-01
4.371000826358795166e-01
-3.695894032716751099e-02
6.400714516639709473e-01
3.977737724781036377e-01
-4.587447270750999451e-02
6.405059099197387695e-01
3.639201819896697998e-01
-5.431930720806121826e-02
5.889948606491088867e-01
4.265014231204986572e-01
-3.410229831933975220e-02
5.647901892662048340e-01
3.843827843666076660e-01
-4.823219776153564453e-02
5.488347411155700684e-01
3.556652367115020752e-01
-5.720116943120956421e-02
5.366014838218688965e-01
3.301802873611450195e-01
-6.316565722227096558e-02
5.639175772666931152e-01
4.376206994056701660e-01
-2.832833677530288696e-02
5.334373116493225098e-01
3.927822709083557129e-01
-4.133214429020881653e-02
5.156404376029968262e-01
3.587439358234405518e-01
-4.917602986097335815e-02
5.016774535179138184e-01
3.296999931335449219e-01
-5.451089143753051758e-02
5.469518303871154785e-01
4.501485824584960938e-01
-2.360692061483860016e-02
5.179961323738098145e-01
4.090888500213623047e-01
-3.547369688749313354e-02
5.021423101425170898e-01
3.778810203075408936e-01
-4.208819568157196045e-02
4.901923835277557373e-01
3.512967228889465332e-01
-4.575226455926895142e-02
5.361596941947937012e-01
4.613901078701019287e-01
-2.054149284958839417e-02
5.123088359832763672e-01
4.283516407012939453e-01
-3.114037960767745972e-02
4.988890588283538818e-01
4.042418301105499268e-01
-3.631670027971267700e-02
4.892365932464599609e-01
3.830890357494354248e-01
-3.880373015999794006e-02
