6.761186122894287109e-01
5.185822844505310059e-01
5.331315264811564703e-07
7.137854099273681641e-01
4.220280051231384277e-01
-2.420275472104549408e-02
7.214055657386779785e-01
3.267152607440948486e-01
-4.351454973220825195e-02
7.056671977043151855e-01
2.461972832679748535e-01
-5.723058804869651794e-02
6.890046596527099609e-01
1.810874640941619873e-01
-7.118978351354598999e-02
6.442526578903198242e-01
3.083310723304748535e-01
-6.006787344813346863e-02
5.779567956924438477e-01
2.100275158882141113e-01
-8.273608982563018799e-02
5.367561578750610352e-01
1.565252393484115601e-01
-9.301985800266265869e-02
5.035598278045654297e-01
1.157390028238296509e-01
-9.821009635925292969e-02
5.992639064788818359e-01
3.474187552928924561e-01
-5.756697803735733032e-02
5.280718803405761719e-01
2.428501993417739868e-01
-8.017977327108383179e-02
4.856870770454406738e-01
1.809912621974945068e-01
-8.959438651800155640e-02
4.541975259780883789e-01
1.344499737024307251e-01
-9.465041011571884155e-02
5.642711520195007324e-01
3.887766599655151367e-01
-5.409343913197517395e-02
4.998050332069396973e-01
2.969443202018737793e-01
-7.110663503408432007e-02
4.650622606277465820e-01
2.393392324447631836e-01
-7.731077075004577637e-02
4.406205415725708008e-01
1.944424659013748169e-01
-8.059740066528320312e-02
5.398739576339721680e-01
4.260585904121398926e-01
-5.139417201280593872e-02
4.939114451408386230e-01
3.542623817920684814e-01
-6.528455764055252075e-02
4.717179536819458008e-01
3.141262531280517578e-01
-6.795723736286163330e-02
4.558616876602172852e-01
2.804443836212158203e-01
-6.739812344312667847e-02
