6.760779023170471191e-01
5.078749060630798340e-01
5.355184384825406596e-07
7.138082981109619141e-01
4.082645773887634277e-01
-2.578324824571609497e-02
7.227596044540405273e-01
3.113232851028442383e-01
-4.616129770874977112e-02
7.076458930969238281e-01
2.304775714874267578e-01
-6.121909245848655701e-02
6.903369426727294922e-01
1.646338552236557007e-01
-7.693848758935928345e-02
6.445808410644531250e-01
2.909450531005859375e-01
-6.141324713826179504e-02
5.786607265472412109e-01
1.925365626811981201e-01
-8.574768900871276855e-02
5.367024540901184082e-01
1.389918923377990723e-01
-9.807842224836349487e-02
5.024542808532714844e-01
9.756745398044586182e-02
-1.049508526921272278e-01
5.982155799865722656e-01
3.307566940784454346e-01
-5.966410040855407715e-02
5.264381170272827148e-01
2.265659272670745850e-01
-8.240002393722534180e-02
4.831401109695434570e-01
1.639371067285537720e-01
-9.358188509941101074e-02
4.507676362991333008e-01
1.177539676427841187e-01
-1.005396470427513123e-01
5.624266862869262695e-01
3.759241998195648193e-01
-5.729734152555465698e-02
4.976686239242553711e-01
2.845048308372497559e-01
-7.462204992771148682e-02
4.610952734947204590e-01
2.258786410093307495e-01
-8.274901658296585083e-02
4.349485635757446289e-01
1.812388598918914795e-01
-8.803448826074600220e-02
5.376998782157897949e-01
4.176835417747497559e-01
-5.589834228157997131e-02
4.905882775783538818e-01
3.505069017410278320e-01
-7.103562355041503906e-02
4.648832976818084717e-01
3.101897537708282471e-01
-7.551276683807373047e-02
4.455997347831726074e-01
2.767099738121032715e-01
-7.655912637710571289e-02
