6.050029397010803223e-01
4.868215918540954590e-01
2.589018492926697945e-07
6.304220557212829590e-01
4.401494264602661133e-01
-1.830032654106616974e-02
6.368251442909240723e-01
3.918313384056091309e-01
-2.966730669140815735e-02
6.328619122505187988e-01
3.511539101600646973e-01
-3.802850842475891113e-02
6.350820064544677734e-01
3.171486854553222656e-01
-4.638348519802093506e-02
5.870517492294311523e-01
3.770066499710083008e-01
-3.025140799582004547e-02
5.598376989364624023e-01
3.308938145637512207e-01
-4.357764124870300293e-02
5.439684987068176270e-01
3.008688688278198242e-01
-5.192295834422111511e-02
5.317641496658325195e-01
2.747440338134765625e-01
-5.747256055474281311e-02
5.636721253395080566e-01
3.906440138816833496e-01
-2.734383940696716309e-02
5.316892266273498535e-01
3.417375385761260986e-01
-4.049372673034667969e-02
5.122476816177368164e-01
3.067560493946075439e-01
-4.875951632857322693e-02
4.969421625137329102e-01
2.771435379981994629e-01
-5.433354899287223816e-02
5.469973087310791016e-01
4.070044159889221191e-01
-2.485136501491069794e-02
5.181721448898315430e-01
3.622991740703582764e-01
-3.608556091785430908e-02
5.010500550270080566e-01
3.309420347213745117e-01
-4.288928210735321045e-02
4.882263243198394775e-01
3.047245144844055176e-01
-4.696968197822570801e-02
5.361321568489074707e-01
4.234433174133300781e-01
-2.351695112884044647e-02
5.122461318969726562e-01
3.902968764305114746e-01
-3.349543735384941101e-02
4.976145029067993164e-01
3.688076436519622803e-01
-3.841996192932128906e-02
4.862402677536010742e-01
3.505554199218750000e-01
-4.084949567914009094e-02
