6.936249732971191406e-01
4.720165133476257324e-01
2.822005455982434796e-07
7.284561395645141602e-01
3.825601637363433838e-01
-9.164278395473957062e-03
7.377929091453552246e-01
2.870364785194396973e-01
-2.002091705799102783e-02
7.276712656021118164e-01
2.089427113533020020e-01
-2.958793751895427704e-02
7.217346429824829102e-01
1.478646099567413330e-01
-4.062290117144584656e-02
6.728193163871765137e-01
2.557369172573089600e-01
-3.609614819288253784e-02
6.225957274436950684e-01
1.611409187316894531e-01
-5.489280819892883301e-02
5.898229479789733887e-01
1.094794422388076782e-01
-6.454327702522277832e-02
5.627505779266357422e-01
7.211463153362274170e-02
-6.993032246828079224e-02
6.352816224098205566e-01
2.822327017784118652e-01
-4.171149060130119324e-02
5.785869359970092773e-01
1.812812834978103638e-01
-6.051056459546089172e-02
5.408513545989990234e-01
1.220974773168563843e-01
-6.997368484735488892e-02
5.112342834472656250e-01
8.066801726818084717e-02
-7.607884705066680908e-02
6.022226810455322266e-01
3.163561224937438965e-01
-4.649714007973670959e-02
5.486189723014831543e-01
2.218539267778396606e-01
-6.222300231456756592e-02
5.157255530357360840e-01
1.653689146041870117e-01
-6.925713270902633667e-02
4.904429614543914795e-01
1.248744875192642212e-01
-7.313244044780731201e-02
5.724611282348632812e-01
3.558504581451416016e-01
-5.100101977586746216e-02
5.278430581092834473e-01
2.760599553585052490e-01
-6.557420641183853149e-02
5.002030730247497559e-01
2.281258702278137207e-01
-7.061399519443511963e-02
4.777374863624572754e-01
1.898044347763061523e-01
-7.194578647613525391e-02
