6.781408190727233887e-01
5.226727128028869629e-01
5.364881303648871835e-07
7.142363190650939941e-01
4.252217411994934082e-01
-2.362436801195144653e-02
7.219718098640441895e-01
3.283150196075439453e-01
-4.310911148786544800e-02
7.060905694961547852e-01
2.469674199819564819e-01
-5.698217824101448059e-02
6.898723244667053223e-01
1.809707283973693848e-01
-7.116997987031936646e-02
6.460099220275878906e-01
3.097710907459259033e-01
-6.116268411278724670e-02
5.804033279418945312e-01
2.108643054962158203e-01
-8.433935791254043579e-02
5.394396185874938965e-01
1.571180075407028198e-01
-9.487254172563552856e-02
5.061404109001159668e-01
1.156469136476516724e-01
-1.001964658498764038e-01
6.010891795158386230e-01
3.489529788494110107e-01
-5.919308960437774658e-02
5.298362970352172852e-01
2.434034645557403564e-01
-8.246190845966339111e-02
4.871729612350463867e-01
1.809424012899398804e-01
-9.223062545061111450e-02
4.555428028106689453e-01
1.337576806545257568e-01
-9.754388034343719482e-02
5.660368800163269043e-01
3.904582560062408447e-01
-5.607800185680389404e-02
5.017334222793579102e-01
2.984923422336578369e-01
-7.331147044897079468e-02
4.663649201393127441e-01
2.401784360408782959e-01
-7.975438982248306274e-02
4.414768815040588379e-01
1.947239041328430176e-01
-8.324030041694641113e-02
5.414779186248779297e-01
4.283628463745117188e-01
-5.366415157914161682e-02
4.957012832164764404e-01
3.555754423141479492e-01
-6.733501702547073364e-02
4.732055664062500000e-01
3.151941597461700439e-01
-6.991334259510040283e-02
4.567245244979858398e-01
2.814028859138488770e-01
-6.934247910976409912e-02
