6.936813592910766602e-01
4.682231545448303223e-01
4.512895657171611674e-07
7.366157770156860352e-01
3.771891295909881592e-01
-1.854012161493301392e-02
7.497012019157409668e-01
2.866581380367279053e-01
-3.451736643910408020e-02
7.374692559242248535e-01
2.080692946910858154e-01
-4.634542390704154968e-02
7.251793146133422852e-01
1.436893343925476074e-01
-5.875897780060768127e-02
6.760000586509704590e-01
2.557432353496551514e-01
-4.941558092832565308e-02
6.172236800193786621e-01
1.592301726341247559e-01
-6.872235238552093506e-02
5.806857943534851074e-01
1.075493395328521729e-01
-7.739791274070739746e-02
5.515003800392150879e-01
6.946824491024017334e-02
-8.173917233943939209e-02
6.315455436706542969e-01
2.904217839241027832e-01
-4.917302355170249939e-02
5.661979913711547852e-01
1.884609758853912354e-01
-6.748343259096145630e-02
5.291246175765991211e-01
1.294250935316085815e-01
-7.459668070077896118e-02
5.035704970359802246e-01
8.743566274642944336e-02
-7.854505628347396851e-02
5.963945388793945312e-01
3.317796885967254639e-01
-4.807185381650924683e-02
5.375448465347290039e-01
2.420090883970260620e-01
-6.207662820816040039e-02
5.086463689804077148e-01
1.864568889141082764e-01
-6.580604612827301025e-02
4.908571243286132812e-01
1.446535289287567139e-01
-6.768480688333511353e-02
5.706346035003662109e-01
3.727217018604278564e-01
-4.745359718799591064e-02
5.282199978828430176e-01
2.994711101055145264e-01
-5.928960442543029785e-02
5.085192918777465820e-01
2.573752999305725098e-01
-6.039447337388992310e-02
4.958236217498779297e-01
2.225903868675231934e-01
-5.891723930835723877e-02
