5.697496533393859863e-01
6.336958408355712891e-01
3.278054805377905723e-07
5.872592926025390625e-01
5.867943167686462402e-01
-2.277642115950584412e-02
5.878040790557861328e-01
5.422936677932739258e-01
-3.642342984676361084e-02
5.794200897216796875e-01
5.140043497085571289e-01
-4.603414610028266907e-02
5.742593407630920410e-01
4.990813434123992920e-01
-5.501785129308700562e-02
5.317972898483276367e-01
5.555980801582336426e-01
-3.750126436352729797e-02
4.961622655391693115e-01
5.255327820777893066e-01
-5.379642546176910400e-02
4.758977293968200684e-01
5.012233853340148926e-01
-6.387566775083541870e-02
4.600111246109008789e-01
4.788137674331665039e-01
-6.955920159816741943e-02
5.122983455657958984e-01
5.727005600929260254e-01
-3.237795829772949219e-02
4.697332382202148438e-01
5.352270007133483887e-01
-4.836435988545417786e-02
4.446430802345275879e-01
5.029882788658142090e-01
-5.787406116724014282e-02
4.260635375976562500e-01
4.752554595470428467e-01
-6.307817250490188599e-02
4.997740387916564941e-01
5.831010937690734863e-01
-2.762573026120662689e-02
4.603195488452911377e-01
5.468198060989379883e-01
-4.048303142189979553e-02
4.391473531723022461e-01
5.141952633857727051e-01
-4.834508895874023438e-02
4.242142736911773682e-01
4.865720272064208984e-01
-5.195305496454238892e-02
4.929336309432983398e-01
5.882483124732971191e-01
-2.437686547636985779e-02
4.652051329612731934e-01
5.568333268165588379e-01
-3.306552767753601074e-02
4.495974779129028320e-01
5.322079062461853027e-01
-3.678611665964126587e-02
4.384633302688598633e-01
5.111612677574157715e-01
-3.809230402112007141e-02
