3.938285708427429199e-01
1.001122355461120605e+00
9.417049113835673779e-07
3.450354933738708496e-01
9.174477458000183105e-01
-8.375372737646102905e-02
3.227188885211944580e-01
8.443307876586914062e-01
-1.483951658010482788e-01
3.039007782936096191e-01
7.968404889106750488e-01
-1.973221749067306519e-01
2.679972648620605469e-01
7.647392153739929199e-01
-2.487201690673828125e-01
4.146808087825775146e-01
8.877425789833068848e-01
-1.817073523998260498e-01
4.845748245716094971e-01
8.182642459869384766e-01
-2.448425143957138062e-01
5.383692383766174316e-01
7.653486132621765137e-01
-2.795970141887664795e-01
5.846613049507141113e-01
7.197326421737670898e-01
-3.010114431381225586e-01
4.707558453083038330e-01
9.417999386787414551e-01
-1.645266264677047729e-01
5.613677501678466797e-01
8.450125455856323242e-01
-2.213494330644607544e-01
6.226267814636230469e-01
7.746825814247131348e-01
-2.448920011520385742e-01
6.700625419616699219e-01
7.177410125732421875e-01
-2.614546418190002441e-01
5.128679275512695312e-01
9.744896292686462402e-01
-1.477279067039489746e-01
5.937991142272949219e-01
8.834043741226196289e-01
-1.949657350778579712e-01
6.476158499717712402e-01
8.140369057655334473e-01
-2.168549597263336182e-01
6.875637769699096680e-01
7.586429119110107422e-01
-2.301837652921676636e-01
5.417273044586181641e-01
9.876939654350280762e-01
-1.355884969234466553e-01
6.068265438079833984e-01
9.359081387519836426e-01
-1.743709146976470947e-01
6.466460227966308594e-01
8.969830274581909180e-01
-1.933102756738662720e-01
6.778651475906372070e-01
8.594889044761657715e-01
-2.056168168783187866e-01
