6.058187484741210938e-01
4.879295527935028076e-01
2.839887258687667781e-07
6.301020979881286621e-01
4.409553110599517822e-01
-1.759010367095470428e-02
6.368688344955444336e-01
3.910716176033020020e-01
-2.898477949202060699e-02
6.340025067329406738e-01
3.508083224296569824e-01
-3.735520690679550171e-02
6.344528794288635254e-01
3.175095915794372559e-01
-4.569287970662117004e-02
5.879485011100769043e-01
3.783084154129028320e-01
-3.146591782569885254e-02
5.603582262992858887e-01
3.316523134708404541e-01
-4.551803320646286011e-02
5.442670583724975586e-01
3.008630275726318359e-01
-5.404440686106681824e-02
5.318170785903930664e-01
2.741207778453826904e-01
-5.954519286751747131e-02
5.639204382896423340e-01
3.926824033260345459e-01
-2.915160916745662689e-02
5.317575931549072266e-01
3.426848948001861572e-01
-4.268790036439895630e-02
5.118930935859680176e-01
3.066585659980773926e-01
-5.078811943531036377e-02
4.963192343711853027e-01
2.756815552711486816e-01
-5.633922666311264038e-02
5.464237332344055176e-01
4.093228280544281006e-01
-2.715839818120002747e-02
5.180663466453552246e-01
3.637398779392242432e-01
-3.849403560161590576e-02
5.011596679687500000e-01
3.316508829593658447e-01
-4.475768283009529114e-02
4.885394573211669922e-01
3.041256964206695557e-01
-4.855109006166458130e-02
5.346845388412475586e-01
4.255199730396270752e-01
-2.628014236688613892e-02
5.102748274803161621e-01
3.920184075832366943e-01
-3.601285070180892944e-02
4.958277344703674316e-01
3.705876767635345459e-01
-4.031563550233840942e-02
4.847898185253143311e-01
3.518148660659790039e-01
-4.236293956637382507e-02
