6.044921278953552246e-01
3.492359817028045654e-01
2.146251034673696267e-07
6.346597671508789062e-01
3.123554587364196777e-01
-1.314373873174190521e-02
6.469956636428833008e-01
2.641573846340179443e-01
-1.970837451517581940e-02
6.486016511917114258e-01
2.205923199653625488e-01
-2.383378520607948303e-02
6.530616283416748047e-01
1.864933073520660400e-01
-2.756652608513832092e-02
6.039231419563293457e-01
2.293063700199127197e-01
-1.572611369192600250e-02
5.839271545410156250e-01
1.785935759544372559e-01
-2.120161242783069611e-02
5.720363855361938477e-01
1.503675282001495361e-01
-2.518747933208942413e-02
5.631107687950134277e-01
1.281521916389465332e-01
-2.806409075856208801e-02
5.811067819595336914e-01
2.380610257387161255e-01
-1.249705161899328232e-02
5.616459846496582031e-01
1.880689561367034912e-01
-1.614416018128395081e-02
5.501567721366882324e-01
1.562143564224243164e-01
-1.967695727944374084e-02
5.419383049011230469e-01
1.317504495382308960e-01
-2.267869375646114349e-02
5.638868808746337891e-01
2.519164681434631348e-01
-9.955992922186851501e-03
5.468506217002868652e-01
2.063450366258621216e-01
-1.317870244383811951e-02
5.372751951217651367e-01
1.782512068748474121e-01
-1.671669259667396545e-02
5.307989716529846191e-01
1.557644903659820557e-01
-1.972044631838798523e-02
5.517504215240478516e-01
2.673363387584686279e-01
-8.414550684392452240e-03
5.385471582412719727e-01
2.346262633800506592e-01
-1.229574251919984818e-02
5.306955575942993164e-01
2.170490920543670654e-01
-1.424087584018707275e-02
5.250768065452575684e-01
2.022985070943832397e-01
-1.510323025286197662e-02
