6.756207942962646484e-01
4.129109680652618408e-01
5.395995685830712318e-07
7.171576023101806641e-01
3.438408374786376953e-01
-2.628296054899692535e-02
7.365525960922241211e-01
2.690747082233428955e-01
-4.522595927119255066e-02
7.430667877197265625e-01
2.019834816455841064e-01
-5.992666259407997131e-02
7.547287940979003906e-01
1.489521563053131104e-01
-7.561721652746200562e-02
6.643065810203552246e-01
2.527399361133575439e-01
-5.405435338616371155e-02
6.353771686553955078e-01
1.673502177000045776e-01
-7.678654789924621582e-02
6.161164045333862305e-01
1.133829206228256226e-01
-8.954194188117980957e-02
6.002997159957885742e-01
6.797756254673004150e-02
-9.771730005741119385e-02
6.220238804817199707e-01
2.700985670089721680e-01
-5.180794373154640198e-02
5.812407732009887695e-01
1.809096485376358032e-01
-7.249017804861068726e-02
5.565927624702453613e-01
1.202710419893264771e-01
-8.396893739700317383e-02
5.362652540206909180e-01
7.037368416786193848e-02
-9.200303256511688232e-02
5.905420780181884766e-01
2.957606613636016846e-01
-4.960598051548004150e-02
5.502766370773315430e-01
2.208540886640548706e-01
-6.708493083715438843e-02
5.270204544067382812e-01
1.673859953880310059e-01
-7.657767832279205322e-02
5.093388557434082031e-01
1.216408088803291321e-01
-8.281320333480834961e-02
5.692237615585327148e-01
3.224530816078186035e-01
-4.883546754717826843e-02
5.381779074668884277e-01
2.666302919387817383e-01
-6.421938538551330566e-02
5.203505754470825195e-01
2.292702347040176392e-01
-7.072125375270843506e-02
5.067068934440612793e-01
1.961769908666610718e-01
-7.413750886917114258e-02
