3.611510992050170898e-01
7.941775918006896973e-01
-1.446603477006647154e-07
3.268035650253295898e-01
7.934067845344543457e-01
-2.381189912557601929e-02
2.995696365833282471e-01
8.034794926643371582e-01
-4.111747816205024719e-02
2.744276523590087891e-01
8.158150911331176758e-01
-5.668631941080093384e-02
2.480612844228744507e-01
8.285505771636962891e-01
-7.360371947288513184e-02
3.389974236488342285e-01
8.517194390296936035e-01
-3.315367177128791809e-02
3.476029336452484131e-01
8.515889048576354980e-01
-5.476444214582443237e-02
3.630433678627014160e-01
8.469690680503845215e-01
-7.342237234115600586e-02
3.820509314537048340e-01
8.421760201454162598e-01
-8.475625514984130859e-02
3.676460385322570801e-01
8.596949577331542969e-01
-2.969541028141975403e-02
3.846475183963775635e-01
8.543738722801208496e-01
-4.594282060861587524e-02
4.009717106819152832e-01
8.423587083816528320e-01
-5.863905698060989380e-02
4.168643951416015625e-01
8.314483165740966797e-01
-6.798487156629562378e-02
3.900649845600128174e-01
8.573881387710571289e-01
-2.770584821701049805e-02
4.091672599315643311e-01
8.513630032539367676e-01
-4.106066003441810608e-02
4.203231334686279297e-01
8.398919701576232910e-01
-4.696700349450111389e-02
4.301150739192962646e-01
8.291653990745544434e-01
-5.092246085405349731e-02
4.074836373329162598e-01
8.474548459053039551e-01
-2.780375629663467407e-02
4.237016439437866211e-01
8.430468440055847168e-01
-3.574718534946441650e-02
4.323915243148803711e-01
8.360363841056823730e-01
-3.592696413397789001e-02
4.395188987255096436e-01
8.304330110549926758e-01
-3.591869026422500610e-02
