3.449425101280212402e-01
7.373127937316894531e-01
-2.318384275667995098e-07
3.135278522968292236e-01
7.417629957199096680e-01
-1.576917991042137146e-02
2.901118993759155273e-01
7.480614781379699707e-01
-2.927958779036998749e-02
2.705977261066436768e-01
7.547241449356079102e-01
-4.229195415973663330e-02
2.495422065258026123e-01
7.657555937767028809e-01
-5.621380731463432312e-02
3.300034999847412109e-01
7.711130380630493164e-01
-2.513194829225540161e-02
3.341791033744812012e-01
7.680571675300598145e-01
-4.405850544571876526e-02
3.441227674484252930e-01
7.570481896400451660e-01
-5.906322598457336426e-02
3.560344874858856201e-01
7.430091500282287598e-01
-6.710548698902130127e-02
3.581074178218841553e-01
7.765833735466003418e-01
-2.339101210236549377e-02
3.697443008422851562e-01
7.631219625473022461e-01
-3.854735195636749268e-02
3.810054957866668701e-01
7.404447197914123535e-01
-4.912355542182922363e-02
3.905307650566101074e-01
7.190117239952087402e-01
-5.584665760397911072e-02
3.795943856239318848e-01
7.770029902458190918e-01
-2.246394753456115723e-02
3.955254852771759033e-01
7.644580602645874023e-01
-3.431667387485504150e-02
4.046242237091064453e-01
7.462461590766906738e-01
-4.005730524659156799e-02
4.120593965053558350e-01
7.308336496353149414e-01
-4.277254268527030945e-02
3.947323262691497803e-01
7.735890746116638184e-01
-2.266081236302852631e-02
4.116430580615997314e-01
7.685976028442382812e-01
-2.793810889124870300e-02
4.213840961456298828e-01
7.603892683982849121e-01
-2.748274803161621094e-02
4.294255077838897705e-01
7.549400329589843750e-01
-2.676800824701786041e-02
