7.045834064483642578e-01
7.357736825942993164e-01
9.446624176234763581e-07
7.476963996887207031e-01
6.545567512512207031e-01
-7.773510366678237915e-02
7.617003917694091797e-01
5.696436762809753418e-01
-1.283094882965087891e-01
7.560438513755798340e-01
4.978102743625640869e-01
-1.649742722511291504e-01
7.410533428192138672e-01
4.269092082977294922e-01
-2.026959359645843506e-01
6.487048268318176270e-01
5.676056742668151855e-01
-1.283226609230041504e-01
5.809370279312133789e-01
4.827414751052856445e-01
-1.762426197528839111e-01
5.331770181655883789e-01
4.223113954067230225e-01
-2.061022371053695679e-01
4.959638118743896484e-01
3.738692998886108398e-01
-2.237787246704101562e-01
6.086926460266113281e-01
6.143399477005004883e-01
-1.063325926661491394e-01
5.377109646797180176e-01
5.279085040092468262e-01
-1.515864133834838867e-01
4.888916611671447754e-01
4.527166485786437988e-01
-1.793513149023056030e-01
4.515380263328552246e-01
3.923575878143310547e-01
-1.971550732851028442e-01
5.812552571296691895e-01
6.526660919189453125e-01
-8.604993671178817749e-02
5.126118659973144531e-01
5.766773819923400879e-01
-1.209881156682968140e-01
4.669901728630065918e-01
5.081847310066223145e-01
-1.407968848943710327e-01
4.351186752319335938e-01
4.505356848239898682e-01
-1.522735208272933960e-01
5.638347268104553223e-01
6.826009154319763184e-01
-7.071388512849807739e-02
5.045728683471679688e-01
6.222329139709472656e-01
-9.737440198659896851e-02
4.656333029270172119e-01
5.694777369499206543e-01
-1.113223955035209656e-01
4.386518001556396484e-01
5.227243304252624512e-01
-1.192618086934089661e-01
