6.983743309974670410e-01
4.482069015502929688e-01
2.875414679692767095e-07
7.358026504516601562e-01
3.663949072360992432e-01
-1.906670257449150085e-02
7.491496801376342773e-01
2.745352387428283691e-01
-3.171929717063903809e-02
7.362269163131713867e-01
2.000615149736404419e-01
-4.162686318159103394e-02
7.250208258628845215e-01
1.396953612565994263e-01
-5.206117033958435059e-02
6.743439435958862305e-01
2.307973802089691162e-01
-3.419413790106773376e-02
6.252759099006652832e-01
1.426962614059448242e-01
-5.316065996885299683e-02
5.898338556289672852e-01
9.772831201553344727e-02
-6.538133323192596436e-02
5.613383650779724121e-01
6.661832332611083984e-02
-7.283961772918701172e-02
6.358371973037719727e-01
2.566048800945281982e-01
-3.426857665181159973e-02
5.800457000732421875e-01
1.662728786468505859e-01
-5.125683918595314026e-02
5.421326160430908203e-01
1.134564727544784546e-01
-6.289788335561752319e-02
5.132337212562561035e-01
7.688234746456146240e-02
-7.139561325311660767e-02
6.040883064270019531e-01
2.900457978248596191e-01
-3.511889278888702393e-02
5.501878261566162109e-01
2.047807574272155762e-01
-5.075590685009956360e-02
5.151737928390502930e-01
1.537028849124908447e-01
-6.108529493212699890e-02
4.886985123157501221e-01
1.177853792905807495e-01
-6.780023127794265747e-02
5.772742033004760742e-01
3.276187181472778320e-01
-3.670282289385795593e-02
5.307834744453430176e-01
2.611069083213806152e-01
-5.255293473601341248e-02
5.019772052764892578e-01
2.198847234249114990e-01
-6.064596399664878845e-02
4.789940118789672852e-01
1.850973367691040039e-01
-6.440050154924392700e-02
