6.959567666053771973e-01
4.613448381423950195e-01
4.524164864960766863e-07
7.379593849182128906e-01
3.689189553260803223e-01
-1.558632776141166687e-02
7.492767572402954102e-01
2.779501974582672119e-01
-3.025470674037933350e-02
7.363127470016479492e-01
1.986157447099685669e-01
-4.104782640933990479e-02
7.243213653564453125e-01
1.346700042486190796e-01
-5.258401855826377869e-02
6.761752367019653320e-01
2.452690601348876953e-01
-4.752201214432716370e-02
6.170862317085266113e-01
1.491165757179260254e-01
-6.493700295686721802e-02
5.815190076828002930e-01
9.806278347969055176e-02
-7.192703336477279663e-02
5.541969537734985352e-01
6.077817082405090332e-02
-7.505764812231063843e-02
6.318382024765014648e-01
2.803624272346496582e-01
-4.787727072834968567e-02
5.665377974510192871e-01
1.771324574947357178e-01
-6.468240171670913696e-02
5.299434661865234375e-01
1.177779734134674072e-01
-7.037465274333953857e-02
5.061450600624084473e-01
7.797315716743469238e-02
-7.317867130041122437e-02
5.978515148162841797e-01
3.223338425159454346e-01
-4.703415930271148682e-02
5.375360250473022461e-01
2.310170382261276245e-01
-5.974939465522766113e-02
5.076680183410644531e-01
1.762071996927261353e-01
-6.352067738771438599e-02
4.902117252349853516e-01
1.376889199018478394e-01
-6.539760529994964600e-02
5.742865800857543945e-01
3.648743331432342529e-01
-4.632226005196571350e-02
5.281618237495422363e-01
2.910695970058441162e-01
-5.728141218423843384e-02
5.072583556175231934e-01
2.496496587991714478e-01
-5.867583677172660828e-02
4.939059317111968994e-01
2.163608670234680176e-01
-5.742008239030838013e-02
