6.072221994400024414e-01
5.098479986190795898e-01
2.735738462433801033e-07
6.334564089775085449e-01
4.671136736869812012e-01
-2.119109965860843658e-02
6.415855884552001953e-01
4.196313917636871338e-01
-3.327747806906700134e-02
6.387049555778503418e-01
3.808786869049072266e-01
-4.170611873269081116e-02
6.417543888092041016e-01
3.485634326934814453e-01
-4.993716627359390259e-02
5.891510844230651855e-01
4.064694643020629883e-01
-3.161873668432235718e-02
5.633382797241210938e-01
3.631832897663116455e-01
-4.464481770992279053e-02
5.480440258979797363e-01
3.338675200939178467e-01
-5.316852405667304993e-02
5.363847613334655762e-01
3.085068464279174805e-01
-5.888960137963294983e-02
5.648437142372131348e-01
4.191124141216278076e-01
-2.686345577239990234e-02
5.342642664909362793e-01
3.721594810485839844e-01
-3.895950689911842346e-02
5.159150362014770508e-01
3.372249007225036621e-01
-4.690854996442794800e-02
5.015289187431335449e-01
3.077380359172821045e-01
-5.248580127954483032e-02
5.480600595474243164e-01
4.332282245159149170e-01
-2.282045781612396240e-02
5.197959542274475098e-01
3.898784816265106201e-01
-3.324333578348159790e-02
5.033674240112304688e-01
3.581884205341339111e-01
-3.991523012518882751e-02
4.911867976188659668e-01
3.312054276466369629e-01
-4.409576579928398132e-02
5.373005270957946777e-01
4.464447498321533203e-01
-2.024476975202560425e-02
5.131950378417968750e-01
4.143022596836090088e-01
-2.964057400822639465e-02
4.991408288478851318e-01
3.923941254615783691e-01
-3.446729853749275208e-02
4.889020025730133057e-01
3.731157481670379639e-01
-3.700578585267066956e-02
