6.075750589370727539e-01
5.304057002067565918e-01
3.043207357222854625e-07
6.353304982185363770e-01
4.914531111717224121e-01
-2.728116326034069061e-02
6.447735428810119629e-01
4.477281868457794189e-01
-4.311756789684295654e-02
6.423975229263305664e-01
4.093095064163208008e-01
-5.400496348738670349e-02
6.422695517539978027e-01
3.765872716903686523e-01
-6.483499705791473389e-02
5.912692546844482422e-01
4.374589025974273682e-01
-4.309794306755065918e-02
5.660036802291870117e-01
3.973495364189147949e-01
-5.989526212215423584e-02
5.495998263359069824e-01
3.687616586685180664e-01
-7.031206786632537842e-02
5.366695523262023926e-01
3.432976901531219482e-01
-7.709318399429321289e-02
5.654630661010742188e-01
4.491499364376068115e-01
-3.631176054477691650e-02
5.343296527862548828e-01
4.063498377799987793e-01
-5.159829929471015930e-02
5.151362419128417969e-01
3.735805749893188477e-01
-6.055209413170814514e-02
4.996604323387145996e-01
3.450784087181091309e-01
-6.669695675373077393e-02
5.476211309432983398e-01
4.627106487751007080e-01
-3.040891326963901520e-02
5.182769298553466797e-01
4.226974546909332275e-01
-4.383561760187149048e-02
5.005277395248413086e-01
3.925860822200775146e-01
-5.142323672771453857e-02
4.870816171169281006e-01
3.659791350364685059e-01
-5.596657469868659973e-02
5.362798571586608887e-01
4.755789041519165039e-01
-2.628704160451889038e-02
5.107671022415161133e-01
4.452997446060180664e-01
-3.815125674009323120e-02
4.958662986755371094e-01
4.234292805194854736e-01
-4.401973634958267212e-02
4.854306578636169434e-01
4.035800695419311523e-01
-4.711828753352165222e-02
