6.773747205734252930e-01
5.334840416908264160e-01
5.027658858125505503e-07
7.141264677047729492e-01
4.352465867996215820e-01
-2.038575522601604462e-02
7.209272384643554688e-01
3.384841382503509521e-01
-3.742396086454391479e-02
7.051082849502563477e-01
2.574712634086608887e-01
-4.960821196436882019e-02
6.885091662406921387e-01
1.921156346797943115e-01
-6.191302463412284851e-02
6.449847817420959473e-01
3.190154135227203369e-01
-5.331807956099510193e-02
5.789800286293029785e-01
2.245192229747772217e-01
-7.419166713953018188e-02
5.387648940086364746e-01
1.715093553066253662e-01
-8.363925665616989136e-02
5.066055655479431152e-01
1.297441422939300537e-01
-8.857130259275436401e-02
5.999478697776794434e-01
3.574130535125732422e-01
-5.276184901595115662e-02
5.286352634429931641e-01
2.558685541152954102e-01
-7.453823834657669067e-02
4.873991310596466064e-01
1.933640539646148682e-01
-8.420117199420928955e-02
4.569548368453979492e-01
1.454512178897857666e-01
-8.948698639869689941e-02
5.649737119674682617e-01
3.993973433971405029e-01
-5.112221464514732361e-02
5.001292228698730469e-01
3.092072904109954834e-01
-6.795505434274673462e-02
4.652672410011291504e-01
2.503757178783416748e-01
-7.462563365697860718e-02
4.400950074195861816e-01
2.034062296152114868e-01
-7.811166346073150635e-02
5.408148169517517090e-01
4.379037618637084961e-01
-4.994729533791542053e-02
4.961972832679748535e-01
3.660164773464202881e-01
-6.328109651803970337e-02
4.736713469028472900e-01
3.239544630050659180e-01
-6.595295667648315430e-02
4.572238624095916748e-01
2.880669236183166504e-01
-6.548071652650833130e-02
