7.002188563346862793e-01
4.922253191471099854e-01
2.541562764690752374e-07
7.386067509651184082e-01
4.066368341445922852e-01
-1.623550057411193848e-02
7.515788078308105469e-01
3.132649064064025879e-01
-2.949138917028903961e-02
7.366565465927124023e-01
2.256703823804855347e-01
-3.794830664992332458e-02
7.268388867378234863e-01
1.585268974304199219e-01
-4.799143224954605103e-02
6.788271069526672363e-01
2.856964468955993652e-01
-5.014658719301223755e-02
6.150010824203491211e-01
1.865151524543762207e-01
-6.925237923860549927e-02
5.770016908645629883e-01
1.340953856706619263e-01
-8.041937649250030518e-02
5.462505221366882324e-01
9.320183098316192627e-02
-8.706928044557571411e-02
6.315759420394897461e-01
3.236095309257507324e-01
-5.023930966854095459e-02
5.648132562637329102e-01
2.139375656843185425e-01
-6.683308631181716919e-02
5.256356000900268555e-01
1.493064016103744507e-01
-7.746542990207672119e-02
4.971974492073059082e-01
1.032171994447708130e-01
-8.634103834629058838e-02
5.944560170173645020e-01
3.640299439430236816e-01
-4.871812835335731506e-02
5.319219231605529785e-01
2.718589305877685547e-01
-6.164874136447906494e-02
4.992862939834594727e-01
2.120042443275451660e-01
-6.868759542703628540e-02
4.770340025424957275e-01
1.680703163146972656e-01
-7.445125281810760498e-02
5.676866769790649414e-01
4.026322364807128906e-01
-4.717691615223884583e-02
5.267746448516845703e-01
3.282205164432525635e-01
-5.765738338232040405e-02
5.050687789916992188e-01
2.822237014770507812e-01
-6.034547463059425354e-02
4.906070828437805176e-01
2.438010722398757935e-01
-6.147003918886184692e-02
