7.054327726364135742e-01
7.745684385299682617e-01
9.759756949279108085e-07
7.460727691650390625e-01
6.864845752716064453e-01
-7.860342413187026978e-02
7.555301189422607422e-01
5.948327779769897461e-01
-1.297400742769241333e-01
7.465767264366149902e-01
5.182722210884094238e-01
-1.668522357940673828e-01
7.337729334831237793e-01
4.441936016082763672e-01
-2.052269577980041504e-01
6.432102322578430176e-01
5.995214581489562988e-01
-1.341201812028884888e-01
5.753065347671508789e-01
5.137016177177429199e-01
-1.854676455259323120e-01
5.275300145149230957e-01
4.515872895717620850e-01
-2.168989777565002441e-01
4.890432953834533691e-01
3.981255888938903809e-01
-2.357113957405090332e-01
6.005636453628540039e-01
6.478045582771301270e-01
-1.132041439414024353e-01
5.241572260856628418e-01
5.575625300407409668e-01
-1.628669202327728271e-01
4.719054698944091797e-01
4.813548922538757324e-01
-1.921601593494415283e-01
4.295774698257446289e-01
4.175717532634735107e-01
-2.108209133148193359e-01
5.717483162879943848e-01
6.874365806579589844e-01
-9.385949373245239258e-02
4.986978769302368164e-01
6.066973805427551270e-01
-1.329129934310913086e-01
4.504526853561401367e-01
5.351569056510925293e-01
-1.547075510025024414e-01
4.168239533901214600e-01
4.753918051719665527e-01
-1.671401560306549072e-01
5.535199046134948730e-01
7.196405529975891113e-01
-7.942084223031997681e-02
4.916080832481384277e-01
6.541862487792968750e-01
-1.091422364115715027e-01
4.515739977359771729e-01
5.980516076087951660e-01
-1.252863854169845581e-01
4.231576323509216309e-01
5.497874617576599121e-01
-1.346875131130218506e-01
