3.932870328426361084e-01
9.953584074974060059e-01
8.630803449705126695e-07
3.475586175918579102e-01
9.112148284912109375e-01
-7.365838438272476196e-02
3.248439431190490723e-01
8.415081501007080078e-01
-1.333420425653457642e-01
3.025574088096618652e-01
7.979195117950439453e-01
-1.799202114343643188e-01
2.663576602935791016e-01
7.672439813613891602e-01
-2.294419705867767334e-01
4.150867164134979248e-01
8.858886957168579102e-01
-1.658639609813690186e-01
4.861041903495788574e-01
8.174399137496948242e-01
-2.240668684244155884e-01
5.389074683189392090e-01
7.656313180923461914e-01
-2.565712630748748779e-01
5.844919681549072266e-01
7.198368906974792480e-01
-2.767153680324554443e-01
4.688662290573120117e-01
9.414017796516418457e-01
-1.528769284486770630e-01
5.603962540626525879e-01
8.484917879104614258e-01
-2.043495327234268188e-01
6.205050349235534668e-01
7.787753343582153320e-01
-2.269065082073211670e-01
6.672707796096801758e-01
7.203266620635986328e-01
-2.432855963706970215e-01
5.094243884086608887e-01
9.750667214393615723e-01
-1.397370547056198120e-01
5.914387106895446777e-01
8.878670930862426758e-01
-1.817273646593093872e-01
6.450068354606628418e-01
8.186641931533813477e-01
-2.021410763263702393e-01
6.837987303733825684e-01
7.619887590408325195e-01
-2.150373309850692749e-01
5.375373363494873047e-01
9.881255030632019043e-01
-1.306733191013336182e-01
6.051180362701416016e-01
9.389008283615112305e-01
-1.650341302156448364e-01
6.455518007278442383e-01
9.002159833908081055e-01
-1.811458766460418701e-01
6.761364936828613281e-01
8.621104359626770020e-01
-1.916688978672027588e-01
