6.066941022872924805e-01
5.055752396583557129e-01
2.605672762001631781e-07
6.327587962150573730e-01
4.606308937072753906e-01
-1.889760233461856842e-02
6.410514712333679199e-01
4.096157252788543701e-01
-2.991648204624652863e-02
6.382428407669067383e-01
3.684532046318054199e-01
-3.757959976792335510e-02
6.405848860740661621e-01
3.361965119838714600e-01
-4.503758251667022705e-02
5.906125903129577637e-01
3.968394100666046143e-01
-3.028845787048339844e-02
5.632252097129821777e-01
3.510797023773193359e-01
-4.280817881226539612e-02
5.476919412612915039e-01
3.216300010681152344e-01
-5.054303631186485291e-02
5.357032418251037598e-01
2.956855893135070801e-01
-5.569599941372871399e-02
5.661467909812927246e-01
4.106102585792541504e-01
-2.669011242687702179e-02
5.347554087638854980e-01
3.622381091117858887e-01
-3.903526067733764648e-02
5.163721442222595215e-01
3.274967670440673828e-01
-4.698669165372848511e-02
5.021282434463500977e-01
2.975170612335205078e-01
-5.250989645719528198e-02
5.485714077949523926e-01
4.257678091526031494e-01
-2.357801795005798340e-02
5.204600691795349121e-01
3.804209232330322266e-01
-3.434723615646362305e-02
5.050275325775146484e-01
3.482288420200347900e-01
-4.110394045710563660e-02
4.934338331222534180e-01
3.208274543285369873e-01
-4.513091593980789185e-02
5.366619229316711426e-01
4.398666024208068848e-01
-2.168659865856170654e-02
5.121762156486511230e-01
4.036769866943359375e-01
-3.102892264723777771e-02
4.978088140487670898e-01
3.808773756027221680e-01
-3.575902804732322693e-02
4.866422712802886963e-01
3.608724176883697510e-01
-3.817039728164672852e-02
