3.741123378276824951e-01
9.142596125602722168e-01
4.296582005736127030e-07
3.341608643531799316e-01
8.507717847824096680e-01
-1.130060777068138123e-01
3.127171397209167480e-01
8.113874197006225586e-01
-1.997362077236175537e-01
2.971729636192321777e-01
8.000795841217041016e-01
-2.693851888179779053e-01
2.675231695175170898e-01
7.749551534652709961e-01
-3.399987220764160156e-01
4.131764471530914307e-01
8.955850601196289062e-01
-2.080828398466110229e-01
4.903143942356109619e-01
8.269240856170654297e-01
-2.831434011459350586e-01
5.441454052925109863e-01
7.765063047409057617e-01
-3.278262317180633545e-01
5.899372696876525879e-01
7.300693988800048828e-01
-3.568958640098571777e-01
4.631612896919250488e-01
9.451555609703063965e-01
-1.826813519001007080e-01
5.575901269912719727e-01
8.649429082870483398e-01
-2.521955966949462891e-01
6.221982836723327637e-01
7.983381152153015137e-01
-2.876299321651458740e-01
6.745458841323852539e-01
7.309931516647338867e-01
-3.154304325580596924e-01
4.993200302124023438e-01
9.784677624702453613e-01
-1.600467860698699951e-01
5.838885307312011719e-01
9.097486138343811035e-01
-2.164227515459060669e-01
6.445002555847167969e-01
8.441383838653564453e-01
-2.467066794633865356e-01
6.876014471054077148e-01
7.793192267417907715e-01
-2.680233418941497803e-01
5.246711373329162598e-01
9.939076900482177734e-01
-1.450379490852355957e-01
5.915199518203735352e-01
9.612668156623840332e-01
-1.834847778081893921e-01
6.411789655685424805e-01
9.238176941871643066e-01
-2.065348029136657715e-01
6.803418397903442383e-01
8.829704523086547852e-01
-2.257627844810485840e-01
