6.729738116264343262e-01
5.297859311103820801e-01
5.519372621165530290e-07
7.112896442413330078e-01
4.319387376308441162e-01
-2.489809691905975342e-02
7.196874022483825684e-01
3.373310565948486328e-01
-4.536864906549453735e-02
7.041444778442382812e-01
2.554890513420104980e-01
-6.012442708015441895e-02
6.887484788894653320e-01
1.891528218984603882e-01
-7.534643262624740601e-02
6.438637971878051758e-01
3.223767876625061035e-01
-6.364113837480545044e-02
5.766354203224182129e-01
2.245680093765258789e-01
-8.753896504640579224e-02
5.346127152442932129e-01
1.698997169733047485e-01
-9.803443402051925659e-02
5.012960433959960938e-01
1.285148262977600098e-01
-1.030772551894187927e-01
5.980088114738464355e-01
3.611945211887359619e-01
-6.111293286085128784e-02
5.259864926338195801e-01
2.554700970649719238e-01
-8.429359644651412964e-02
4.829112887382507324e-01
1.911443620920181274e-01
-9.363270550966262817e-02
4.513621032238006592e-01
1.424292922019958496e-01
-9.858582913875579834e-02
5.628163814544677734e-01
4.025151431560516357e-01
-5.751499533653259277e-02
4.972534477710723877e-01
3.099895119667053223e-01
-7.481510937213897705e-02
4.610836505889892578e-01
2.504054009914398193e-01
-8.170349895954132080e-02
4.359261989593505859e-01
2.043297439813613892e-01
-8.558788150548934937e-02
5.385283231735229492e-01
4.394127130508422852e-01
-5.468068271875381470e-02
4.927100539207458496e-01
3.699165880680084229e-01
-6.885941326618194580e-02
4.690958559513092041e-01
3.285707235336303711e-01
-7.244278490543365479e-02
4.517850279808044434e-01
2.937275767326354980e-01
-7.260850816965103149e-02
