6.682967543601989746e-01
6.624689698219299316e-01
8.935741675486497115e-07
7.124289274215698242e-01
5.864673852920532227e-01
-6.816553324460983276e-02
7.240228652954101562e-01
5.004619956016540527e-01
-1.167497560381889343e-01
7.085306048393249512e-01
4.261374175548553467e-01
-1.509539037942886353e-01
6.950899958610534668e-01
3.549038171768188477e-01
-1.859791874885559082e-01
6.303816437721252441e-01
5.210346579551696777e-01
-1.444791704416275024e-01
5.520399808883666992e-01
4.327315092086791992e-01
-1.961849629878997803e-01
5.082960128784179688e-01
3.674080967903137207e-01
-2.221528738737106323e-01
4.767255187034606934e-01
3.135741353034973145e-01
-2.356208115816116333e-01
5.849601030349731445e-01
5.644032359123229980e-01
-1.266607642173767090e-01
5.065255165100097656e-01
4.609824419021606445e-01
-1.746499240398406982e-01
4.647020697593688965e-01
3.810282051563262939e-01
-1.955771446228027344e-01
4.351904094219207764e-01
3.154815733432769775e-01
-2.074689865112304688e-01
5.543176531791687012e-01
5.930328369140625000e-01
-1.082451790571212769e-01
4.825935065746307373e-01
4.950275421142578125e-01
-1.441340297460556030e-01
4.406653940677642822e-01
4.199990034103393555e-01
-1.591248214244842529e-01
4.127481579780578613e-01
3.575888276100158691e-01
-1.673371046781539917e-01
5.342853069305419922e-01
6.099728941917419434e-01
-9.336660802364349365e-02
4.772111773490905762e-01
5.316925644874572754e-01
-1.210616081953048706e-01
4.431895017623901367e-01
4.729611277580261230e-01
-1.326209157705307007e-01
4.208377897739410400e-01
4.228744506835937500e-01
-1.381437331438064575e-01
