7.084096670150756836e-01
6.556674838066101074e-01
8.912157909435336478e-07
7.519115805625915527e-01
5.654508471488952637e-01
-5.007384717464447021e-02
7.636961340904235840e-01
4.746768474578857422e-01
-9.241338819265365601e-02
7.557361125946044922e-01
3.892887532711029053e-01
-1.243155896663665771e-01
7.499905824661254883e-01
3.137831091880798340e-01
-1.578738093376159668e-01
6.810833811759948730e-01
4.765342772006988525e-01
-1.266393363475799561e-01
6.047066450119018555e-01
3.603667020797729492e-01
-1.712103933095932007e-01
5.623010993003845215e-01
2.920085191726684570e-01
-1.906013935804367065e-01
5.299652218818664551e-01
2.369188964366912842e-01
-1.997511535882949829e-01
6.285837292671203613e-01
5.246588587760925293e-01
-1.181124225258827209e-01
5.453857183456420898e-01
3.957089781761169434e-01
-1.612266153097152710e-01
5.005836486816406250e-01
3.091459870338439941e-01
-1.789386868476867676e-01
4.689107537269592285e-01
2.427842617034912109e-01
-1.887798160314559937e-01
5.894969701766967773e-01
5.641866326332092285e-01
-1.079950630664825439e-01
5.121383070945739746e-01
4.440437257289886475e-01
-1.418985128402709961e-01
4.695051312446594238e-01
3.582973182201385498e-01
-1.586134731769561768e-01
4.411575794219970703e-01
2.920622825622558594e-01
-1.677222251892089844e-01
5.635300278663635254e-01
5.901563167572021484e-01
-9.927555918693542480e-02
5.045222043991088867e-01
4.905739724636077881e-01
-1.261368840932846069e-01
4.748900532722473145e-01
4.217593371868133545e-01
-1.382227838039398193e-01
4.551576375961303711e-01
3.666782379150390625e-01
-1.440521925687789917e-01
