6.754777431488037109e-01
5.195832252502441406e-01
5.330252861313056201e-07
7.137100100517272949e-01
4.226522445678710938e-01
-2.490476518869400024e-02
7.224950790405273438e-01
3.269619941711425781e-01
-4.473911970853805542e-02
7.069075107574462891e-01
2.463957667350769043e-01
-5.875203758478164673e-02
6.897275447845458984e-01
1.812526732683181763e-01
-7.299049198627471924e-02
6.459857225418090820e-01
3.101605176925659180e-01
-6.231156736612319946e-02
5.795247554779052734e-01
2.112423181533813477e-01
-8.552236109972000122e-02
5.381534099578857422e-01
1.582015603780746460e-01
-9.585254639387130737e-02
5.047453045845031738e-01
1.175592690706253052e-01
-1.010301411151885986e-01
6.001507043838500977e-01
3.491805195808410645e-01
-5.962451547384262085e-02
5.281291604042053223e-01
2.435244917869567871e-01
-8.271725475788116455e-02
4.858449995517730713e-01
1.811129152774810791e-01
-9.210865199565887451e-02
4.548558890819549561e-01
1.352230459451675415e-01
-9.713204950094223022e-02
5.644754171371459961e-01
3.906663656234741211e-01
-5.592822283506393433e-02
4.997957646846771240e-01
2.981410324573516846e-01
-7.335109263658523560e-02
4.650066494941711426e-01
2.399993687868118286e-01
-7.944487035274505615e-02
4.407403469085693359e-01
1.951352804899215698e-01
-8.259662985801696777e-02
5.396506786346435547e-01
4.281563162803649902e-01
-5.301196500658988953e-02
4.934617280960083008e-01
3.557647466659545898e-01
-6.709183752536773682e-02
4.709684252738952637e-01
3.143596351146697998e-01
-6.973235309123992920e-02
4.548983573913574219e-01
2.796331048011779785e-01
-6.918425858020782471e-02
