7.078942060470581055e-01
4.478832483291625977e-01
3.942702164749789517e-07
7.508322000503540039e-01
3.610838949680328369e-01
-1.213032193481922150e-02
7.665767669677734375e-01
2.672790288925170898e-01
-2.510596066713333130e-02
7.573960423469543457e-01
1.884184032678604126e-01
-3.514851629734039307e-02
7.458438277244567871e-01
1.247221231460571289e-01
-4.645197838544845581e-02
7.036868333816528320e-01
2.315672188997268677e-01
-4.619218781590461731e-02
6.507529616355895996e-01
1.285924762487411499e-01
-6.518950313329696655e-02
6.180048584938049316e-01
7.365009188652038574e-02
-7.327458262443542480e-02
5.924432277679443359e-01
3.355722129344940186e-02
-7.703328132629394531e-02
6.601562500000000000e-01
2.636210322380065918e-01
-4.962603747844696045e-02
6.008471846580505371e-01
1.537855416536331177e-01
-6.786669045686721802e-02
5.671979188919067383e-01
9.035341441631317139e-02
-7.548958808183670044e-02
5.438852906227111816e-01
4.705299437046051025e-02
-7.990483939647674561e-02
6.236845254898071289e-01
3.037985265254974365e-01
-5.162623152136802673e-02
5.681184530258178711e-01
2.063837945461273193e-01
-6.580030918121337891e-02
5.390879511833190918e-01
1.481248885393142700e-01
-7.089607417583465576e-02
5.202955007553100586e-01
1.064321994781494141e-01
-7.387277483940124512e-02
5.943804383277893066e-01
3.467961251735687256e-01
-5.335342139005661011e-02
5.528185963630676270e-01
2.687122821807861328e-01
-6.615338474512100220e-02
5.319056510925292969e-01
2.236313372850418091e-01
-6.868604570627212524e-02
5.171295404434204102e-01
1.873960494995117188e-01
-6.835545599460601807e-02
