6.690895557403564453e-01
6.377956867218017578e-01
5.612320137515780516e-07
7.092446684837341309e-01
5.364168882369995117e-01
-3.343261778354644775e-02
7.180682420730590820e-01
4.330066442489624023e-01
-5.855378136038780212e-02
7.013382315635681152e-01
3.490162491798400879e-01
-7.667246460914611816e-02
6.877546310424804688e-01
2.800377011299133301e-01
-9.497631341218948364e-02
6.391676068305969238e-01
4.314211308956146240e-01
-7.659586519002914429e-02
5.603396892547607422e-01
3.314850628376007080e-01
-1.061148121953010559e-01
5.140532255172729492e-01
2.736271619796752930e-01
-1.196731477975845337e-01
4.771389365196228027e-01
2.282334268093109131e-01
-1.261885613203048706e-01
5.940431952476501465e-01
4.789193868637084961e-01
-7.208748161792755127e-02
5.140384435653686523e-01
3.686003983020782471e-01
-1.021663099527359009e-01
4.640527069568634033e-01
2.957063019275665283e-01
-1.154469400644302368e-01
4.254629611968994141e-01
2.380711585283279419e-01
-1.224790886044502258e-01
5.588973164558410645e-01
5.196343064308166504e-01
-6.705336272716522217e-02
4.901750087738037109e-01
4.141762852668762207e-01
-8.993986248970031738e-02
4.490623772144317627e-01
3.439320027828216553e-01
-1.000866740942001343e-01
4.193257689476013184e-01
2.891429364681243896e-01
-1.043981015682220459e-01
5.335200428962707520e-01
5.501762628555297852e-01
-6.347803026437759399e-02
4.794813394546508789e-01
4.612585306167602539e-01
-8.112244307994842529e-02
4.486400485038757324e-01
4.069873690605163574e-01
-8.728699386119842529e-02
4.250252842903137207e-01
3.630413711071014404e-01
-8.854901045560836792e-02
