6.013639569282531738e-01
4.395191669464111328e-01
2.621683563575061271e-07
6.268832087516784668e-01
3.928681313991546631e-01
-1.754977926611900330e-02
6.323873996734619141e-01
3.404991030693054199e-01
-2.860962413251399994e-02
6.269243359565734863e-01
2.975293695926666260e-01
-3.637856617569923401e-02
6.289823055267333984e-01
2.624713182449340820e-01
-4.434039443731307983e-02
5.851534605026245117e-01
3.260831534862518311e-01
-3.351529687643051147e-02
5.569847822189331055e-01
2.765018343925476074e-01
-4.718685895204544067e-02
5.401496887207031250e-01
2.456811070442199707e-01
-5.489378422498703003e-02
5.270344614982604980e-01
2.208533436059951782e-01
-5.963505432009696960e-02
5.618698000907897949e-01
3.422707617282867432e-01
-3.077119402587413788e-02
5.321660041809082031e-01
2.889269888401031494e-01
-4.416311904788017273e-02
5.129716396331787109e-01
2.517353296279907227e-01
-5.142360925674438477e-02
4.975703358650207520e-01
2.211031913757324219e-01
-5.627843737602233887e-02
5.451700091361999512e-01
3.601626455783843994e-01
-2.817085199058055878e-02
5.185753107070922852e-01
3.115569353103637695e-01
-3.936932608485221863e-02
5.015149116516113281e-01
2.795470058917999268e-01
-4.533862322568893433e-02
4.882962107658386230e-01
2.531745731830596924e-01
-4.887155443429946899e-02
5.337548851966857910e-01
3.782196342945098877e-01
-2.656218968331813812e-02
5.125784873962402344e-01
3.398698270320892334e-01
-3.640190884470939636e-02
4.996167421340942383e-01
3.164730370044708252e-01
-4.093461483716964722e-02
4.895016252994537354e-01
2.966389656066894531e-01
-4.308911040425300598e-02
