5.883778929710388184e-01
5.769808888435363770e-01
3.121490692592487903e-07
6.145427823066711426e-01
5.318809747695922852e-01
-2.631128206849098206e-02
6.211090087890625000e-01
4.845662713050842285e-01
-4.160880297422409058e-02
6.167235970497131348e-01
4.482328295707702637e-01
-5.242239683866500854e-02
6.179379224777221680e-01
4.164403975009918213e-01
-6.276886910200119019e-02
5.626373887062072754e-01
4.824703931808471680e-01
-3.810188174247741699e-02
5.336992740631103516e-01
4.496756196022033691e-01
-5.473390966653823853e-02
5.157198905944824219e-01
4.227590262889862061e-01
-6.585056334733963013e-02
5.015670657157897949e-01
3.972896635532379150e-01
-7.317227125167846680e-02
5.392810106277465820e-01
4.974654912948608398e-01
-3.180181235074996948e-02
5.032221078872680664e-01
4.593388140201568604e-01
-4.815315082669258118e-02
4.808955192565917969e-01
4.264848828315734863e-01
-5.875351279973983765e-02
4.624298214912414551e-01
3.963730335235595703e-01
-6.566095352172851562e-02
5.236471295356750488e-01
5.102522969245910645e-01
-2.647799253463745117e-02
4.893487989902496338e-01
4.739003181457519531e-01
-4.146920144557952881e-02
4.678307771682739258e-01
4.430816471576690674e-01
-5.070766806602478027e-02
4.503983557224273682e-01
4.152354001998901367e-01
-5.563198402523994446e-02
5.146732926368713379e-01
5.201353430747985840e-01
-2.282596565783023834e-02
4.866079986095428467e-01
4.902874827384948730e-01
-3.548722341656684875e-02
4.686908125877380371e-01
4.680694937705993652e-01
-4.214489087462425232e-02
4.544063210487365723e-01
4.477389156818389893e-01
-4.546632245182991028e-02
