6.018269658088684082e-01
4.498879313468933105e-01
2.652214732279389864e-07
6.264258623123168945e-01
4.038496315479278564e-01
-1.698432303965091705e-02
6.322913169860839844e-01
3.536310493946075439e-01
-2.706120163202285767e-02
6.271775960922241211e-01
3.112734258174896240e-01
-3.431095927953720093e-02
6.284816265106201172e-01
2.765582203865051270e-01
-4.167531430721282959e-02
5.811485648155212402e-01
3.362545967102050781e-01
-2.698880247771739960e-02
5.553213953971862793e-01
2.900996804237365723e-01
-3.890854120254516602e-02
5.393074750900268555e-01
2.613383829593658447e-01
-4.682609438896179199e-02
5.270207524299621582e-01
2.373404651880264282e-01
-5.208688974380493164e-02
5.580798983573913574e-01
3.509414196014404297e-01
-2.429134212434291840e-02
5.293978452682495117e-01
3.013477921485900879e-01
-3.519944101572036743e-02
5.103102326393127441e-01
2.668442428112030029e-01
-4.247251152992248535e-02
4.954495131969451904e-01
2.382223159074783325e-01
-4.767685383558273315e-02
5.423863530158996582e-01
3.695897459983825684e-01
-2.206876873970031738e-02
5.161475539207458496e-01
3.248888254165649414e-01
-3.123853355646133423e-02
4.995488822460174561e-01
2.953879833221435547e-01
-3.711238503456115723e-02
4.872062206268310547e-01
2.707650363445281982e-01
-4.106024280190467834e-02
5.322676897048950195e-01
3.899741172790527344e-01
-2.096915058791637421e-02
5.110355615615844727e-01
3.583039343357086182e-01
-2.918980829417705536e-02
4.980960488319396973e-01
3.386245667934417725e-01
-3.297265619039535522e-02
4.884555041790008545e-01
3.221057653427124023e-01
-3.486938402056694031e-02
