7.114512324333190918e-01
7.843626737594604492e-01
1.019687715597683564e-06
7.495823502540588379e-01
6.915532350540161133e-01
-6.666263937950134277e-02
7.565366029739379883e-01
5.986857414245605469e-01
-1.134531348943710327e-01
7.480187416076660156e-01
5.189476013183593750e-01
-1.495273262262344360e-01
7.375792264938354492e-01
4.424647092819213867e-01
-1.871910840272903442e-01
6.477842330932617188e-01
5.990457534790039062e-01
-1.183314844965934753e-01
5.772362351417541504e-01
5.111203789710998535e-01
-1.685875505208969116e-01
5.317933559417724609e-01
4.457827806472778320e-01
-1.983529925346374512e-01
4.968272149562835693e-01
3.889243900775909424e-01
-2.156382352113723755e-01
6.047861576080322266e-01
6.495358943939208984e-01
-1.046790927648544312e-01
5.259702205657958984e-01
5.568237304687500000e-01
-1.528329849243164062e-01
4.743440151214599609e-01
4.779936075210571289e-01
-1.807027906179428101e-01
4.337356090545654297e-01
4.091154336929321289e-01
-1.982628256082534790e-01
5.758607983589172363e-01
6.952184438705444336e-01
-9.261628240346908569e-02
5.009745359420776367e-01
6.092424988746643066e-01
-1.321384012699127197e-01
4.510125517845153809e-01
5.344190597534179688e-01
-1.548210531473159790e-01
4.153893589973449707e-01
4.684135913848876953e-01
-1.676342785358428955e-01
5.576971769332885742e-01
7.328949570655822754e-01
-8.436130732297897339e-02
4.963622689247131348e-01
6.641842126846313477e-01
-1.159088462591171265e-01
4.574335217475891113e-01
6.051187515258789062e-01
-1.329519897699356079e-01
4.283046722412109375e-01
5.518422126770019531e-01
-1.424885243177413940e-01
