3.473952114582061768e-01
7.653986215591430664e-01
-1.407185834523261292e-07
3.184586465358734131e-01
7.667186856269836426e-01
-2.477633394300937653e-02
2.951287925243377686e-01
7.771706581115722656e-01
-4.233834519982337952e-02
2.741529941558837891e-01
7.882660627365112305e-01
-5.775722488760948181e-02
2.510760724544525146e-01
7.994321584701538086e-01
-7.330111414194107056e-02
3.401232659816741943e-01
8.100439310073852539e-01
-3.478452190756797791e-02
3.467119932174682617e-01
8.129736781120300293e-01
-5.614657700061798096e-02
3.569419384002685547e-01
8.052521347999572754e-01
-7.240796834230422974e-02
3.709225058555603027e-01
7.934241890907287598e-01
-8.160962909460067749e-02
3.667315840721130371e-01
8.175623416900634766e-01
-2.997866645455360413e-02
3.809334039688110352e-01
8.131337761878967285e-01
-4.719597473740577698e-02
3.943733572959899902e-01
7.961241602897644043e-01
-5.845991894602775574e-02
4.079779386520385742e-01
7.770866751670837402e-01
-6.587474048137664795e-02
3.867545723915100098e-01
8.179871439933776855e-01
-2.674780227243900299e-02
4.038518667221069336e-01
8.143723011016845703e-01
-4.006689414381980896e-02
4.166156351566314697e-01
8.002897500991821289e-01
-4.683966934680938721e-02
4.290638267993927002e-01
7.836598157882690430e-01
-5.056332796812057495e-02
4.007839560508728027e-01
8.130429983139038086e-01
-2.555279992520809174e-02
4.181794524192810059e-01
8.117055892944335938e-01
-3.297489508986473083e-02
4.298827946186065674e-01
8.035208582878112793e-01
-3.483410552144050598e-02
4.406433105468750000e-01
7.933281064033508301e-01
-3.580265864729881287e-02
