6.725686192512512207e-01
5.010006427764892578e-01
5.943281848885817453e-07
7.137664556503295898e-01
4.054733216762542725e-01
-2.741361595690250397e-02
7.232805490493774414e-01
3.109815120697021484e-01
-4.827957972884178162e-02
7.051816582679748535e-01
2.303861081600189209e-01
-6.249168515205383301e-02
6.876198053359985352e-01
1.649236977100372314e-01
-7.717175036668777466e-02
6.452189087867736816e-01
2.926152050495147705e-01
-6.678967177867889404e-02
5.783458948135375977e-01
1.916089057922363281e-01
-9.000735729932785034e-02
5.367645621299743652e-01
1.380774527788162231e-01
-9.993489831686019897e-02
5.039507746696472168e-01
9.825713932514190674e-02
-1.044913306832313538e-01
5.972421169281005859e-01
3.307737112045288086e-01
-6.229545921087265015e-02
5.255848765373229980e-01
2.221336960792541504e-01
-8.285540342330932617e-02
4.832621812820434570e-01
1.601791977882385254e-01
-9.098508954048156738e-02
4.528023600578308105e-01
1.158421486616134644e-01
-9.559107571840286255e-02
5.605703592300415039e-01
3.726738691329956055e-01
-5.679272860288619995e-02
4.965558350086212158e-01
2.798013091087341309e-01
-7.230155915021896362e-02
4.607691168785095215e-01
2.233837395906448364e-01
-7.958006858825683594e-02
4.359359741210937500e-01
1.813239008188247681e-01
-8.433615416288375854e-02
5.350385904312133789e-01
4.109250605106353760e-01
-5.210771784186363220e-02
4.887477457523345947e-01
3.436874449253082275e-01
-6.594038754701614380e-02
4.655874967575073242e-01
3.054439127445220947e-01
-7.013756036758422852e-02
4.487167894840240479e-01
2.718298435211181641e-01
-7.092371582984924316e-02
