6.080959439277648926e-01
4.963385760784149170e-01
2.668237186753685819e-07
6.322916150093078613e-01
4.496998488903045654e-01
-1.784478500485420227e-02
6.395300030708312988e-01
4.008060991764068604e-01
-2.929335087537765503e-02
6.363804936408996582e-01
3.610091507434844971e-01
-3.768840432167053223e-02
6.377065181732177734e-01
3.278146386146545410e-01
-4.596355557441711426e-02
5.899038314819335938e-01
3.866362869739532471e-01
-3.012307547032833099e-02
5.622001886367797852e-01
3.400712907314300537e-01
-4.306735843420028687e-02
5.464199185371398926e-01
3.105552196502685547e-01
-5.121524259448051453e-02
5.341691374778747559e-01
2.846505045890808105e-01
-5.654329806566238403e-02
5.664731860160827637e-01
4.008348286151885986e-01
-2.726325392723083496e-02
5.341906547546386719e-01
3.515996932983398438e-01
-3.955678641796112061e-02
5.151138305664062500e-01
3.164104223251342773e-01
-4.743679240345954895e-02
5.003620386123657227e-01
2.869565784931182861e-01
-5.291201546788215637e-02
5.493804216384887695e-01
4.174394607543945312e-01
-2.478413097560405731e-02
5.204340815544128418e-01
3.724580705165863037e-01
-3.512508422136306763e-02
5.043763518333435059e-01
3.410142660140991211e-01
-4.143091291189193726e-02
4.925581812858581543e-01
3.149463832378387451e-01
-4.526801407337188721e-02
5.377706289291381836e-01
4.334354996681213379e-01
-2.344647794961929321e-02
5.127022862434387207e-01
3.992931246757507324e-01
-3.238090500235557556e-02
4.974886775016784668e-01
3.782003819942474365e-01
-3.655038401484489441e-02
4.856483340263366699e-01
3.607637882232666016e-01
-3.851954266428947449e-02
