4.255360960960388184e-01
7.830435037612915039e-01
2.278471100680690142e-07
4.110440611839294434e-01
7.441905140876770020e-01
-1.774590462446212769e-02
3.997261524200439453e-01
7.052911520004272461e-01
-3.504592925310134888e-02
3.846884965896606445e-01
6.790451407432556152e-01
-5.036774277687072754e-02
3.660017848014831543e-01
6.589083671569824219e-01
-6.671966612339019775e-02
4.408925473690032959e-01
6.908058524131774902e-01
-3.826553747057914734e-02
4.631184935569763184e-01
6.569628119468688965e-01
-5.690595880150794983e-02
4.789586067199707031e-01
6.293316483497619629e-01
-6.981210410594940186e-02
4.930630028247833252e-01
6.046977043151855469e-01
-7.879378646612167358e-02
4.649145901203155518e-01
7.085178494453430176e-01
-4.016020521521568298e-02
4.908134341239929199e-01
6.691120266914367676e-01
-5.637551844120025635e-02
5.086724162101745605e-01
6.352229714393615723e-01
-6.574713438749313354e-02
5.236166119575500488e-01
6.030999422073364258e-01
-7.348475605249404907e-02
4.829019904136657715e-01
7.264438271522521973e-01
-4.297169670462608337e-02
5.088046789169311523e-01
6.878328919410705566e-01
-5.701646208763122559e-02
5.256104469299316406e-01
6.545179486274719238e-01
-6.407496333122253418e-02
5.381128191947937012e-01
6.230908036231994629e-01
-6.913995742797851562e-02
4.956372082233428955e-01
7.438570261001586914e-01
-4.704900085926055908e-02
5.183066725730895996e-01
7.116553187370300293e-01
-5.869112908840179443e-02
5.334688425064086914e-01
6.856542229652404785e-01
-6.357035785913467407e-02
5.440810322761535645e-01
6.599394679069519043e-01
-6.727824360132217407e-02
