7.071085572242736816e-01
6.798902750015258789e-01
9.097672659663658123e-07
7.532177567481994629e-01
6.015622615814208984e-01
-6.257066130638122559e-02
7.652243971824645996e-01
5.148571729660034180e-01
-1.087743863463401794e-01
7.563402652740478516e-01
4.325640797615051270e-01
-1.433341503143310547e-01
7.532178759574890137e-01
3.556669354438781738e-01
-1.790328472852706909e-01
6.770119071006774902e-01
5.158839225769042969e-01
-1.313854008913040161e-01
6.031250953674316406e-01
4.088053703308105469e-01
-1.804851591587066650e-01
5.609917044639587402e-01
3.412116169929504395e-01
-2.034980803728103638e-01
5.291112661361694336e-01
2.863628268241882324e-01
-2.151537388563156128e-01
6.276117563247680664e-01
5.607026815414428711e-01
-1.189677491784095764e-01
5.495281815528869629e-01
4.425522983074188232e-01
-1.671231985092163086e-01
5.020535588264465332e-01
3.586796224117279053e-01
-1.891142129898071289e-01
4.664022624492645264e-01
2.905877232551574707e-01
-2.015656977891921997e-01
5.925231575965881348e-01
5.969238281250000000e-01
-1.066827774047851562e-01
5.202955007553100586e-01
4.852529168128967285e-01
-1.462686359882354736e-01
4.726160168647766113e-01
4.048017263412475586e-01
-1.664907336235046387e-01
4.387053847312927246e-01
3.380058407783508301e-01
-1.771469712257385254e-01
5.686486959457397461e-01
6.213828921318054199e-01
-9.710294008255004883e-02
5.099792480468750000e-01
5.320263504981994629e-01
-1.291376203298568726e-01
4.755530357360839844e-01
4.676055908203125000e-01
-1.447706967592239380e-01
4.509187042713165283e-01
4.123565554618835449e-01
-1.526162028312683105e-01
