6.568480134010314941e-01
8.946847319602966309e-01
4.663461652398837032e-07
7.035456299781799316e-01
8.109576702117919922e-01
-4.257323220372200012e-02
7.245330810546875000e-01
7.100089788436889648e-01
-6.250182539224624634e-02
7.280640602111816406e-01
6.273897886276245117e-01
-7.943578809499740601e-02
7.163230776786804199e-01
5.556198358535766602e-01
-9.641340374946594238e-02
5.917527079582214355e-01
6.664760112762451172e-01
-3.307693824172019958e-02
5.396589040756225586e-01
5.899565219879150391e-01
-6.033632531762123108e-02
5.006426572799682617e-01
5.408475399017333984e-01
-8.358552306890487671e-02
4.648570418357849121e-01
4.943474829196929932e-01
-1.017355546355247498e-01
5.428234338760375977e-01
6.968923807144165039e-01
-3.209340199828147888e-02
4.796393215656280518e-01
6.212109327316284180e-01
-6.089484319090843201e-02
4.360475242137908936e-01
5.584971904754638672e-01
-8.927363902330398560e-02
3.956117033958435059e-01
4.959409832954406738e-01
-1.100755408406257629e-01
5.083375573158264160e-01
7.374979853630065918e-01
-3.583163768053054810e-02
4.463720917701721191e-01
6.619914770126342773e-01
-6.924351304769515991e-02
4.039009511470794678e-01
5.986279845237731934e-01
-9.351422637701034546e-02
3.657605946063995361e-01
5.389828085899353027e-01
-1.078399494290351868e-01
4.880005717277526855e-01
7.850666642189025879e-01
-4.267292842268943787e-02
4.260494709014892578e-01
7.311838865280151367e-01
-7.637655735015869141e-02
3.851768672466278076e-01
6.928230524063110352e-01
-9.358007460832595825e-02
3.522133231163024902e-01
6.550576090812683105e-01
-1.022909060120582581e-01
