6.998158097267150879e-01
4.454137086868286133e-01
4.354228906322532566e-07
7.424716949462890625e-01
3.602922260761260986e-01
-1.709857955574989319e-02
7.574320435523986816e-01
2.694309651851654053e-01
-3.084560297429561615e-02
7.481405735015869141e-01
1.907689720392227173e-01
-4.091528430581092834e-02
7.373260855674743652e-01
1.293604075908660889e-01
-5.143088474869728088e-02
6.869743466377258301e-01
2.341574728488922119e-01
-4.430021345615386963e-02
6.344004273414611816e-01
1.356624066829681396e-01
-6.180464103817939758e-02
6.010077595710754395e-01
8.539028465747833252e-02
-7.001410424709320068e-02
5.741198062896728516e-01
4.939541220664978027e-02
-7.400093972682952881e-02
6.436762213706970215e-01
2.657685875892639160e-01
-4.399427026510238647e-02
5.858446955680847168e-01
1.612471938133239746e-01
-5.994695052504539490e-02
5.504321455955505371e-01
1.025128215551376343e-01
-6.706359237432479858e-02
5.244084596633911133e-01
6.402911245822906494e-02
-7.130564004182815552e-02
6.100142002105712891e-01
3.045442998409271240e-01
-4.291097819805145264e-02
5.552350878715515137e-01
2.166731953620910645e-01
-5.500983446836471558e-02
5.247610807418823242e-01
1.660250276327133179e-01
-5.956508964300155640e-02
5.046371817588806152e-01
1.322349905967712402e-01
-6.209318712353706360e-02
5.850783586502075195e-01
3.441624343395233154e-01
-4.229437559843063354e-02
5.439455509185791016e-01
2.726930677890777588e-01
-5.213605985045433044e-02
5.224843025207519531e-01
2.338000386953353882e-01
-5.335666239261627197e-02
5.087673664093017578e-01
2.041134536266326904e-01
-5.226211622357368469e-02
