6.945021152496337891e-01
5.289810299873352051e-01
5.427213523034879472e-07
7.393511533737182617e-01
4.370967149734497070e-01
-3.077205084264278412e-02
7.526192069053649902e-01
3.373259603977203369e-01
-5.181592330336570740e-02
7.402686476707458496e-01
2.493872046470642090e-01
-6.515252590179443359e-02
7.267732620239257812e-01
1.782858073711395264e-01
-7.831830531358718872e-02
6.755374073982238770e-01
3.176691830158233643e-01
-7.120696455240249634e-02
6.108798980712890625e-01
2.072096616029739380e-01
-9.483548253774642944e-02
5.719600319862365723e-01
1.472145020961761475e-01
-1.046438366174697876e-01
5.410953760147094727e-01
1.002525687217712402e-01
-1.091718152165412903e-01
6.245736479759216309e-01
3.554621934890747070e-01
-6.495691090822219849e-02
5.566957592964172363e-01
2.370046824216842651e-01
-8.831389248371124268e-02
5.164653062820434570e-01
1.649658977985382080e-01
-9.763131290674209595e-02
4.880934953689575195e-01
1.122599244117736816e-01
-1.027270630002021790e-01
5.856183171272277832e-01
3.933297693729400635e-01
-5.788403004407882690e-02
5.260357856750488281e-01
2.900218963623046875e-01
-7.544826716184616089e-02
4.930976331233978271e-01
2.261575758457183838e-01
-8.374540507793426514e-02
4.698984324932098389e-01
1.767918467521667480e-01
-8.806335926055908203e-02
5.594829916954040527e-01
4.244462251663208008e-01
-5.199882015585899353e-02
5.172811746597290039e-01
3.362045586109161377e-01
-6.666642427444458008e-02
4.925378561019897461e-01
2.857877612113952637e-01
-7.261544466018676758e-02
4.738337993621826172e-01
2.432967424392700195e-01
-7.455911487340927124e-02
