6.035785675048828125e-01
4.734694957733154297e-01
2.507751162283966551e-07
6.288454532623291016e-01
4.273363947868347168e-01
-1.815056428313255310e-02
6.349266767501831055e-01
3.791418671607971191e-01
-2.894010581076145172e-02
6.303445100784301758e-01
3.383955657482147217e-01
-3.672055900096893311e-02
6.325272917747497559e-01
3.047743439674377441e-01
-4.452078416943550110e-02
5.835357308387756348e-01
3.647510707378387451e-01
-2.925473824143409729e-02
5.556392669677734375e-01
3.174424767494201660e-01
-4.191341623663902283e-02
5.399761795997619629e-01
2.869862318038940430e-01
-4.988233000040054321e-02
5.285791754722595215e-01
2.614738941192626953e-01
-5.499320104718208313e-02
5.604987144470214844e-01
3.792397975921630859e-01
-2.602227218449115753e-02
5.291619300842285156e-01
3.278041779994964600e-01
-3.804938495159149170e-02
5.098615884780883789e-01
2.918741106986999512e-01
-4.575456678867340088e-02
4.955118894577026367e-01
2.628174424171447754e-01
-5.091496929526329041e-02
5.446144938468933105e-01
3.963011801242828369e-01
-2.321195229887962341e-02
5.163716673851013184e-01
3.494439125061035156e-01
-3.333271294832229614e-02
4.991587102413177490e-01
3.174794912338256836e-01
-3.989424556493759155e-02
4.867621958255767822e-01
2.915956974029541016e-01
-4.395119473338127136e-02
5.344024300575256348e-01
4.141709506511688232e-01
-2.154297567903995514e-02
5.114694237709045410e-01
3.810622990131378174e-01
-3.059883974492549896e-02
4.975099861621856689e-01
3.586441874504089355e-01
-3.519210964441299438e-02
4.876596331596374512e-01
3.399595916271209717e-01
-3.746754303574562073e-02
