3.343550562858581543e-01
7.459749579429626465e-01
-2.256498987662780564e-07
3.040080964565277100e-01
7.442680001258850098e-01
-2.158642001450061798e-02
2.831958830356597900e-01
7.452660799026489258e-01
-3.969657793641090393e-02
2.650908231735229492e-01
7.471064329147338867e-01
-5.642637237906455994e-02
2.444292902946472168e-01
7.560340762138366699e-01
-7.395308464765548706e-02
3.229724168777465820e-01
7.762644290924072266e-01
-3.940376266837120056e-02
3.291572034358978271e-01
7.632289528846740723e-01
-6.394844502210617065e-02
3.372524678707122803e-01
7.468971014022827148e-01
-8.176356554031372070e-02
3.471497893333435059e-01
7.296291589736938477e-01
-9.114999324083328247e-02
3.528532087802886963e-01
7.830730080604553223e-01
-3.599653020501136780e-02
3.649185895919799805e-01
7.585609555244445801e-01
-5.584094673395156860e-02
3.747086822986602783e-01
7.297793626785278320e-01
-6.702423840761184692e-02
3.832710981369018555e-01
7.039450407028198242e-01
-7.421684265136718750e-02
3.753283023834228516e-01
7.840871810913085938e-01
-3.354640677571296692e-02
3.906597197055816650e-01
7.617801427841186523e-01
-5.000792816281318665e-02
3.985149562358856201e-01
7.363590598106384277e-01
-5.692758783698081970e-02
4.051020741462707520e-01
7.137176990509033203e-01
-5.997726693749427795e-02
3.914984166622161865e-01
7.817080616950988770e-01
-3.254869952797889709e-02
4.072452783584594727e-01
7.683414816856384277e-01
-4.132627695798873901e-02
4.162694215774536133e-01
7.533504366874694824e-01
-4.275790601968765259e-02
4.241216182708740234e-01
7.409172654151916504e-01
-4.322131723165512085e-02
