7.245727181434631348e-01
5.725816488265991211e-01
5.768401365457975771e-07
7.634577155113220215e-01
4.661401212215423584e-01
-1.603307947516441345e-02
7.750782966613769531e-01
3.625290691852569580e-01
-3.513977304100990295e-02
7.645848393440246582e-01
2.711216211318969727e-01
-4.993838071823120117e-02
7.530975341796875000e-01
1.980675607919692993e-01
-6.611683219671249390e-02
6.998508572578430176e-01
3.365195095539093018e-01
-6.171262636780738831e-02
6.318762898445129395e-01
2.254475504159927368e-01
-8.405294269323348999e-02
5.917953848838806152e-01
1.681619435548782349e-01
-9.328383952379226685e-02
5.604501366615295410e-01
1.254114210605621338e-01
-9.751739352941513062e-02
6.491487622261047363e-01
3.765466511249542236e-01
-6.420461833477020264e-02
5.769079923629760742e-01
2.546390891075134277e-01
-8.430384099483489990e-02
5.355100631713867188e-01
1.831884682178497314e-01
-9.165711700916290283e-02
5.073541402816772461e-01
1.336480528116226196e-01
-9.606936573982238770e-02
6.086447238922119141e-01
4.246463179588317871e-01
-6.455628573894500732e-02
5.429423451423645020e-01
3.171138763427734375e-01
-7.851709425449371338e-02
5.084958076477050781e-01
2.520894408226013184e-01
-8.396472036838531494e-02
4.875055551528930664e-01
2.062254250049591064e-01
-8.802127093076705933e-02
5.797805786132812500e-01
4.740872979164123535e-01
-6.468552350997924805e-02
5.294986963272094727e-01
3.954336047172546387e-01
-7.599268108606338501e-02
5.065184831619262695e-01
3.541680574417114258e-01
-7.662422955036163330e-02
4.913637638092041016e-01
3.225080072879791260e-01
-7.520721107721328735e-02
