3.453081846237182617e-01
7.903602123260498047e-01
1.128940709804737708e-07
3.169481158256530762e-01
7.546800971031188965e-01
-5.905556026846170425e-03
2.949039936065673828e-01
7.209282517433166504e-01
-1.252179499715566635e-02
2.707259654998779297e-01
7.091006040573120117e-01
-1.957994326949119568e-02
2.449024915695190430e-01
7.127744555473327637e-01
-2.760816738009452820e-02
3.300054669380187988e-01
7.333465814590454102e-01
-1.025534886866807938e-02
3.365767896175384521e-01
7.117638587951660156e-01
-1.817243546247482300e-02
3.428031504154205322e-01
6.923351883888244629e-01
-2.582884393632411957e-02
3.509458005428314209e-01
6.730396151542663574e-01
-3.204560652375221252e-02
3.592163324356079102e-01
7.416455745697021484e-01
-1.448048371821641922e-02
3.709520101547241211e-01
7.087075710296630859e-01
-1.850264519453048706e-02
3.779950737953186035e-01
6.810995936393737793e-01
-2.304446510970592499e-02
3.849006891250610352e-01
6.541867256164550781e-01
-2.899324521422386169e-02
3.826036453247070312e-01
7.465486526489257812e-01
-1.945813931524753571e-02
3.947480320930480957e-01
7.164320945739746094e-01
-2.548151090741157532e-02
4.022074341773986816e-01
6.916460394859313965e-01
-2.838182076811790466e-02
4.080484807491302490e-01
6.667508482933044434e-01
-3.147717192769050598e-02
3.994085788726806641e-01
7.503576874732971191e-01
-2.509266138076782227e-02
4.119792580604553223e-01
7.272427082061767578e-01
-2.844748646020889282e-02
4.186803400516510010e-01
7.098308801651000977e-01
-2.739572338759899139e-02
4.237027764320373535e-01
6.912642121315002441e-01
-2.834963425993919373e-02
