3.659812211990356445e-01
7.961318492889404297e-01
-1.200704673465224914e-07
3.304092884063720703e-01
7.931712865829467773e-01
-2.327489107847213745e-02
3.014618754386901855e-01
8.024404644966125488e-01
-4.039980843663215637e-02
2.760372161865234375e-01
8.146037459373474121e-01
-5.595165863633155823e-02
2.495092153549194336e-01
8.281670212745666504e-01
-7.304615527391433716e-02
3.396580815315246582e-01
8.485566973686218262e-01
-3.473379462957382202e-02
3.461908996105194092e-01
8.510400056838989258e-01
-5.621013045310974121e-02
3.588105142116546631e-01
8.480052351951599121e-01
-7.408767938613891602e-02
3.751921951770782471e-01
8.440445661544799805e-01
-8.489668369293212891e-02
3.687565922737121582e-01
8.554561138153076172e-01
-3.177056834101676941e-02
3.823616504669189453e-01
8.548564314842224121e-01
-4.830086231231689453e-02
3.967224657535552979e-01
8.445007205009460449e-01
-6.022087857127189636e-02
4.117907881736755371e-01
8.333917856216430664e-01
-6.898645311594009399e-02
3.921429514884948730e-01
8.527197837829589844e-01
-3.020961955189704895e-02
4.085068702697753906e-01
8.489729762077331543e-01
-4.348666220903396606e-02
4.184465408325195312e-01
8.391898274421691895e-01
-4.884364083409309387e-02
4.277303814888000488e-01
8.291683197021484375e-01
-5.260736867785453796e-02
4.110370278358459473e-01
8.423194289207458496e-01
-3.071181662380695343e-02
4.253610074520111084e-01
8.393524289131164551e-01
-3.868095204234123230e-02
4.333422482013702393e-01
8.335573077201843262e-01
-3.908127918839454651e-02
4.399764835834503174e-01
8.286489844322204590e-01
-3.947200998663902283e-02
