7.058178186416625977e-01
6.115405559539794922e-01
5.417594479695253540e-07
7.435876131057739258e-01
5.115662813186645508e-01
-2.951788529753684998e-02
7.550548911094665527e-01
3.997066617012023926e-01
-5.332772433757781982e-02
7.453571557998657227e-01
3.047244846820831299e-01
-7.022155076265335083e-02
7.325131893157958984e-01
2.324289828538894653e-01
-8.817452937364578247e-02
6.819463968276977539e-01
3.928121924400329590e-01
-8.186827600002288818e-02
6.121504902839660645e-01
2.740761041641235352e-01
-1.118116378784179688e-01
5.712299346923828125e-01
2.076785862445831299e-01
-1.245489642024040222e-01
5.405510067939758301e-01
1.558007299900054932e-01
-1.304018199443817139e-01
6.316941976547241211e-01
4.357010424137115479e-01
-7.909695059061050415e-02
5.597406625747680664e-01
3.084806203842163086e-01
-1.081977859139442444e-01
5.165433287620544434e-01
2.265823781490325928e-01
-1.213121339678764343e-01
4.845362901687622070e-01
1.648878306150436401e-01
-1.288054734468460083e-01
5.926669239997863770e-01
4.767769575119018555e-01
-7.473487406969070435e-02
5.283899903297424316e-01
3.651078641414642334e-01
-9.602335840463638306e-02
4.901959896087646484e-01
2.909336984157562256e-01
-1.083608418703079224e-01
4.616792201995849609e-01
2.348962426185607910e-01
-1.157899051904678345e-01
5.667015314102172852e-01
5.111048817634582520e-01
-7.115698605775833130e-02
5.161430835723876953e-01
4.342125356197357178e-01
-8.966232836246490479e-02
4.834875762462615967e-01
3.875495791435241699e-01
-9.853264689445495605e-02
4.568458795547485352e-01
3.511818945407867432e-01
-1.022470891475677490e-01
