3.799649477005004883e-01
9.609962701797485352e-01
7.499209004890872166e-07
3.410515189170837402e-01
8.803575634956359863e-01
-1.061524078249931335e-01
3.199895620346069336e-01
8.200818300247192383e-01
-1.874204725027084351e-01
2.996656298637390137e-01
7.915263772010803223e-01
-2.508929371833801270e-01
2.670825123786926270e-01
7.719910144805908203e-01
-3.163842856884002686e-01
4.202299714088439941e-01
8.918880224227905273e-01
-2.127689868211746216e-01
4.897344410419464111e-01
8.277910351753234863e-01
-2.885325551033020020e-01
5.437168478965759277e-01
7.798119187355041504e-01
-3.307403028011322021e-01
5.903018116950988770e-01
7.361904382705688477e-01
-3.566100001335144043e-01
4.703975319862365723e-01
9.465650320053100586e-01
-1.892640888690948486e-01
5.637174844741821289e-01
8.593323826789855957e-01
-2.629561126232147217e-01
6.258503198623657227e-01
7.908596396446228027e-01
-2.981277108192443848e-01
6.743844747543334961e-01
7.274347543716430664e-01
-3.219420611858367920e-01
5.097563862800598145e-01
9.805253744125366211e-01
-1.667277216911315918e-01
5.958835482597351074e-01
9.029537439346313477e-01
-2.286004275083541870e-01
6.550636291503906250e-01
8.315691351890563965e-01
-2.599957287311553955e-01
6.973668932914733887e-01
7.689204216003417969e-01
-2.782869040966033936e-01
5.364620685577392578e-01
9.892823696136474609e-01
-1.500342190265655518e-01
6.057479977607727051e-01
9.489225149154663086e-01
-1.930083632469177246e-01
6.507193446159362793e-01
9.114025831222534180e-01
-2.149575799703598022e-01
6.857905387878417969e-01
8.748381137847900391e-01
-2.300535589456558228e-01
