6.962584853172302246e-01
4.844897389411926270e-01
5.076818752058898099e-07
7.382148504257202148e-01
3.920839428901672363e-01
-2.105410583317279816e-02
7.519015073776245117e-01
3.003964424133300781e-01
-3.878086060285568237e-02
7.403131723403930664e-01
2.211565524339675903e-01
-5.192248895764350891e-02
7.272570133209228516e-01
1.556899249553680420e-01
-6.541866809129714966e-02
6.759734749794006348e-01
2.717659175395965576e-01
-5.174374580383300781e-02
6.165910959243774414e-01
1.735436022281646729e-01
-7.167625427246093750e-02
5.796269774436950684e-01
1.209869086742401123e-01
-8.088270574808120728e-02
5.499283671379089355e-01
8.148656785488128662e-02
-8.558556437492370605e-02
6.301252841949462891e-01
3.069462180137634277e-01
-5.079369619488716125e-02
5.652040839195251465e-01
2.020110487937927246e-01
-6.934034824371337891e-02
5.284139513969421387e-01
1.413151621818542480e-01
-7.697982341051101685e-02
5.024709701538085938e-01
9.808734059333801270e-02
-8.141285926103591919e-02
5.936123728752136230e-01
3.481437563896179199e-01
-4.916739091277122498e-02
5.346742868423461914e-01
2.540870904922485352e-01
-6.351412832736968994e-02
5.061674118041992188e-01
1.975090801715850830e-01
-6.766378134489059448e-02
4.880716800689697266e-01
1.548731625080108643e-01
-6.994521617889404297e-02
5.668479204177856445e-01
3.877597749233245850e-01
-4.822945222258567810e-02
5.245614051818847656e-01
3.120208382606506348e-01
-6.008906662464141846e-02
5.064948797225952148e-01
2.700234651565551758e-01
-6.079468876123428345e-02
4.954615235328674316e-01
2.361487746238708496e-01
-5.913063883781433105e-02
