6.943704485893249512e-01
5.281826257705688477e-01
6.077098078094422817e-07
7.375003695487976074e-01
4.335292577743530273e-01
-2.878792397677898407e-02
7.517399787902832031e-01
3.346961438655853271e-01
-5.009945482015609741e-02
7.400606274604797363e-01
2.481987774372100830e-01
-6.397507339715957642e-02
7.259844541549682617e-01
1.787628531455993652e-01
-7.787358760833740234e-02
6.768900156021118164e-01
3.198921680450439453e-01
-7.227803766727447510e-02
6.117392182350158691e-01
2.088874280452728271e-01
-9.709472209215164185e-02
5.722117424011230469e-01
1.481187492609024048e-01
-1.072051003575325012e-01
5.408542752265930176e-01
9.974700212478637695e-02
-1.115554571151733398e-01
6.265511512756347656e-01
3.565176129341125488e-01
-6.717591732740402222e-02
5.564046502113342285e-01
2.372504770755767822e-01
-9.123695641756057739e-02
5.157372355461120605e-01
1.655647754669189453e-01
-9.985047578811645508e-02
4.870378375053405762e-01
1.118939667940139771e-01
-1.043181195855140686e-01
5.875849723815917969e-01
3.938380181789398193e-01
-6.090632453560829163e-02
5.242965817451477051e-01
2.898080646991729736e-01
-7.925964891910552979e-02
4.912583827972412109e-01
2.260104119777679443e-01
-8.569174259901046753e-02
4.693846702575683594e-01
1.777198910713195801e-01
-8.848015218973159790e-02
5.605572462081909180e-01
4.243812263011932373e-01
-5.557799339294433594e-02
5.153837203979492188e-01
3.352243006229400635e-01
-6.998478621244430542e-02
4.930454790592193604e-01
2.858009636402130127e-01
-7.343180477619171143e-02
4.772766828536987305e-01
2.454548031091690063e-01
-7.333769649267196655e-02
