6.980164051055908203e-01
5.041779875755310059e-01
5.074950308880943339e-07
7.410899400711059570e-01
4.105557203292846680e-01
-2.286045439541339874e-02
7.527425885200500488e-01
3.098844289779663086e-01
-3.997499123215675354e-02
7.409117817878723145e-01
2.237447202205657959e-01
-5.063196644186973572e-02
7.300906181335449219e-01
1.550479829311370850e-01
-6.108578667044639587e-02
6.790078282356262207e-01
2.864364683628082275e-01
-6.080434098839759827e-02
6.165202856063842773e-01
1.780954599380493164e-01
-8.035717159509658813e-02
5.806087255477905273e-01
1.204372793436050415e-01
-8.758161962032318115e-02
5.527117848396301270e-01
7.662618160247802734e-02
-9.011998027563095093e-02
6.306910514831542969e-01
3.247923851013183594e-01
-5.666008964180946350e-02
5.646970272064208984e-01
2.073613256216049194e-01
-7.730245590209960938e-02
5.272054672241210938e-01
1.378503590822219849e-01
-8.421254903078079224e-02
4.998221397399902344e-01
8.948045969009399414e-02
-8.694925904273986816e-02
5.932787060737609863e-01
3.643309473991394043e-01
-5.103613808751106262e-02
5.337417721748352051e-01
2.603419423103332520e-01
-6.667160987854003906e-02
5.008184313774108887e-01
1.988234817981719971e-01
-7.259501516819000244e-02
4.761475324630737305e-01
1.545940488576889038e-01
-7.475493848323822021e-02
5.686564445495605469e-01
3.979373276233673096e-01
-4.580887779593467712e-02
5.314211845397949219e-01
3.088917434215545654e-01
-5.723064392805099487e-02
5.112699270248413086e-01
2.637445926666259766e-01
-5.927712842822074890e-02
4.958786964416503906e-01
2.308680862188339233e-01
-5.802929028868675232e-02
