4.392462968826293945e-01
8.142569661140441895e-01
3.007773159424687037e-07
4.241257905960083008e-01
7.822625637054443359e-01
-1.816129684448242188e-02
4.124335646629333496e-01
7.513505220413208008e-01
-3.506153449416160583e-02
3.962204456329345703e-01
7.313457727432250977e-01
-4.945046827197074890e-02
3.777557611465454102e-01
7.222170233726501465e-01
-6.483000516891479492e-02
4.532706439495086670e-01
7.498252987861633301e-01
-3.948611766099929810e-02
4.771954119205474854e-01
7.215268611907958984e-01
-5.616806820034980774e-02
4.957341551780700684e-01
6.979199647903442383e-01
-6.723678112030029297e-02
5.127999782562255859e-01
6.776396632194519043e-01
-7.439142465591430664e-02
4.769674837589263916e-01
7.649465799331665039e-01
-3.936876356601715088e-02
5.053030252456665039e-01
7.248132228851318359e-01
-5.291498079895973206e-02
5.256701707839965820e-01
6.951600909233093262e-01
-6.022100895643234253e-02
5.427048206329345703e-01
6.703515648841857910e-01
-6.619051098823547363e-02
4.933533072471618652e-01
7.745642066001892090e-01
-3.955251350998878479e-02
5.212171077728271484e-01
7.348970174789428711e-01
-5.141780897974967957e-02
5.399557352066040039e-01
7.054748535156250000e-01
-5.685877427458763123e-02
5.541897416114807129e-01
6.804050207138061523e-01
-6.028342992067337036e-02
5.033606886863708496e-01
7.803932428359985352e-01
-4.081730172038078308e-02
5.286606550216674805e-01
7.520614862442016602e-01
-4.906754568219184875e-02
5.450570583343505859e-01
7.312905788421630859e-01
-5.127901211380958557e-02
5.578611493110656738e-01
7.115048170089721680e-01
-5.291695520281791687e-02
