3.304419517517089844e-01
7.597920894622802734e-01
2.778048440177371958e-07
3.004004061222076416e-01
7.261516451835632324e-01
-1.728362590074539185e-02
2.735708355903625488e-01
6.820998191833496094e-01
-2.980349399149417877e-02
2.510783672332763672e-01
6.543473005294799805e-01
-3.942719101905822754e-02
2.258750498294830322e-01
6.423786282539367676e-01
-5.008070915937423706e-02
3.029103279113769531e-01
6.801441311836242676e-01
-3.911638259887695312e-02
3.169190883636474609e-01
6.401937603950500488e-01
-5.801418051123619080e-02
3.293071985244750977e-01
6.130640506744384766e-01
-7.039061188697814941e-02
3.406973183155059814e-01
5.872688889503479004e-01
-7.899167388677597046e-02
3.305555582046508789e-01
6.889489889144897461e-01
-4.035902395844459534e-02
3.476669490337371826e-01
6.423983573913574219e-01
-5.643097311258316040e-02
3.588422238826751709e-01
6.081774234771728516e-01
-6.552478671073913574e-02
3.697138726711273193e-01
5.792058110237121582e-01
-7.392744719982147217e-02
3.550012409687042236e-01
7.019937038421630859e-01
-4.196488112211227417e-02
3.716841340065002441e-01
6.580638289451599121e-01
-5.892814323306083679e-02
3.824519217014312744e-01
6.251736283302307129e-01
-6.356315314769744873e-02
3.939561843872070312e-01
5.981239080429077148e-01
-6.701052933931350708e-02
3.743122518062591553e-01
7.168853878974914551e-01
-4.422667995095252991e-02
3.891566395759582520e-01
6.832224726676940918e-01
-5.794192478060722351e-02
3.985544145107269287e-01
6.558482646942138672e-01
-6.023658439517021179e-02
4.088124930858612061e-01
6.312419772148132324e-01
-6.227987632155418396e-02
