7.162856459617614746e-01
6.086935400962829590e-01
6.050719889572064858e-07
7.565864920616149902e-01
5.054898262023925781e-01
-2.228030562400817871e-02
7.696893215179443359e-01
4.035773277282714844e-01
-4.392516613006591797e-02
7.596260905265808105e-01
3.153917789459228516e-01
-6.034009531140327454e-02
7.493078708648681641e-01
2.439340800046920776e-01
-7.821214944124221802e-02
6.925694346427917480e-01
3.851616382598876953e-01
-6.912662088871002197e-02
6.267751455307006836e-01
2.738395929336547852e-01
-9.441843628883361816e-02
5.876731872558593750e-01
2.146021872758865356e-01
-1.054242178797721863e-01
5.570909380912780762e-01
1.685249358415603638e-01
-1.109150871634483337e-01
6.419235467910766602e-01
4.268524944782257080e-01
-6.961659342050552368e-02
5.707925558090209961e-01
3.080587387084960938e-01
-9.194500744342803955e-02
5.307753682136535645e-01
2.356110960245132446e-01
-1.011029109358787537e-01
5.032975077629089355e-01
1.825575977563858032e-01
-1.068025529384613037e-01
6.027628779411315918e-01
4.743493199348449707e-01
-6.835199892520904541e-02
5.391560792922973633e-01
3.705315589904785156e-01
-8.454935252666473389e-02
5.073567032814025879e-01
3.030884563922882080e-01
-9.107651561498641968e-02
4.877293109893798828e-01
2.512886524200439453e-01
-9.590006619691848755e-02
5.759397745132446289e-01
5.208919644355773926e-01
-6.744363158941268921e-02
5.274462699890136719e-01
4.488021731376647949e-01
-8.148929476737976074e-02
5.047264695167541504e-01
4.076415300369262695e-01
-8.370548486709594727e-02
4.892383217811584473e-01
3.737559914588928223e-01
-8.336573094129562378e-02
