3.824677765369415283e-01
7.460406422615051270e-01
2.245056833771741367e-07
3.557805716991424561e-01
7.104244828224182129e-01
-9.104293771088123322e-03
3.313257396221160889e-01
6.749673485755920410e-01
-2.152027748525142670e-02
3.097842335700988770e-01
6.535801887512207031e-01
-3.314463421702384949e-02
2.890202999114990234e-01
6.462630629539489746e-01
-4.496645927429199219e-02
3.572441041469573975e-01
6.727474331855773926e-01
-2.699628844857215881e-02
3.698197305202484131e-01
6.417282819747924805e-01
-4.125889390707015991e-02
3.784133493900299072e-01
6.174553632736206055e-01
-5.044721439480781555e-02
3.863310515880584717e-01
5.940479636192321777e-01
-5.707280337810516357e-02
3.871516287326812744e-01
6.844168305397033691e-01
-3.134046122431755066e-02
4.042203128337860107e-01
6.446925401687622070e-01
-4.284632951021194458e-02
4.147886931896209717e-01
6.161692738533020020e-01
-4.757967963814735413e-02
4.233745038509368896e-01
5.887308120727539062e-01
-5.252479389309883118e-02
4.125739932060241699e-01
6.938472986221313477e-01
-3.595111891627311707e-02
4.290829300880432129e-01
6.555263400077819824e-01
-4.862811043858528137e-02
4.401659667491912842e-01
6.277692914009094238e-01
-5.133591219782829285e-02
4.474882781505584717e-01
6.008070111274719238e-01
-5.335260182619094849e-02
4.349195659160614014e-01
7.033119201660156250e-01
-4.083972051739692688e-02
4.512623548507690430e-01
6.751118302345275879e-01
-4.972941055893898010e-02
4.585837721824645996e-01
6.560899019241333008e-01
-5.043245479464530945e-02
4.631161689758300781e-01
6.342408061027526855e-01
-5.167296156287193298e-02
