6.652790904045104980e-01
5.832984447479248047e-01
5.448266051644168328e-07
7.068141698837280273e-01
4.883412718772888184e-01
-3.522257506847381592e-02
7.187120914459228516e-01
3.887862265110015869e-01
-6.106755882501602173e-02
7.045863866806030273e-01
3.039524853229522705e-01
-7.840085774660110474e-02
6.864699721336364746e-01
2.363075017929077148e-01
-9.632512927055358887e-02
6.430058479309082031e-01
3.877697288990020752e-01
-8.837091922760009766e-02
5.670465230941772461e-01
2.870277762413024902e-01
-1.184668987989425659e-01
5.213706493377685547e-01
2.301810383796691895e-01
-1.307371109724044800e-01
4.855135977268218994e-01
1.846111118793487549e-01
-1.365532726049423218e-01
5.937878489494323730e-01
4.274966716766357422e-01
-8.194088935852050781e-02
5.115108489990234375e-01
3.195304870605468750e-01
-1.118206009268760681e-01
4.644856452941894531e-01
2.493263781070709229e-01
-1.231740042567253113e-01
4.314853250980377197e-01
1.950936466455459595e-01
-1.292449235916137695e-01
5.557287931442260742e-01
4.635778069496154785e-01
-7.429464906454086304e-02
4.837238192558288574e-01
3.637820482254028320e-01
-9.754563868045806885e-02
4.457348585128784180e-01
2.965495288372039795e-01
-1.078801676630973816e-01
4.203705191612243652e-01
2.420101314783096313e-01
-1.132358908653259277e-01
5.300462245941162109e-01
4.911379218101501465e-01
-6.778456270694732666e-02
4.731085300445556641e-01
4.169327616691589355e-01
-8.759953081607818604e-02
4.441995024681091309e-01
3.693773448467254639e-01
-9.551752358675003052e-02
4.247487485408782959e-01
3.277715444564819336e-01
-9.828775376081466675e-02
