3.042209148406982422e-01
7.491624951362609863e-01
1.740774990821591928e-07
2.704906761646270752e-01
7.273512482643127441e-01
-1.565605960786342621e-02
2.379135489463806152e-01
6.946560740470886230e-01
-2.875494211912155151e-02
2.083608955144882202e-01
6.730309724807739258e-01
-3.896325454115867615e-02
1.778235733509063721e-01
6.667358875274658203e-01
-4.959212243556976318e-02
2.613085210323333740e-01
6.980713009834289551e-01
-4.057047516107559204e-02
2.568025588989257812e-01
6.718853116035461426e-01
-6.228727474808692932e-02
2.576342523097991943e-01
6.522475481033325195e-01
-7.608354836702346802e-02
2.583377361297607422e-01
6.312594413757324219e-01
-8.550379425287246704e-02
2.909862399101257324e-01
6.988269090652465820e-01
-4.266570881009101868e-02
2.914214134216308594e-01
6.647635698318481445e-01
-5.940231308341026306e-02
2.919860482215881348e-01
6.394222974777221680e-01
-6.669462472200393677e-02
2.936305701732635498e-01
6.152870059013366699e-01
-7.376879453659057617e-02
3.190458714962005615e-01
7.045851349830627441e-01
-4.527941346168518066e-02
3.199881315231323242e-01
6.747630834579467773e-01
-6.333849579095840454e-02
3.202517926692962646e-01
6.497799158096313477e-01
-6.673729419708251953e-02
3.203207552433013916e-01
6.242738962173461914e-01
-6.938429921865463257e-02
3.437772393226623535e-01
7.126871347427368164e-01
-4.836582019925117493e-02
3.485112190246582031e-01
6.940362453460693359e-01
-6.387524306774139404e-02
3.499261140823364258e-01
6.775131225585937500e-01
-6.652708351612091064e-02
3.501675128936767578e-01
6.571617126464843750e-01
-6.874095648527145386e-02
