6.069110035896301270e-01
5.079044699668884277e-01
3.066480473989940947e-07
6.339016556739807129e-01
4.663394689559936523e-01
-2.403852902352809906e-02
6.421728134155273438e-01
4.208201766014099121e-01
-3.819969296455383301e-02
6.401855349540710449e-01
3.824721872806549072e-01
-4.808944091200828552e-02
6.416808962821960449e-01
3.492022156715393066e-01
-5.775547400116920471e-02
5.894105434417724609e-01
4.058277010917663574e-01
-3.712093085050582886e-02
5.634110569953918457e-01
3.635013103485107422e-01
-5.238917842507362366e-02
5.484172701835632324e-01
3.336698114871978760e-01
-6.211954727768898010e-02
5.368629097938537598e-01
3.078426122665405273e-01
-6.833996623754501343e-02
5.644568204879760742e-01
4.180655777454376221e-01
-3.149908408522605896e-02
5.334250330924987793e-01
3.721165359020233154e-01
-4.552586749196052551e-02
5.149816274642944336e-01
3.365215957164764404e-01
-5.399181693792343140e-02
5.010888576507568359e-01
3.064326643943786621e-01
-5.977913737297058105e-02
5.470220446586608887e-01
4.322521686553955078e-01
-2.675235457718372345e-02
5.190434455871582031e-01
3.894744217395782471e-01
-3.869640454649925232e-02
5.034890770912170410e-01
3.577897846698760986e-01
-4.555530473589897156e-02
4.924682378768920898e-01
3.301721215248107910e-01
-4.963545501232147217e-02
5.357108712196350098e-01
4.453424811363220215e-01
-2.367099002003669739e-02
5.108804106712341309e-01
4.125047624111175537e-01
-3.406954929232597351e-02
4.967502951622009277e-01
3.904101252555847168e-01
-3.911279886960983276e-02
4.869370162487030029e-01
3.707488775253295898e-01
-4.167686030268669128e-02
