5.745458006858825684e-01
3.814854621887207031e-01
2.864925932044570800e-07
6.009311676025390625e-01
3.399870693683624268e-01
-2.835970371961593628e-02
6.066288352012634277e-01
2.882773876190185547e-01
-4.450235143303871155e-02
6.008988022804260254e-01
2.429013252258300781e-01
-5.496331304311752319e-02
5.967655777931213379e-01
2.051799595355987549e-01
-6.591024994850158691e-02
5.596108436584472656e-01
2.786381542682647705e-01
-4.948222637176513672e-02
5.297014117240905762e-01
2.331583499908447266e-01
-6.842622905969619751e-02
5.069341063499450684e-01
2.037605792284011841e-01
-7.958123832941055298e-02
4.882186353206634521e-01
1.810452640056610107e-01
-8.647537976503372192e-02
5.360518097877502441e-01
2.953316569328308105e-01
-4.209574684500694275e-02
5.044142007827758789e-01
2.476365566253662109e-01
-6.145086139440536499e-02
4.820050001144409180e-01
2.120637446641921997e-01
-7.264143973588943481e-02
4.630677700042724609e-01
1.822245717048645020e-01
-7.968951761722564697e-02
5.195198059082031250e-01
3.113290965557098389e-01
-3.497644886374473572e-02
4.904024600982666016e-01
2.666997313499450684e-01
-5.110848322510719299e-02
4.703158140182495117e-01
2.339821457862854004e-01
-5.955517292022705078e-02
4.540363252162933350e-01
2.064976543188095093e-01
-6.424521654844284058e-02
5.092529654502868652e-01
3.266618549823760986e-01
-2.940666116774082184e-02
4.867740869522094727e-01
2.931603491306304932e-01
-4.306949675083160400e-02
4.707195460796356201e-01
2.681116163730621338e-01
-4.968231171369552612e-02
4.581316113471984863e-01
2.473029792308807373e-01
-5.284733325242996216e-02
