3.675887286663055420e-01
7.679399847984313965e-01
1.629238255418385961e-07
3.416263461112976074e-01
7.458044886589050293e-01
-1.254370436072349548e-02
3.164307475090026855e-01
7.221540212631225586e-01
-2.409260161221027374e-02
2.882682085037231445e-01
7.149360179901123047e-01
-3.482349961996078491e-02
2.615678012371063232e-01
7.207422256469726562e-01
-4.725793376564979553e-02
3.414727151393890381e-01
7.408604621887207031e-01
-2.926221303641796112e-02
3.469245135784149170e-01
7.272493243217468262e-01
-4.274767264723777771e-02
3.555048108100891113e-01
7.128688097000122070e-01
-5.383520945906639099e-02
3.666332960128784180e-01
6.966352462768554688e-01
-6.263011693954467773e-02
3.685755133628845215e-01
7.491385340690612793e-01
-3.215081617236137390e-02
3.798432946205139160e-01
7.225697040557861328e-01
-4.091817140579223633e-02
3.901635706424713135e-01
7.022681832313537598e-01
-4.732837527990341187e-02
4.008982181549072266e-01
6.816609501838684082e-01
-5.575646832585334778e-02
3.910654485225677490e-01
7.556724548339843750e-01
-3.521724790334701538e-02
4.028853476047515869e-01
7.315089106559753418e-01
-4.547069966793060303e-02
4.144088327884674072e-01
7.146085500717163086e-01
-4.813852906227111816e-02
4.243881702423095703e-01
6.971750855445861816e-01
-5.212391167879104614e-02
4.086883068084716797e-01
7.628164291381835938e-01
-3.920768573880195618e-02
4.210838079452514648e-01
7.439142465591430664e-01
-4.466833174228668213e-02
4.301817417144775391e-01
7.314239740371704102e-01
-4.312440380454063416e-02
4.381121397018432617e-01
7.173709273338317871e-01
-4.498719796538352966e-02
