3.617933392524719238e-01
7.474863529205322266e-01
1.726917702171704150e-07
3.318701386451721191e-01
7.357826232910156250e-01
-1.977315731346607208e-02
3.017705082893371582e-01
7.210685610771179199e-01
-3.189681470394134521e-02
2.755758464336395264e-01
7.164614796638488770e-01
-4.151041433215141296e-02
2.495886385440826416e-01
7.192381024360656738e-01
-5.163232982158660889e-02
3.351004421710968018e-01
7.367236614227294922e-01
-3.380431607365608215e-02
3.388999700546264648e-01
7.217180728912353516e-01
-5.245133861899375916e-02
3.453239500522613525e-01
7.037485837936401367e-01
-6.753467023372650146e-02
3.541871905326843262e-01
6.836534738540649414e-01
-7.868652045726776123e-02
3.649252057075500488e-01
7.355372309684753418e-01
-3.414829075336456299e-02
3.695591390132904053e-01
7.084673047065734863e-01
-4.863487929105758667e-02
3.762387633323669434e-01
6.850262880325317383e-01
-5.960461869835853577e-02
3.826802372932434082e-01
6.620838642120361328e-01
-7.084670662879943848e-02
3.881242275238037109e-01
7.362527251243591309e-01
-3.553203120827674866e-02
3.944029211997985840e-01
7.124924659729003906e-01
-5.357832834124565125e-02
4.015675485134124756e-01
6.922411918640136719e-01
-5.912476778030395508e-02
4.076590538024902344e-01
6.738801598548889160e-01
-6.398960947990417480e-02
4.048147499561309814e-01
7.407634854316711426e-01
-3.805330395698547363e-02
4.164578914642333984e-01
7.238479256629943848e-01
-5.253228917717933655e-02
4.227931499481201172e-01
7.112984657287597656e-01
-5.441015586256980896e-02
4.264283776283264160e-01
6.986500620841979980e-01
-5.724129453301429749e-02
