5.698668956756591797e-01
6.262592673301696777e-01
3.453172041645302670e-07
5.902825593948364258e-01
5.829197764396667480e-01
-2.925241179764270782e-02
5.928626060485839844e-01
5.420209765434265137e-01
-4.566276818513870239e-02
5.853468179702758789e-01
5.118519067764282227e-01
-5.679704993963241577e-02
5.825852155685424805e-01
4.877451062202453613e-01
-6.701887398958206177e-02
5.305029749870300293e-01
5.503960847854614258e-01
-4.254229366779327393e-02
4.987947344779968262e-01
5.203840732574462891e-01
-5.962072685360908508e-02
4.792841672897338867e-01
4.964551925659179688e-01
-7.067248970270156860e-02
4.635619819164276123e-01
4.740931093692779541e-01
-7.755528390407562256e-02
5.093317627906799316e-01
5.649666190147399902e-01
-3.422288596630096436e-02
4.699817299842834473e-01
5.290249586105346680e-01
-5.149584263563156128e-02
4.461879730224609375e-01
4.970546066761016846e-01
-6.170530244708061218e-02
4.281029701232910156e-01
4.690971672534942627e-01
-6.753077358007431030e-02
4.968895018100738525e-01
5.740435719490051270e-01
-2.676087245345115662e-02
4.590897560119628906e-01
5.400080680847167969e-01
-4.148674383759498596e-02
4.384259581565856934e-01
5.084567666053771973e-01
-4.998958110809326172e-02
4.233825802803039551e-01
4.809884727001190186e-01
-5.389076098799705505e-02
4.912180006504058838e-01
5.784752368927001953e-01
-2.122792415320873260e-02
4.631157517433166504e-01
5.492576360702514648e-01
-3.223756328225135803e-02
4.468512237071990967e-01
5.247542262077331543e-01
-3.726788237690925598e-02
4.353311061859130859e-01
5.031718611717224121e-01
-3.927550092339515686e-02
