4.350689053535461426e-01
8.235316276550292969e-01
2.946215431620657910e-07
4.192489385604858398e-01
7.927174568176269531e-01
-1.446686498820781708e-02
4.085437655448913574e-01
7.618082761764526367e-01
-3.010587580502033234e-02
3.945869505405426025e-01
7.433169484138488770e-01
-4.410803318023681641e-02
3.748438358306884766e-01
7.359704375267028809e-01
-5.951876938343048096e-02
4.468774795532226562e-01
7.537050843238830566e-01
-3.562197461724281311e-02
4.716938734054565430e-01
7.269945144653320312e-01
-5.128592625260353088e-02
4.900331199169158936e-01
7.042143940925598145e-01
-6.186815723776817322e-02
5.073210000991821289e-01
6.856129765510559082e-01
-6.880678236484527588e-02
4.696896374225616455e-01
7.688796520233154297e-01
-3.777271881699562073e-02
5.000795722007751465e-01
7.331749200820922852e-01
-5.093635246157646179e-02
5.223122835159301758e-01
7.040917873382568359e-01
-5.919289588928222656e-02
5.416678190231323242e-01
6.796188354492187500e-01
-6.574712693691253662e-02
4.859439432621002197e-01
7.797921299934387207e-01
-3.995168581604957581e-02
5.170605778694152832e-01
7.448840141296386719e-01
-5.166131630539894104e-02
5.374826192855834961e-01
7.166678309440612793e-01
-5.938786640763282776e-02
5.535131096839904785e-01
6.915206909179687500e-01
-6.443721055984497070e-02
4.964732825756072998e-01
7.880252599716186523e-01
-4.278809577226638794e-02
5.240849256515502930e-01
7.635581493377685547e-01
-5.187724158167839050e-02
5.414880514144897461e-01
7.423976659774780273e-01
-5.572665482759475708e-02
5.554365515708923340e-01
7.216213941574096680e-01
-5.841045081615447998e-02
