5.995687246322631836e-01
4.403842091560363770e-01
2.647213364070921671e-07
6.249949336051940918e-01
3.942540884017944336e-01
-1.815479621291160583e-02
6.311238408088684082e-01
3.415763676166534424e-01
-2.900844812393188477e-02
6.261761188507080078e-01
2.979037165641784668e-01
-3.668206930160522461e-02
6.288150548934936523e-01
2.625683248043060303e-01
-4.454116523265838623e-02
5.819094777107238770e-01
3.262033462524414062e-01
-3.120257332921028137e-02
5.558802485466003418e-01
2.766388356685638428e-01
-4.465032368898391724e-02
5.398131012916564941e-01
2.454178631305694580e-01
-5.289241671562194824e-02
5.270973443984985352e-01
2.199613451957702637e-01
-5.815886706113815308e-02
5.589450597763061523e-01
3.413858413696289062e-01
-2.831636182963848114e-02
5.310888290405273438e-01
2.869917452335357666e-01
-4.137721285223960876e-02
5.124667286872863770e-01
2.488518357276916504e-01
-4.921587184071540833e-02
4.970408678054809570e-01
2.173144519329071045e-01
-5.461543798446655273e-02
5.425484776496887207e-01
3.585612773895263672e-01
-2.585456706583499908e-02
5.166739821434020996e-01
3.093712627887725830e-01
-3.687985613942146301e-02
5.002739429473876953e-01
2.768078744411468506e-01
-4.312480613589286804e-02
4.875404238700866699e-01
2.496545314788818359e-01
-4.688891023397445679e-02
5.310559868812561035e-01
3.760843873023986816e-01
-2.456229366362094879e-02
5.098025798797607422e-01
3.369473516941070557e-01
-3.448499366641044617e-02
4.969532191753387451e-01
3.123563528060913086e-01
-3.932021558284759521e-02
4.872533380985260010e-01
2.913021445274353027e-01
-4.176814854145050049e-02
