6.950702667236328125e-01
4.666207432746887207e-01
4.656880605580226984e-07
7.368723750114440918e-01
3.770157396793365479e-01
-1.989932917058467865e-02
7.497399449348449707e-01
2.863204181194305420e-01
-3.605016320943832397e-02
7.369968295097351074e-01
2.067387253046035767e-01
-4.782516509294509888e-02
7.249432206153869629e-01
1.432088613510131836e-01
-6.020152568817138672e-02
6.753328442573547363e-01
2.551395595073699951e-01
-5.113299563527107239e-02
6.182906031608581543e-01
1.591793000698089600e-01
-7.050418108701705933e-02
5.827996730804443359e-01
1.081537902355194092e-01
-7.977733761072158813e-02
5.550870895385742188e-01
6.933245062828063965e-02
-8.478820323944091797e-02
6.311267018318176270e-01
2.875505983829498291e-01
-4.986508935689926147e-02
5.678861141204833984e-01
1.869428157806396484e-01
-6.700386852025985718e-02
5.305302739143371582e-01
1.280631422996520996e-01
-7.433931529521942139e-02
5.045180320739746094e-01
8.615963160991668701e-02
-7.921468466520309448e-02
5.976561903953552246e-01
3.273651003837585449e-01
-4.778235405683517456e-02
5.403686165809631348e-01
2.413596957921981812e-01
-6.063253805041313171e-02
5.091279149055480957e-01
1.883538216352462769e-01
-6.564279645681381226e-02
4.891581535339355469e-01
1.491332054138183594e-01
-6.931834667921066284e-02
5.738577842712402344e-01
3.677628934383392334e-01
-4.641791060566902161e-02
5.329953432083129883e-01
3.005645871162414551e-01
-5.786849558353424072e-02
5.121738910675048828e-01
2.617180943489074707e-01
-6.044752895832061768e-02
4.978234469890594482e-01
2.287076711654663086e-01
-6.071296334266662598e-02
