7.071329951286315918e-01
6.615130901336669922e-01
7.583449814774212427e-07
7.497102022171020508e-01
5.677851438522338867e-01
-4.618845880031585693e-02
7.609000802040100098e-01
4.745362102985382080e-01
-8.459044992923736572e-02
7.540781497955322266e-01
3.894943296909332275e-01
-1.133926808834075928e-01
7.490533590316772461e-01
3.131099343299865723e-01
-1.435063779354095459e-01
6.794472336769104004e-01
4.780653417110443115e-01
-1.143228858709335327e-01
6.041012406349182129e-01
3.625531196594238281e-01
-1.548437327146530151e-01
5.628716349601745605e-01
2.951576113700866699e-01
-1.724929362535476685e-01
5.311317443847656250e-01
2.407111525535583496e-01
-1.808432340621948242e-01
6.292272210121154785e-01
5.259823203086853027e-01
-1.071811765432357788e-01
5.472395420074462891e-01
3.933778703212738037e-01
-1.455892771482467651e-01
5.022703409194946289e-01
3.087119758129119873e-01
-1.605712622404098511e-01
4.699843227863311768e-01
2.438728958368301392e-01
-1.689109355211257935e-01
5.912374258041381836e-01
5.652937889099121094e-01
-9.895315021276473999e-02
5.167756676673889160e-01
4.406015872955322266e-01
-1.288220882415771484e-01
4.760935902595520020e-01
3.577686548233032227e-01
-1.408348977565765381e-01
4.496208727359771729e-01
2.947790920734405518e-01
-1.467024981975555420e-01
5.646743178367614746e-01
5.893619060516357422e-01
-9.245023131370544434e-02
5.075690746307373047e-01
4.865086376667022705e-01
-1.161534786224365234e-01
4.789316654205322266e-01
4.187988638877868652e-01
-1.251558959484100342e-01
4.599678516387939453e-01
3.649183511734008789e-01
-1.287475824356079102e-01
