6.673269867897033691e-01
5.658784508705139160e-01
5.879575724065944087e-07
7.087036371231079102e-01
4.716125130653381348e-01
-3.565714135766029358e-02
7.187961339950561523e-01
3.735652267932891846e-01
-6.078281998634338379e-02
7.031633853912353516e-01
2.887416183948516846e-01
-7.739729434251785278e-02
6.863530874252319336e-01
2.202915102243423462e-01
-9.391909092664718628e-02
6.415176987648010254e-01
3.655155301094055176e-01
-8.114854991436004639e-02
5.697464346885681152e-01
2.621209621429443359e-01
-1.090074628591537476e-01
5.265851616859436035e-01
2.053556889295578003e-01
-1.207082569599151611e-01
4.920550584793090820e-01
1.613633781671524048e-01
-1.258285641670227051e-01
5.929651856422424316e-01
4.053049683570861816e-01
-7.314325869083404541e-02
5.163260102272033691e-01
2.946823835372924805e-01
-1.002705618739128113e-01
4.719693660736083984e-01
2.251452654600143433e-01
-1.102936416864395142e-01
4.390717148780822754e-01
1.723599582910537720e-01
-1.152438372373580933e-01
5.552944540977478027e-01
4.415075182914733887e-01
-6.434104591608047485e-02
4.895788133144378662e-01
3.404645323753356934e-01
-8.508445322513580322e-02
4.537339210510253906e-01
2.749269604682922363e-01
-9.380326420068740845e-02
4.274490475654602051e-01
2.252305150032043457e-01
-9.801056236028671265e-02
5.301014184951782227e-01
4.681388437747955322e-01
-5.697839334607124329e-02
4.830425977706909180e-01
3.878472745418548584e-01
-7.387299090623855591e-02
4.586711823940277100e-01
3.434081971645355225e-01
-7.934769988059997559e-02
4.398735463619232178e-01
3.094042539596557617e-01
-8.024074137210845947e-02
