5.624766349792480469e-01
6.384845376014709473e-01
3.832673485248960787e-07
5.826039910316467285e-01
5.934113264083862305e-01
-2.883879654109477997e-02
5.848140716552734375e-01
5.534405708312988281e-01
-4.584683850407600403e-02
5.758714079856872559e-01
5.252709984779357910e-01
-5.783889442682266235e-02
5.702971816062927246e-01
5.047773122787475586e-01
-6.892988830804824829e-02
5.243791341781616211e-01
5.625181198120117188e-01
-4.410360008478164673e-02
4.902036190032958984e-01
5.336458086967468262e-01
-6.226736307144165039e-02
4.683623015880584717e-01
5.097631216049194336e-01
-7.342852652072906494e-02
4.504556953907012939e-01
4.882892668247222900e-01
-8.003209531307220459e-02
5.035220980644226074e-01
5.785410404205322266e-01
-3.653544560074806213e-02
4.625357985496520996e-01
5.422197580337524414e-01
-5.480305105447769165e-02
4.371112585067749023e-01
5.103989839553833008e-01
-6.538355350494384766e-02
4.180374741554260254e-01
4.831597208976745605e-01
-7.133711129426956177e-02
4.906303882598876953e-01
5.886658430099487305e-01
-2.965140901505947113e-02
4.532042741775512695e-01
5.530479550361633301e-01
-4.487452283501625061e-02
4.313682317733764648e-01
5.213212966918945312e-01
-5.350454524159431458e-02
4.157213270664215088e-01
4.944790899753570557e-01
-5.745493620634078979e-02
4.843055307865142822e-01
5.935485959053039551e-01
-2.463289909064769745e-02
4.572622179985046387e-01
5.636233687400817871e-01
-3.582998737692832947e-02
4.405013322830200195e-01
5.384836792945861816e-01
-4.103452712297439575e-02
4.282460510730743408e-01
5.168386697769165039e-01
-4.311293363571166992e-02
