6.739788055419921875e-01
5.319094657897949219e-01
5.468642143569013570e-07
7.115970253944396973e-01
4.336315393447875977e-01
-2.340731211006641388e-02
7.189227342605590820e-01
3.378119170665740967e-01
-4.284223914146423340e-02
7.026557922363281250e-01
2.548912763595581055e-01
-5.654941499233245850e-02
6.878372430801391602e-01
1.887218058109283447e-01
-7.060204446315765381e-02
6.446602940559387207e-01
3.232681453227996826e-01
-6.248156726360321045e-02
5.766509771347045898e-01
2.245986163616180420e-01
-8.565684407949447632e-02
5.343621969223022461e-01
1.697191894054412842e-01
-9.551206976175308228e-02
5.007995963096618652e-01
1.280970126390457153e-01
-1.000759378075599670e-01
5.988221168518066406e-01
3.620024025440216064e-01
-5.995376780629158020e-02
5.262630581855773926e-01
2.557342648506164551e-01
-8.302378654479980469e-02
4.828740954399108887e-01
1.913741379976272583e-01
-9.209805727005004883e-02
4.512908756732940674e-01
1.426706910133361816e-01
-9.675033390522003174e-02
5.634340643882751465e-01
4.025847911834716797e-01
-5.609134584665298462e-02
4.977587759494781494e-01
3.099493980407714844e-01
-7.290930300951004028e-02
4.613375067710876465e-01
2.500556111335754395e-01
-7.944348454475402832e-02
4.360775351524353027e-01
2.040751874446868896e-01
-8.301767706871032715e-02
5.387811064720153809e-01
4.387567639350891113e-01
-5.286189168691635132e-02
4.935910105705261230e-01
3.674758374691009521e-01
-6.616795808076858521e-02
4.709876775741577148e-01
3.261613547801971436e-01
-6.930362433195114136e-02
4.543026685714721680e-01
2.912949323654174805e-01
-6.917309015989303589e-02
