6.280758976936340332e-01
8.963896036148071289e-01
1.858600597870463389e-07
6.871671676635742188e-01
8.174650073051452637e-01
-4.018453508615493774e-02
7.138386964797973633e-01
7.166336178779602051e-01
-6.120218709111213684e-02
7.284266948699951172e-01
6.286104917526245117e-01
-7.926611602306365967e-02
7.321571707725524902e-01
5.513753294944763184e-01
-9.876709431409835815e-02
5.920509696006774902e-01
6.519669890403747559e-01
-3.930384665727615356e-02
5.337986946105957031e-01
5.786338448524475098e-01
-6.817094981670379639e-02
4.916211366653442383e-01
5.357134938240051270e-01
-9.318306297063827515e-02
4.535615742206573486e-01
4.944659471511840820e-01
-1.126594543457031250e-01
5.442497134208679199e-01
6.834339499473571777e-01
-4.020939394831657410e-02
4.783604145050048828e-01
6.053276658058166504e-01
-6.982882320880889893e-02
4.313494265079498291e-01
5.497735738754272461e-01
-9.891509264707565308e-02
3.876036703586578369e-01
4.972841143608093262e-01
-1.220222711563110352e-01
5.095633268356323242e-01
7.282160520553588867e-01
-4.525916278362274170e-02
4.497885704040527344e-01
6.521562337875366211e-01
-7.634460926055908203e-02
4.075066745281219482e-01
5.941177606582641602e-01
-9.712558984756469727e-02
3.701783418655395508e-01
5.412203669548034668e-01
-1.111060753464698792e-01
4.896458685398101807e-01
7.809157371520996094e-01
-5.353271216154098511e-02
4.402414560317993164e-01
7.154449224472045898e-01
-8.235704898834228516e-02
4.072187542915344238e-01
6.659657955169677734e-01
-9.607121348381042480e-02
3.780304193496704102e-01
6.179690957069396973e-01
-1.049199998378753662e-01
