3.044822216033935547e-01
7.512903213500976562e-01
1.749859563915379113e-07
2.699972987174987793e-01
7.273296713829040527e-01
-1.521921157836914062e-02
2.380723059177398682e-01
6.940165162086486816e-01
-2.896641194820404053e-02
2.080559730529785156e-01
6.722497940063476562e-01
-4.019728302955627441e-02
1.767283976078033447e-01
6.668814420700073242e-01
-5.182638019323348999e-02
2.615237832069396973e-01
6.990775465965270996e-01
-4.085028171539306641e-02
2.566441297531127930e-01
6.718682646751403809e-01
-6.385938078165054321e-02
2.567971050739288330e-01
6.512031555175781250e-01
-7.859881222248077393e-02
2.571544051170349121e-01
6.300888657569885254e-01
-8.850525319576263428e-02
2.914684116840362549e-01
7.008864283561706543e-01
-4.358863085508346558e-02
2.909096181392669678e-01
6.654832363128662109e-01
-6.204095482826232910e-02
2.913315296173095703e-01
6.395608186721801758e-01
-6.975106149911880493e-02
2.928000092506408691e-01
6.157038807868957520e-01
-7.682390511035919189e-02
3.192899823188781738e-01
7.068512439727783203e-01
-4.689994081854820251e-02
3.193011879920959473e-01
6.753441691398620605e-01
-6.655743718147277832e-02
3.200516104698181152e-01
6.497359871864318848e-01
-6.955788284540176392e-02
3.202376067638397217e-01
6.242172718048095703e-01
-7.149227708578109741e-02
3.438707888126373291e-01
7.152534127235412598e-01
-5.064192414283752441e-02
3.477402627468109131e-01
6.938145756721496582e-01
-6.684719026088714600e-02
3.496444821357727051e-01
6.766787171363830566e-01
-6.909781694412231445e-02
3.503455817699432373e-01
6.561593413352966309e-01
-7.087836414575576782e-02
