6.085796952247619629e-01
4.978533983230590820e-01
2.879368707908724900e-07
6.326611638069152832e-01
4.513410925865173340e-01
-1.804656907916069031e-02
6.400308609008789062e-01
4.019393622875213623e-01
-2.967684902250766754e-02
6.371855139732360840e-01
3.620776236057281494e-01
-3.816224634647369385e-02
6.372125148773193359e-01
3.286958038806915283e-01
-4.654312878847122192e-02
5.902689099311828613e-01
3.871537446975708008e-01
-3.092598915100097656e-02
5.623388886451721191e-01
3.410219550132751465e-01
-4.456450790166854858e-02
5.463298559188842773e-01
3.112999498844146729e-01
-5.305921658873558044e-02
5.339006185531616211e-01
2.851245999336242676e-01
-5.854090675711631775e-02
5.662221908569335938e-01
4.017327725887298584e-01
-2.822465822100639343e-02
5.337772369384765625e-01
3.523623347282409668e-01
-4.105091094970703125e-02
5.140272378921508789e-01
3.170545697212219238e-01
-4.889169707894325256e-02
4.988170862197875977e-01
2.871875762939453125e-01
-5.428573489189147949e-02
5.485638976097106934e-01
4.188348352909088135e-01
-2.594644576311111450e-02
5.196331739425659180e-01
3.735763430595397949e-01
-3.672285377979278564e-02
5.033859014511108398e-01
3.416882455348968506e-01
-4.263189807534217834e-02
4.914313852787017822e-01
3.144420087337493896e-01
-4.617835581302642822e-02
5.366771221160888672e-01
4.354115724563598633e-01
-2.485718950629234314e-02
5.124514102935791016e-01
4.009354710578918457e-01
-3.403659909963607788e-02
4.985350668430328369e-01
3.794819414615631104e-01
-3.787389397621154785e-02
4.879977107048034668e-01
3.606941699981689453e-01
-3.958607092499732971e-02
