7.054471969604492188e-01
4.636545181274414062e-01
4.509080326897674240e-07
7.491187453269958496e-01
3.679071962833404541e-01
-1.073737349361181259e-02
7.608087658882141113e-01
2.762489318847656250e-01
-2.255946770310401917e-02
7.498378157615661621e-01
1.947164535522460938e-01
-3.156948462128639221e-02
7.377021908760070801e-01
1.302683353424072266e-01
-4.140095412731170654e-02
6.852655410766601562e-01
2.402770668268203735e-01
-4.041240364313125610e-02
6.277076601982116699e-01
1.411082595586776733e-01
-5.594277754426002502e-02
5.932295918464660645e-01
8.796785771846771240e-02
-6.252779066562652588e-02
5.659743547439575195e-01
4.750061035156250000e-02
-6.582473218441009521e-02
6.395711898803710938e-01
2.730422317981719971e-01
-4.267997294664382935e-02
5.762160420417785645e-01
1.674212217330932617e-01
-5.791079625487327576e-02
5.406554937362670898e-01
1.064145416021347046e-01
-6.385570019483566284e-02
5.169324278831481934e-01
6.435431540012359619e-02
-6.724991649389266968e-02
6.039434671401977539e-01
3.152597546577453613e-01
-4.339019581675529480e-02
5.446665883064270020e-01
2.258246988058090210e-01
-5.438420549035072327e-02
5.152768492698669434e-01
1.713828742504119873e-01
-5.724711716175079346e-02
4.975587427616119385e-01
1.324966847896575928e-01
-5.902061238884925842e-02
5.792506337165832520e-01
3.592416048049926758e-01
-4.392626881599426270e-02
5.374426245689392090e-01
2.860922515392303467e-01
-5.230328068137168884e-02
5.184335708618164062e-01
2.440351098775863647e-01
-5.163275450468063354e-02
5.067064762115478516e-01
2.092037945985794067e-01
-4.943634569644927979e-02
