3.664628267288208008e-01
7.940017580986022949e-01
-1.435508920621941797e-07
3.294644653797149658e-01
7.897792458534240723e-01
-2.258826419711112976e-02
2.995899915695190430e-01
7.942597866058349609e-01
-3.873773664236068726e-02
2.761819958686828613e-01
8.041236996650695801e-01
-5.327806621789932251e-02
2.524337768554687500e-01
8.175923824310302734e-01
-6.900728493928909302e-02
3.430868983268737793e-01
8.381639122962951660e-01
-3.094580397009849548e-02
3.458471000194549561e-01
8.317226767539978027e-01
-5.151583254337310791e-02
3.551528155803680420e-01
8.247425556182861328e-01
-6.872151046991348267e-02
3.673479259014129639e-01
8.184053897857666016e-01
-7.872057706117630005e-02
3.719644844532012939e-01
8.485400080680847168e-01
-2.710139006376266479e-02
3.843821883201599121e-01
8.393203616142272949e-01
-4.317138716578483582e-02
3.976772427558898926e-01
8.221760988235473633e-01
-5.461395159363746643e-02
4.097925126552581787e-01
8.059635758399963379e-01
-6.230118870735168457e-02
3.947262763977050781e-01
8.489239215850830078e-01
-2.463371120393276215e-02
4.100099802017211914e-01
8.394907116889953613e-01
-3.805166482925415039e-02
4.196000397205352783e-01
8.223163485527038574e-01
-4.337912425398826599e-02
4.276256859302520752e-01
8.065726161003112793e-01
-4.609448090195655823e-02
4.124224781990051270e-01
8.416914939880371094e-01
-2.404342032968997955e-02
4.276415407657623291e-01
8.315804004669189453e-01
-3.198456764221191406e-02
4.355988204479217529e-01
8.207060694694519043e-01
-3.205698728561401367e-02
4.412004351615905762e-01
8.118430972099304199e-01
-3.139311075210571289e-02
