3.786999285221099854e-01
9.030517935752868652e-01
8.438248499942346825e-08
3.325697481632232666e-01
8.458547592163085938e-01
-1.321962624788284302e-01
3.172608613967895508e-01
8.080205917358398438e-01
-2.293082177639007568e-01
3.028563857078552246e-01
7.950966954231262207e-01
-3.066100776195526123e-01
2.830556035041809082e-01
7.735451459884643555e-01
-3.835971355438232422e-01
3.931558430194854736e-01
9.110555648803710938e-01
-2.431881874799728394e-01
4.773759841918945312e-01
8.734382987022399902e-01
-3.367084562778472900e-01
5.269836187362670898e-01
8.160333037376403809e-01
-3.912114202976226807e-01
5.653904080390930176e-01
7.533084154129028320e-01
-4.247345626354217529e-01
4.442810416221618652e-01
9.609870910644531250e-01
-2.106566578149795532e-01
5.421168208122253418e-01
9.062920808792114258e-01
-2.989899218082427979e-01
6.063377261161804199e-01
8.376684784889221191e-01
-3.445895612239837646e-01
6.582131981849670410e-01
7.690805196762084961e-01
-3.799287378787994385e-01
4.829053580760955811e-01
9.904412627220153809e-01
-1.817709952592849731e-01
5.684388875961303711e-01
9.427681565284729004e-01
-2.546955645084381104e-01
6.340404152870178223e-01
8.755651712417602539e-01
-2.937994301319122314e-01
6.814133524894714355e-01
8.045650124549865723e-01
-3.211931586265563965e-01
5.126434564590454102e-01
1.005074143409729004e+00
-1.609430909156799316e-01
5.834124088287353516e-01
9.801227450370788574e-01
-2.116315662860870361e-01
6.325350403785705566e-01
9.443221092224121094e-01
-2.425740510225296021e-01
6.710249185562133789e-01
9.051473736763000488e-01
-2.684496641159057617e-01
