3.797701299190521240e-01
9.293612241744995117e-01
5.354415293368219864e-07
3.369971215724945068e-01
8.600996732711791992e-01
-1.165650412440299988e-01
3.155720233917236328e-01
8.108503818511962891e-01
-2.052365094423294067e-01
2.975160479545593262e-01
7.980959415435791016e-01
-2.753712534904479980e-01
2.673550844192504883e-01
7.787092328071594238e-01
-3.470806181430816650e-01
4.182022511959075928e-01
8.895038366317749023e-01
-2.208906114101409912e-01
4.910922646522521973e-01
8.223600387573242188e-01
-3.003250062465667725e-01
5.459891557693481445e-01
7.729105949401855469e-01
-3.465288281440734863e-01
5.930709838867187500e-01
7.278587818145751953e-01
-3.758863806724548340e-01
4.687040746212005615e-01
9.443765878677368164e-01
-1.936504393815994263e-01
5.614967346191406250e-01
8.632703423500061035e-01
-2.671505212783813477e-01
6.255019307136535645e-01
7.970211505889892578e-01
-3.036651909351348877e-01
6.756924986839294434e-01
7.312031984329223633e-01
-3.315922319889068604e-01
5.065597295761108398e-01
9.813736081123352051e-01
-1.688227504491806030e-01
5.888897776603698730e-01
9.046819806098937988e-01
-2.283937484025955200e-01
6.481089591979980469e-01
8.346537351608276367e-01
-2.602230608463287354e-01
6.893764138221740723e-01
7.683525681495666504e-01
-2.821915149688720703e-01
5.323651432991027832e-01
9.979289174079895020e-01
-1.515347510576248169e-01
5.963633656501770020e-01
9.553152322769165039e-01
-1.927243620157241821e-01
6.434392333030700684e-01
9.142808914184570312e-01
-2.174473553895950317e-01
6.802766919136047363e-01
8.716598153114318848e-01
-2.374938279390335083e-01
