7.088729143142700195e-01
4.453014731407165527e-01
3.972030242493929109e-07
7.500188946723937988e-01
3.570467829704284668e-01
-9.700406342744827271e-03
7.636536359786987305e-01
2.646218240261077881e-01
-2.198588289320468903e-02
7.572386264801025391e-01
1.866830885410308838e-01
-3.218013048171997070e-02
7.467208504676818848e-01
1.243175119161605835e-01
-4.350480064749717712e-02
7.037915587425231934e-01
2.336671501398086548e-01
-4.297231882810592651e-02
6.495842933654785156e-01
1.300015896558761597e-01
-6.167114526033401489e-02
6.160819530487060547e-01
7.418815791606903076e-02
-6.956142187118530273e-02
5.895847082138061523e-01
3.454427421092987061e-02
-7.292830944061279297e-02
6.609556674957275391e-01
2.646169662475585938e-01
-4.693033173680305481e-02
6.027124524116516113e-01
1.531993448734283447e-01
-6.450888514518737793e-02
5.681833028793334961e-01
8.979113399982452393e-02
-7.120330631732940674e-02
5.434051156044006348e-01
4.793547093868255615e-02
-7.468166947364807129e-02
6.243024468421936035e-01
3.029829859733581543e-01
-4.923646524548530579e-02
5.701944828033447266e-01
2.039278894662857056e-01
-6.182981282472610474e-02
5.393854975700378418e-01
1.470541357994079590e-01
-6.507404148578643799e-02
5.186424255371093750e-01
1.090072989463806152e-01
-6.651584804058074951e-02
5.950075387954711914e-01
3.439191281795501709e-01
-5.125549435615539551e-02
5.553496479988098145e-01
2.667880952358245850e-01
-6.133425980806350708e-02
5.326474905014038086e-01
2.220768183469772339e-01
-6.170266866683959961e-02
5.159744024276733398e-01
1.881456077098846436e-01
-5.975925177335739136e-02
