5.825845003128051758e-01
7.683203816413879395e-01
5.271238592285953928e-07
5.491979718208312988e-01
7.211254239082336426e-01
-3.868961334228515625e-02
5.051695704460144043e-01
6.842743158340454102e-01
-7.455100119113922119e-02
4.660721123218536377e-01
6.529020071029663086e-01
-1.057572513818740845e-01
4.268727302551269531e-01
6.266502737998962402e-01
-1.398360431194305420e-01
4.918033480644226074e-01
7.704508900642395020e-01
-9.279080480337142944e-02
5.202457904815673828e-01
7.538651823997497559e-01
-1.353791207075119019e-01
5.557724237442016602e-01
7.195436954498291016e-01
-1.661327481269836426e-01
5.941057205200195312e-01
6.879305839538574219e-01
-1.885522454977035522e-01
5.321361422538757324e-01
8.342623114585876465e-01
-9.703994542360305786e-02
5.765781402587890625e-01
7.845634818077087402e-01
-1.325917989015579224e-01
6.180785298347473145e-01
7.377480864524841309e-01
-1.517617255449295044e-01
6.600390076637268066e-01
6.927291154861450195e-01
-1.714024990797042847e-01
5.717451572418212891e-01
8.776066303253173828e-01
-1.021084114909172058e-01
6.110921502113342285e-01
8.383331298828125000e-01
-1.412787288427352905e-01
6.486306190490722656e-01
7.957914471626281738e-01
-1.518222242593765259e-01
6.845390200614929199e-01
7.503722310066223145e-01
-1.615174859762191772e-01
6.077625751495361328e-01
9.107296466827392578e-01
-1.089307889342308044e-01
6.301344037055969238e-01
9.098224639892578125e-01
-1.374335139989852905e-01
6.500729322433471680e-01
8.878769278526306152e-01
-1.404981464147567749e-01
6.697476506233215332e-01
8.515051603317260742e-01
-1.469976305961608887e-01
