5.728458166122436523e-01
6.227504014968872070e-01
3.344282504258444533e-07
5.922046303749084473e-01
5.784076452255249023e-01
-2.462872117757797241e-02
5.955224037170410156e-01
5.335127711296081543e-01
-3.906526789069175720e-02
5.893687009811401367e-01
5.037833452224731445e-01
-4.969662800431251526e-02
5.865744948387145996e-01
4.830861389636993408e-01
-5.962309613823890686e-02
5.336821079254150391e-01
5.441458225250244141e-01
-3.526299446821212769e-02
5.019695758819580078e-01
5.142039060592651367e-01
-5.181100219488143921e-02
4.839385151863098145e-01
4.900908172130584717e-01
-6.286645680665969849e-02
4.695639014244079590e-01
4.675521850585937500e-01
-6.962168961763381958e-02
5.135480165481567383e-01
5.599235892295837402e-01
-3.001533821225166321e-02
4.741961956024169922e-01
5.231202244758605957e-01
-4.619620367884635925e-02
4.503566622734069824e-01
4.914604425430297852e-01
-5.668913945555686951e-02
4.321995079517364502e-01
4.638167619705200195e-01
-6.278172880411148071e-02
5.013590455055236816e-01
5.702710151672363281e-01
-2.571626938879489899e-02
4.629417061805725098e-01
5.366749763488769531e-01
-3.941877931356430054e-02
4.421389698982238770e-01
5.065880417823791504e-01
-4.766979441046714783e-02
4.270520210266113281e-01
4.807631969451904297e-01
-5.147060006856918335e-02
4.952552020549774170e-01
5.765746831893920898e-01
-2.316042780876159668e-02
4.657372236251831055e-01
5.491155385971069336e-01
-3.330460935831069946e-02
4.491089582443237305e-01
5.267792344093322754e-01
-3.766449540853500366e-02
4.373139739036560059e-01
5.070227384567260742e-01
-3.923528641462326050e-02
