6.991878747940063477e-01
4.525569677352905273e-01
3.572540094864962157e-07
7.427382469177246094e-01
3.650459349155426025e-01
-1.530497334897518158e-02
7.536258697509765625e-01
2.728278636932373047e-01
-2.722937054932117462e-02
7.398162484169006348e-01
1.946919560432434082e-01
-3.540717065334320068e-02
7.324393391609191895e-01
1.335581392049789429e-01
-4.431574046611785889e-02
6.792144775390625000e-01
2.384880781173706055e-01
-4.150132462382316589e-02
6.253120303153991699e-01
1.461470425128936768e-01
-5.708773806691169739e-02
5.924070477485656738e-01
9.778238832950592041e-02
-6.467084586620330811e-02
5.658453702926635742e-01
6.120051443576812744e-02
-6.883045285940170288e-02
6.356019973754882812e-01
2.710702419281005859e-01
-4.098670184612274170e-02
5.751235485076904297e-01
1.706330180168151855e-01
-5.558853968977928162e-02
5.413520932197570801e-01
1.125539690256118774e-01
-6.235440447926521301e-02
5.169283151626586914e-01
7.144685089588165283e-02
-6.666784733533859253e-02
6.023947596549987793e-01
3.100683391094207764e-01
-3.936786577105522156e-02
5.450118780136108398e-01
2.257455885410308838e-01
-5.030857026576995850e-02
5.163228511810302734e-01
1.743150055408477783e-01
-5.423672869801521301e-02
4.971225261688232422e-01
1.364944428205490112e-01
-5.682779103517532349e-02
5.793677568435668945e-01
3.491770029067993164e-01
-3.811606764793395996e-02
5.396141409873962402e-01
2.794798016548156738e-01
-4.714014753699302673e-02
5.191137790679931641e-01
2.392070591449737549e-01
-4.838437587022781372e-02
5.048512220382690430e-01
2.060636729001998901e-01
-4.761042073369026184e-02
