6.971578001976013184e-01
4.631377756595611572e-01
4.115196645670948783e-07
7.386826872825622559e-01
3.682539463043212891e-01
-1.264613121747970581e-02
7.499699592590332031e-01
2.778301239013671875e-01
-2.625939808785915375e-02
7.381040453910827637e-01
1.989106386899948120e-01
-3.669868037104606628e-02
7.260481119155883789e-01
1.358288079500198364e-01
-4.791090637445449829e-02
6.763226389884948730e-01
2.465527355670928955e-01
-4.473919048905372620e-02
6.166862845420837402e-01
1.511533260345458984e-01
-6.204963102936744690e-02
5.812995433807373047e-01
1.001929789781570435e-01
-6.907715648412704468e-02
5.536531209945678711e-01
6.228984892368316650e-02
-7.238413393497467041e-02
6.321386098861694336e-01
2.811866104602813721e-01
-4.676023125648498535e-02
5.661704540252685547e-01
1.787678897380828857e-01
-6.454919278621673584e-02
5.297610163688659668e-01
1.201447397470474243e-01
-7.087381929159164429e-02
5.055884718894958496e-01
8.048897981643676758e-02
-7.399529218673706055e-02
5.979543328285217285e-01
3.230366110801696777e-01
-4.733459278941154480e-02
5.375123023986816406e-01
2.322579324245452881e-01
-6.055997312068939209e-02
5.081255435943603516e-01
1.777749210596084595e-01
-6.380055099725723267e-02
4.903139472007751465e-01
1.392463594675064087e-01
-6.511864811182022095e-02
5.745266675949096680e-01
3.655374646186828613e-01
-4.778718948364257812e-02
5.280959606170654297e-01
2.907628118991851807e-01
-5.803467333316802979e-02
5.063671469688415527e-01
2.481465339660644531e-01
-5.828594788908958435e-02
4.922225773334503174e-01
2.144663929939270020e-01
-5.627587065100669861e-02
