7.127634882926940918e-01
6.392921209335327148e-01
6.284028586378553882e-07
7.601895332336425781e-01
5.386400818824768066e-01
-2.920715138316154480e-02
7.755194306373596191e-01
4.364726245403289795e-01
-5.575850233435630798e-02
7.661615610122680664e-01
3.476358950138092041e-01
-7.504199445247650146e-02
7.583577036857604980e-01
2.728363275527954102e-01
-9.579441696405410767e-02
7.035663127899169922e-01
4.269025623798370361e-01
-9.017609059810638428e-02
6.327744722366333008e-01
3.097703754901885986e-01
-1.221903115510940552e-01
5.904244780540466309e-01
2.454778701066970825e-01
-1.345802545547485352e-01
5.578287839889526367e-01
1.956670582294464111e-01
-1.399364173412322998e-01
6.503402590751647949e-01
4.705168008804321289e-01
-8.836076408624649048e-02
5.744539499282836914e-01
3.437667489051818848e-01
-1.193294301629066467e-01
5.322695374488830566e-01
2.642993330955505371e-01
-1.291701942682266235e-01
5.041374564170837402e-01
2.049526125192642212e-01
-1.341735571622848511e-01
6.074854731559753418e-01
5.147868990898132324e-01
-8.484377712011337280e-02
5.400820970535278320e-01
4.046618044376373291e-01
-1.084315106272697449e-01
5.097351670265197754e-01
3.289217352867126465e-01
-1.156638935208320618e-01
4.926407635211944580e-01
2.708066105842590332e-01
-1.188812404870986938e-01
5.762960314750671387e-01
5.538397431373596191e-01
-8.188734203577041626e-02
5.186811685562133789e-01
4.649420678615570068e-01
-1.011543720960617065e-01
4.906326234340667725e-01
4.112500548362731934e-01
-1.061630174517631531e-01
4.712467193603515625e-01
3.667744398117065430e-01
-1.069033667445182800e-01
