5.682638883590698242e-01
6.296725869178771973e-01
3.164212785122799687e-07
5.895888209342956543e-01
5.858216285705566406e-01
-2.656403556466102600e-02
5.927926301956176758e-01
5.426110029220581055e-01
-4.213684797286987305e-02
5.851191282272338867e-01
5.115009546279907227e-01
-5.295632034540176392e-02
5.816233158111572266e-01
4.883344769477844238e-01
-6.303501874208450317e-02
5.331488251686096191e-01
5.509697794914245605e-01
-4.171798378229141235e-02
5.010330080986022949e-01
5.224515795707702637e-01
-5.929648503661155701e-02
4.807260632514953613e-01
4.988059103488922119e-01
-7.050710171461105347e-02
4.643782079219818115e-01
4.765112996101379395e-01
-7.737874984741210938e-02
5.112797021865844727e-01
5.656877756118774414e-01
-3.506857529282569885e-02
4.713196158409118652e-01
5.305032134056091309e-01
-5.232179164886474609e-02
4.468875527381896973e-01
4.988807737827301025e-01
-6.244463473558425903e-02
4.284574985504150391e-01
4.708773493766784668e-01
-6.835332512855529785e-02
4.976033270359039307e-01
5.745603442192077637e-01
-2.899651229381561279e-02
4.596556723117828369e-01
5.405817627906799316e-01
-4.356598854064941406e-02
4.385354220867156982e-01
5.087403059005737305e-01
-5.205753073096275330e-02
4.232890605926513672e-01
4.813377261161804199e-01
-5.614465102553367615e-02
4.912779927253723145e-01
5.790870189666748047e-01
-2.467008680105209351e-02
4.634696543216705322e-01
5.501433014869689941e-01
-3.568940237164497375e-02
4.470196366310119629e-01
5.255838036537170410e-01
-4.087338969111442566e-02
4.350306391716003418e-01
5.038255453109741211e-01
-4.304804652929306030e-02
