7.026112675666809082e-01
4.796330928802490234e-01
4.768601797877636272e-07
7.453714013099670410e-01
3.842364549636840820e-01
-1.390812918543815613e-02
7.571569681167602539e-01
2.865201234817504883e-01
-2.696995809674263000e-02
7.461591362953186035e-01
2.044076025485992432e-01
-3.582504019141197205e-02
7.337142825126647949e-01
1.397794783115386963e-01
-4.502541199326515198e-02
6.843794584274291992e-01
2.587359249591827393e-01
-4.846787080168724060e-02
6.254695057868957520e-01
1.545563638210296631e-01
-6.556169688701629639e-02
5.901597142219543457e-01
9.907175600528717041e-02
-7.171463221311569214e-02
5.632725358009338379e-01
5.794203281402587891e-02
-7.387419790029525757e-02
6.375565528869628906e-01
2.917274236679077148e-01
-4.862358421087265015e-02
5.718671083450317383e-01
1.791862547397613525e-01
-6.542301923036575317e-02
5.360481739044189453e-01
1.157857626676559448e-01
-6.994518637657165527e-02
5.121880769729614258e-01
7.220146059989929199e-02
-7.157952338457107544e-02
6.000418066978454590e-01
3.312297761440277100e-01
-4.712399095296859741e-02
5.391900539398193359e-01
2.339149117469787598e-01
-5.920391529798507690e-02
5.101071596145629883e-01
1.767823100090026855e-01
-6.123797595500946045e-02
4.921293258666992188e-01
1.359326839447021484e-01
-6.154571846127510071e-02
5.729300379753112793e-01
3.703382015228271484e-01
-4.556813091039657593e-02
5.319045782089233398e-01
2.875962257385253906e-01
-5.405085906386375427e-02
5.135580897331237793e-01
2.429539710283279419e-01
-5.291105434298515320e-02
5.023955702781677246e-01
2.084951400756835938e-01
-4.983290284872055054e-02
