5.987571477890014648e-01
3.960271179676055908e-01
3.088140942963946145e-07
6.284541487693786621e-01
3.533523678779602051e-01
-1.717353984713554382e-02
6.361860036849975586e-01
3.033754229545593262e-01
-2.736221626400947571e-02
6.317920684814453125e-01
2.573067545890808105e-01
-3.387395665049552917e-02
6.339277625083923340e-01
2.203698605298995972e-01
-4.048231616616249084e-02
5.863155722618103027e-01
2.793484330177307129e-01
-3.088555298745632172e-02
5.625034570693969727e-01
2.234732359647750854e-01
-4.207760468125343323e-02
5.464740991592407227e-01
1.902641803026199341e-01
-4.860135540366172791e-02
5.334855318069458008e-01
1.632039695978164673e-01
-5.282779410481452942e-02
5.597277879714965820e-01
2.906327247619628906e-01
-2.684165537357330322e-02
5.334405899047851562e-01
2.351005226373672485e-01
-3.632500767707824707e-02
5.163593888282775879e-01
1.986815035343170166e-01
-4.168765246868133545e-02
5.028712749481201172e-01
1.696605086326599121e-01
-4.565154016017913818e-02
5.400781631469726562e-01
3.070176541805267334e-01
-2.290191501379013062e-02
5.158519744873046875e-01
2.594006359577178955e-01
-3.048407845199108124e-02
5.020614862442016602e-01
2.284310460090637207e-01
-3.514250740408897400e-02
4.918144047260284424e-01
2.038073390722274780e-01
-3.849759697914123535e-02
5.268481373786926270e-01
3.241709768772125244e-01
-1.994058676064014435e-02
5.072551369667053223e-01
2.903159856796264648e-01
-2.729997970163822174e-02
4.959259033203125000e-01
2.695529460906982422e-01
-3.065311349928379059e-02
4.876026511192321777e-01
2.513018846511840820e-01
-3.215547651052474976e-02
