3.468466997146606445e-01
8.854044675827026367e-01
-9.177205839705493418e-08
3.156474828720092773e-01
8.378150463104248047e-01
-1.221193373203277588e-01
3.119398653507232666e-01
8.137906193733215332e-01
-2.118504643440246582e-01
3.120673298835754395e-01
8.017798066139221191e-01
-2.809258401393890381e-01
3.116226792335510254e-01
7.743649482727050781e-01
-3.482984602451324463e-01
3.752035200595855713e-01
9.041124582290649414e-01
-2.455435991287231445e-01
4.643386602401733398e-01
8.737713098526000977e-01
-3.386383056640625000e-01
5.164567232131958008e-01
8.225091099739074707e-01
-3.859974741935729980e-01
5.542712807655334473e-01
7.622718214988708496e-01
-4.127599000930786133e-01
4.301089942455291748e-01
9.590073823928833008e-01
-2.166930884122848511e-01
5.314137935638427734e-01
9.212965965270996094e-01
-3.073472976684570312e-01
5.951409339904785156e-01
8.484075069427490234e-01
-3.463978469371795654e-01
6.411978006362915039e-01
7.723622322082519531e-01
-3.741008937358856201e-01
4.743086099624633789e-01
9.895889759063720703e-01
-1.903846263885498047e-01
5.594401359558105469e-01
9.516907334327697754e-01
-2.635577917098999023e-01
6.272637844085693359e-01
8.876512646675109863e-01
-3.004126846790313721e-01
6.741231679916381836e-01
8.157021999359130859e-01
-3.253986537456512451e-01
5.083751678466796875e-01
1.000204443931579590e+00
-1.708935797214508057e-01
5.759073495864868164e-01
9.792330861091613770e-01
-2.227694541215896606e-01
6.221400499343872070e-01
9.383084774017333984e-01
-2.532576024532318115e-01
6.557729244232177734e-01
8.895506858825683594e-01
-2.776008248329162598e-01
