6.913521289825439453e-01
4.675531983375549316e-01
3.089353413088247180e-07
7.273176312446594238e-01
3.828498423099517822e-01
-1.193999685347080231e-02
7.371488809585571289e-01
2.901049852371215820e-01
-2.417220361530780792e-02
7.275226116180419922e-01
2.124101221561431885e-01
-3.436142578721046448e-02
7.172852158546447754e-01
1.511251926422119141e-01
-4.562179744243621826e-02
6.754925251007080078e-01
2.571089863777160645e-01
-4.124530777335166931e-02
6.239352226257324219e-01
1.610477268695831299e-01
-6.105825677514076233e-02
5.893795490264892578e-01
1.089050620794296265e-01
-7.090424746274948120e-02
5.607703924179077148e-01
7.184454798698425293e-02
-7.597450166940689087e-02
6.373974680900573730e-01
2.838747799396514893e-01
-4.522467032074928284e-02
5.788936018943786621e-01
1.809484213590621948e-01
-6.439229100942611694e-02
5.405725240707397461e-01
1.216961592435836792e-01
-7.312628626823425293e-02
5.114943981170654297e-01
8.121927082538604736e-02
-7.859074324369430542e-02
6.034737825393676758e-01
3.167488574981689453e-01
-4.848755523562431335e-02
5.485930442810058594e-01
2.220413982868194580e-01
-6.421109288930892944e-02
5.144152641296386719e-01
1.661471277475357056e-01
-7.098253816366195679e-02
4.891308248043060303e-01
1.276650577783584595e-01
-7.451185584068298340e-02
5.725633502006530762e-01
3.530489206314086914e-01
-5.169842764735221863e-02
5.271462202072143555e-01
2.725409865379333496e-01
-6.586667150259017944e-02
4.989165067672729492e-01
2.248089462518692017e-01
-7.095370441675186157e-02
4.764837622642517090e-01
1.874504089355468750e-01
-7.234030961990356445e-02
