5.052102804183959961e-01
8.758265972137451172e-01
-6.091491968618356623e-07
4.622406065464019775e-01
8.148142695426940918e-01
-6.124751642346382141e-02
3.960947394371032715e-01
7.803824543952941895e-01
-1.035728380084037781e-01
3.370773792266845703e-01
7.647216916084289551e-01
-1.387108415365219116e-01
2.710486650466918945e-01
7.362962961196899414e-01
-1.774181574583053589e-01
4.211127161979675293e-01
8.570590019226074219e-01
-1.230840831995010376e-01
4.908578395843505859e-01
7.941156029701232910e-01
-1.909416019916534424e-01
5.389916896820068359e-01
7.409815788269042969e-01
-2.365473359823226929e-01
5.787003040313720703e-01
7.011955976486206055e-01
-2.600152790546417236e-01
4.737276732921600342e-01
9.143218994140625000e-01
-1.153514385223388672e-01
5.541353821754455566e-01
8.239244818687438965e-01
-1.792819947004318237e-01
6.108800768852233887e-01
7.503716945648193359e-01
-2.031711786985397339e-01
6.492795944213867188e-01
6.932036876678466797e-01
-2.166926562786102295e-01
5.219271183013916016e-01
9.481359720230102539e-01
-1.101167127490043640e-01
5.959816575050354004e-01
8.620426654815673828e-01
-1.690642833709716797e-01
6.434198021888732910e-01
7.956340312957763672e-01
-1.713404506444931030e-01
6.766318082809448242e-01
7.405162453651428223e-01
-1.660999506711959839e-01
5.625361800193786621e-01
9.684623479843139648e-01
-1.097581312060356140e-01
6.144021749496459961e-01
9.187214374542236328e-01
-1.495891809463500977e-01
6.480031013488769531e-01
8.729825615882873535e-01
-1.472297906875610352e-01
6.719532608985900879e-01
8.372782468795776367e-01
-1.411725878715515137e-01
