4.021424949169158936e-01
9.673887491226196289e-01
8.762087304603483062e-07
3.597401082515716553e-01
8.837437033653259277e-01
-8.608320355415344238e-02
3.338748812675476074e-01
8.223477005958557129e-01
-1.552255451679229736e-01
3.043742179870605469e-01
7.881263494491577148e-01
-2.093116492033004761e-01
2.669771611690521240e-01
7.590897083282470703e-01
-2.665869593620300293e-01
4.207018315792083740e-01
8.866016864776611328e-01
-1.923846453428268433e-01
4.894018173217773438e-01
8.244382739067077637e-01
-2.604950666427612305e-01
5.429359674453735352e-01
7.770764827728271484e-01
-2.974182069301605225e-01
5.894934535026550293e-01
7.332647442817687988e-01
-3.191384971141815186e-01
4.697752594947814941e-01
9.467322230339050293e-01
-1.764199286699295044e-01
5.608206391334533691e-01
8.656506538391113281e-01
-2.408989965915679932e-01
6.253039836883544922e-01
7.939597964286804199e-01
-2.692332565784454346e-01
6.739457845687866211e-01
7.325376868247985840e-01
-2.882184684276580811e-01
5.092061161994934082e-01
9.800359606742858887e-01
-1.603553146123886108e-01
5.907577276229858398e-01
9.036113023757934570e-01
-2.142070382833480835e-01
6.499087214469909668e-01
8.298586010932922363e-01
-2.399680763483047485e-01
6.938487291336059570e-01
7.680227160453796387e-01
-2.547345161437988281e-01
5.368816256523132324e-01
9.873322248458862305e-01
-1.487800478935241699e-01
6.045247316360473633e-01
9.437744021415710449e-01
-1.907694935798645020e-01
6.502459645271301270e-01
9.036261439323425293e-01
-2.106976956129074097e-01
6.861375570297241211e-01
8.644278645515441895e-01
-2.233616262674331665e-01
