5.636841058731079102e-01
6.654833555221557617e-01
4.051748305755609181e-07
5.785193443298339844e-01
6.222395300865173340e-01
-3.454206511378288269e-02
5.787254571914672852e-01
5.802927613258361816e-01
-5.460544675588607788e-02
5.703320503234863281e-01
5.487903356552124023e-01
-6.899656355381011963e-02
5.662928223609924316e-01
5.221784114837646484e-01
-8.210340142250061035e-02
5.182425379753112793e-01
5.935095548629760742e-01
-4.710698500275611877e-02
4.814113378524780273e-01
5.629515051841735840e-01
-6.768026947975158691e-02
4.574817717075347900e-01
5.399948358535766602e-01
-8.131712675094604492e-02
4.382116794586181641e-01
5.191335082054138184e-01
-8.927533030509948730e-02
5.015016198158264160e-01
6.099370121955871582e-01
-3.695348277688026428e-02
4.599296450614929199e-01
5.741116404533386230e-01
-5.686802789568901062e-02
4.326341152191162109e-01
5.431164503097534180e-01
-6.863454729318618774e-02
4.109589159488677979e-01
5.159694552421569824e-01
-7.509996742010116577e-02
4.907971024513244629e-01
6.195662617683410645e-01
-2.829084545373916626e-02
4.535823464393615723e-01
5.850713253021240234e-01
-4.420016705989837646e-02
4.311362802982330322e-01
5.556145906448364258e-01
-5.204243957996368408e-02
4.144501090049743652e-01
5.303896665573120117e-01
-5.511301383376121521e-02
4.843340218067169189e-01
6.251566410064697266e-01
-2.230842411518096924e-02
4.571006596088409424e-01
5.961173176765441895e-01
-3.295060992240905762e-02
4.385704696178436279e-01
5.734686851501464844e-01
-3.754020854830741882e-02
4.244600534439086914e-01
5.537332892417907715e-01
-3.914298862218856812e-02
