5.946023464202880859e-01
5.764966607093811035e-01
3.165614828049001517e-07
6.197230219841003418e-01
5.311875939369201660e-01
-2.738793939352035522e-02
6.268705725669860840e-01
4.839346408843994141e-01
-4.483657702803611755e-02
6.231750249862670898e-01
4.460155069828033447e-01
-5.727288872003555298e-02
6.239766478538513184e-01
4.126124382019042969e-01
-6.952153891324996948e-02
5.732476711273193359e-01
4.857870042324066162e-01
-4.682963714003562927e-02
5.436364412307739258e-01
4.507172405719757080e-01
-6.644641607999801636e-02
5.241300463676452637e-01
4.220626354217529297e-01
-7.866185903549194336e-02
5.079349875450134277e-01
3.954365849494934082e-01
-8.661315590143203735e-02
5.487347841262817383e-01
5.015481710433959961e-01
-4.051307216286659241e-02
5.109212994575500488e-01
4.602233767509460449e-01
-5.945377051830291748e-02
4.879414439201354980e-01
4.255319833755493164e-01
-7.052441686391830444e-02
4.686718583106994629e-01
3.947612345218658447e-01
-7.766104489564895630e-02
5.318840146064758301e-01
5.144739151000976562e-01
-3.470524773001670837e-02
4.951105415821075439e-01
4.768399596214294434e-01
-5.111702904105186462e-02
4.716798663139343262e-01
4.439446032047271729e-01
-6.056997552514076233e-02
4.527834057807922363e-01
4.155376851558685303e-01
-6.572183966636657715e-02
5.219023823738098145e-01
5.238060951232910156e-01
-3.048906661570072174e-02
4.922412335872650146e-01
4.929645955562591553e-01
-4.419798403978347778e-02
4.723471999168395996e-01
4.689079523086547852e-01
-5.151480436325073242e-02
4.560034275054931641e-01
4.479991793632507324e-01
-5.533974617719650269e-02
