4.070133566856384277e-01
9.066704511642456055e-01
2.587445919743913691e-07
3.582171797752380371e-01
8.464086651802062988e-01
-1.064494475722312927e-01
3.272189497947692871e-01
8.111513853073120117e-01
-1.894159018993377686e-01
3.028990626335144043e-01
8.019879460334777832e-01
-2.577026486396789551e-01
2.734847068786621094e-01
7.722041010856628418e-01
-3.275646567344665527e-01
4.174293875694274902e-01
8.879172801971435547e-01
-1.978228390216827393e-01
4.899671375751495361e-01
8.221806287765502930e-01
-2.744601666927337646e-01
5.415539145469665527e-01
7.760893702507019043e-01
-3.222524821758270264e-01
5.875727534294128418e-01
7.332880496978759766e-01
-3.534923195838928223e-01
4.702688455581665039e-01
9.390786886215209961e-01
-1.758027821779251099e-01
5.587715506553649902e-01
8.581809997558593750e-01
-2.437813282012939453e-01
6.222287416458129883e-01
7.969154119491577148e-01
-2.800732553005218506e-01
6.771523952484130859e-01
7.356300354003906250e-01
-3.099334836006164551e-01
5.074519515037536621e-01
9.739720225334167480e-01
-1.566092669963836670e-01
5.859105587005615234e-01
9.003333449363708496e-01
-2.121282964944839478e-01
6.449609994888305664e-01
8.393405675888061523e-01
-2.415329515933990479e-01
6.907455921173095703e-01
7.784578800201416016e-01
-2.632468342781066895e-01
5.331917405128479004e-01
9.943127036094665527e-01
-1.448322385549545288e-01
5.948380231857299805e-01
9.542332887649536133e-01
-1.813435107469558716e-01
6.416428089141845703e-01
9.197470545768737793e-01
-2.023229300975799561e-01
6.804527044296264648e-01
8.829315900802612305e-01
-2.212581932544708252e-01
