6.774777173995971680e-01
5.125201940536499023e-01
5.246813543635653332e-07
7.134046554565429688e-01
4.184491634368896484e-01
-2.691623941063880920e-02
7.208782434463500977e-01
3.213296830654144287e-01
-4.715551435947418213e-02
7.032513618469238281e-01
2.406629472970962524e-01
-6.147420778870582581e-02
6.848180890083312988e-01
1.767056733369827271e-01
-7.640530914068222046e-02
6.487661004066467285e-01
3.080409765243530273e-01
-6.559510529041290283e-02
5.803386569023132324e-01
2.081584483385086060e-01
-9.044160693883895874e-02
5.373383760452270508e-01
1.534568816423416138e-01
-1.020329371094703674e-01
5.031701922416687012e-01
1.119698286056518555e-01
-1.078437715768814087e-01
6.035211682319641113e-01
3.471992611885070801e-01
-6.244791299104690552e-02
5.302429795265197754e-01
2.416413128376007080e-01
-8.499468863010406494e-02
4.853517413139343262e-01
1.785952299833297729e-01
-9.488973766565322876e-02
4.519606828689575195e-01
1.330604404211044312e-01
-1.005894169211387634e-01
5.689096450805664062e-01
3.897306025028228760e-01
-5.839930474758148193e-02
5.020997524261474609e-01
2.962297201156616211e-01
-7.548873126506805420e-02
4.628354310989379883e-01
2.390678226947784424e-01
-8.273288607597351074e-02
4.347123503684997559e-01
1.971111148595809937e-01
-8.706828206777572632e-02
5.450277924537658691e-01
4.285841286182403564e-01
-5.531853064894676208e-02
4.974147975444793701e-01
3.618825972080230713e-01
-7.035152614116668701e-02
4.702895879745483398e-01
3.236942291259765625e-01
-7.439587265253067017e-02
4.496222138404846191e-01
2.942191660404205322e-01
-7.479820400476455688e-02
