6.697291731834411621e-01
6.363646388053894043e-01
6.201330506883095950e-07
7.088984251022338867e-01
5.366259813308715820e-01
-3.632939606904983521e-02
7.177947163581848145e-01
4.354434311389923096e-01
-6.238308548927307129e-02
7.025771737098693848e-01
3.517643809318542480e-01
-8.104276657104492188e-02
6.884201169013977051e-01
2.820558249950408936e-01
-9.995300322771072388e-02
6.359138488769531250e-01
4.293788075447082520e-01
-7.718817144632339478e-02
5.585898160934448242e-01
3.279957175254821777e-01
-1.074034571647644043e-01
5.131081342697143555e-01
2.713288068771362305e-01
-1.222057342529296875e-01
4.767247438430786133e-01
2.262940108776092529e-01
-1.292901933193206787e-01
5.913113355636596680e-01
4.771126806735992432e-01
-7.059884071350097656e-02
5.112686157226562500e-01
3.667214810848236084e-01
-1.004307642579078674e-01
4.626799821853637695e-01
2.949886322021484375e-01
-1.139129325747489929e-01
4.268531203269958496e-01
2.386146038770675659e-01
-1.211613789200782776e-01
5.572780966758728027e-01
5.184060931205749512e-01
-6.389990448951721191e-02
4.885875284671783447e-01
4.127679467201232910e-01
-8.708219230175018311e-02
4.471921324729919434e-01
3.434575200080871582e-01
-9.741913527250289917e-02
4.174153208732604980e-01
2.880573272705078125e-01
-1.019473150372505188e-01
5.337354540824890137e-01
5.484912395477294922e-01
-5.886698141694068909e-02
4.805273115634918213e-01
4.579717218875885010e-01
-7.714022696018218994e-02
4.501525461673736572e-01
4.041360020637512207e-01
-8.344274759292602539e-02
4.269056022167205811e-01
3.599722981452941895e-01
-8.463378995656967163e-02
