3.510698080062866211e-01
7.692397832870483398e-01
-1.469715300572715933e-07
3.204655051231384277e-01
7.676345109939575195e-01
-2.538392879068851471e-02
2.960309684276580811e-01
7.762425541877746582e-01
-4.337554797530174255e-02
2.750608921051025391e-01
7.870738506317138672e-01
-5.901432037353515625e-02
2.521114647388458252e-01
7.996196746826171875e-01
-7.476315647363662720e-02
3.410902917385101318e-01
8.128553628921508789e-01
-3.572476282715797424e-02
3.478093147277832031e-01
8.131212592124938965e-01
-5.713634565472602844e-02
3.583855330944061279e-01
8.046232461929321289e-01
-7.367635518312454224e-02
3.725629448890686035e-01
7.924023270606994629e-01
-8.311077952384948730e-02
3.684982657432556152e-01
8.223479986190795898e-01
-3.055566735565662384e-02
3.818117082118988037e-01
8.139280676841735840e-01
-4.735171422362327576e-02
3.948622643947601318e-01
7.959117293357849121e-01
-5.853386223316192627e-02
4.080184996128082275e-01
7.764804363250732422e-01
-6.611161679029464722e-02
3.890763521194458008e-01
8.237556219100952148e-01
-2.693358808755874634e-02
4.053154289722442627e-01
8.165463805198669434e-01
-3.987939655780792236e-02
4.175578057765960693e-01
8.013493418693542480e-01
-4.640396311879158020e-02
4.293830096721649170e-01
7.836604714393615723e-01
-5.012042820453643799e-02
4.035440087318420410e-01
8.193583488464355469e-01
-2.543671429157257080e-02
4.201620221138000488e-01
8.151264190673828125e-01
-3.265440836548805237e-02
4.314309060573577881e-01
8.055146336555480957e-01
-3.431810066103935242e-02
4.416914880275726318e-01
7.939749360084533691e-01
-3.516357392072677612e-02
