6.971323490142822266e-01
5.625092387199401855e-01
6.537869126077566762e-07
7.389563918113708496e-01
4.650681018829345703e-01
-3.031327761709690094e-02
7.530554533004760742e-01
3.618579208850860596e-01
-5.415029451251029968e-02
7.439891099929809570e-01
2.713983058929443359e-01
-7.056606560945510864e-02
7.307384014129638672e-01
1.987165361642837524e-01
-8.764021843671798706e-02
6.749417781829833984e-01
3.433813452720642090e-01
-7.746908068656921387e-02
6.099168658256530762e-01
2.275739461183547974e-01
-1.043120473623275757e-01
5.708088874816894531e-01
1.660837680101394653e-01
-1.158449351787567139e-01
5.399201512336730957e-01
1.173099875450134277e-01
-1.211230829358100891e-01
6.238949894905090332e-01
3.838546872138977051e-01
-7.291901856660842896e-02
5.529097914695739746e-01
2.588399648666381836e-01
-9.875814616680145264e-02
5.129818916320800781e-01
1.839900463819503784e-01
-1.091617718338966370e-01
4.836046099662780762e-01
1.276586651802062988e-01
-1.149639636278152466e-01
5.847022533416748047e-01
4.254829883575439453e-01
-6.710199266672134399e-02
5.192227363586425781e-01
3.147245943546295166e-01
-8.697722852230072021e-02
4.856104254722595215e-01
2.474457919597625732e-01
-9.556201845407485962e-02
4.623522460460662842e-01
1.965712904930114746e-01
-1.002561002969741821e-01
5.585972070693969727e-01
4.605699181556701660e-01
-6.208835914731025696e-02
5.113981366157531738e-01
3.704287409782409668e-01
-7.792960107326507568e-02
4.898488521575927734e-01
3.221427798271179199e-01
-8.208364993333816528e-02
4.744265079498291016e-01
2.837958335876464844e-01
-8.263631910085678101e-02
