5.683513879776000977e-01
4.810720682144165039e-01
2.378519496915032505e-07
5.927593708038330078e-01
4.367665350437164307e-01
-2.557435818016529083e-02
5.980666279792785645e-01
3.850915431976318359e-01
-3.746761381626129150e-02
5.927061438560485840e-01
3.395067155361175537e-01
-4.457852244377136230e-02
5.919840931892395020e-01
3.047052621841430664e-01
-5.101690441370010376e-02
5.427354574203491211e-01
3.647315204143524170e-01
-3.083891980350017548e-02
5.143538117408752441e-01
3.155404329299926758e-01
-4.352742433547973633e-02
4.936219155788421631e-01
2.862915992736816406e-01
-5.250846967101097107e-02
4.771805107593536377e-01
2.653474211692810059e-01
-5.815763771533966064e-02
5.211176872253417969e-01
3.815555870532989502e-01
-2.233317494392395020e-02
4.917439818382263184e-01
3.327661156654357910e-01
-3.389674797654151917e-02
4.718278646469116211e-01
3.011908233165740967e-01
-4.170721024274826050e-02
4.550727605819702148e-01
2.781066894531250000e-01
-4.662829264998435974e-02
5.074527263641357422e-01
3.988224267959594727e-01
-1.509097218513488770e-02
4.806393384933471680e-01
3.561646640300750732e-01
-2.450172789394855499e-02
4.642858505249023438e-01
3.287994861602783203e-01
-2.896471507847309113e-02
4.509247541427612305e-01
3.079936802387237549e-01
-3.109301254153251648e-02
4.999754726886749268e-01
4.164097309112548828e-01
-9.882404468953609467e-03
4.780283570289611816e-01
3.838917911052703857e-01
-1.771637983620166779e-02
4.633722901344299316e-01
3.627120256423950195e-01
-2.055241912603378296e-02
4.526086151599884033e-01
3.457860052585601807e-01
-2.122415974736213684e-02
