3.701479434967041016e-01
8.087013959884643555e-01
-2.217382046865168377e-07
3.352338969707489014e-01
7.976713776588439941e-01
-2.541781775653362274e-02
3.028227388858795166e-01
8.068107962608337402e-01
-4.215499758720397949e-02
2.735002934932708740e-01
8.205883502960205078e-01
-5.623169615864753723e-02
2.466800510883331299e-01
8.395279645919799805e-01
-7.217938452959060669e-02
3.355917632579803467e-01
8.532484769821166992e-01
-4.088277742266654968e-02
3.446325957775115967e-01
8.588572740554809570e-01
-6.281281262636184692e-02
3.596307039260864258e-01
8.552883267402648926e-01
-8.195785433053970337e-02
3.784425258636474609e-01
8.549407124519348145e-01
-9.396471828222274780e-02
3.640393912792205811e-01
8.640130758285522461e-01
-3.734802827239036560e-02
3.823402822017669678e-01
8.596895933151245117e-01
-5.519834905862808228e-02
3.989301323890686035e-01
8.496628999710083008e-01
-6.948774307966232300e-02
4.146863818168640137e-01
8.424949645996093750e-01
-8.059959113597869873e-02
3.876404166221618652e-01
8.638717532157897949e-01
-3.488161414861679077e-02
4.050068855285644531e-01
8.603549003601074219e-01
-5.001186951994895935e-02
4.170991778373718262e-01
8.507725596427917480e-01
-5.726470798254013062e-02
4.275205135345458984e-01
8.432176113128662109e-01
-6.267615407705307007e-02
4.068021774291992188e-01
8.562157154083251953e-01
-3.442879766225814819e-02
4.211014807224273682e-01
8.543740510940551758e-01
-4.463672265410423279e-02
4.310800731182098389e-01
8.490529060363769531e-01
-4.635642841458320618e-02
4.392619431018829346e-01
8.463612794876098633e-01
-4.787022620439529419e-02
