6.969672441482543945e-01
4.489571154117584229e-01
2.733969779455946991e-07
7.359144687652587891e-01
3.671714067459106445e-01
-1.917123422026634216e-02
7.502971887588500977e-01
2.751589715480804443e-01
-3.210694715380668640e-02
7.374456524848937988e-01
1.993230581283569336e-01
-4.212740063667297363e-02
7.233783006668090820e-01
1.380217820405960083e-01
-5.247021466493606567e-02
6.771197319030761719e-01
2.306987196207046509e-01
-3.490148112177848816e-02
6.265204548835754395e-01
1.419366747140884399e-01
-5.383443459868431091e-02
5.911096334457397461e-01
9.692083299160003662e-02
-6.566209346055984497e-02
5.618937015533447266e-01
6.542988121509552002e-02
-7.282339781522750854e-02
6.379525661468505859e-01
2.557984888553619385e-01
-3.510308265686035156e-02
5.807490348815917969e-01
1.649953424930572510e-01
-5.238198116421699524e-02
5.422133207321166992e-01
1.119380444288253784e-01
-6.404913216829299927e-02
5.126140117645263672e-01
7.537978887557983398e-02
-7.251927256584167480e-02
6.050846576690673828e-01
2.896735966205596924e-01
-3.609253466129302979e-02
5.502237081527709961e-01
2.034056931734085083e-01
-5.192527920007705688e-02
5.151138901710510254e-01
1.510860323905944824e-01
-6.262427568435668945e-02
4.883595705032348633e-01
1.143779158592224121e-01
-6.945471465587615967e-02
5.770584940910339355e-01
3.273385167121887207e-01
-3.774758055806159973e-02
5.286369323730468750e-01
2.579577267169952393e-01
-5.364740639925003052e-02
4.983727931976318359e-01
2.153647541999816895e-01
-6.202700734138488770e-02
4.741840958595275879e-01
1.804396510124206543e-01
-6.597626954317092896e-02
