7.043400406837463379e-01
4.551497995853424072e-01
4.595006828367331764e-07
7.467381954193115234e-01
3.595124781131744385e-01
-9.492976590991020203e-03
7.590522766113281250e-01
2.701546251773834229e-01
-2.138279005885124207e-02
7.481119632720947266e-01
1.887082904577255249e-01
-3.037287853658199310e-02
7.361995577812194824e-01
1.238833665847778320e-01
-3.991407155990600586e-02
6.853452324867248535e-01
2.322129756212234497e-01
-3.929773345589637756e-02
6.281759738922119141e-01
1.336017102003097534e-01
-5.381250008940696716e-02
5.934003591537475586e-01
8.158779144287109375e-02
-5.919934064149856567e-02
5.658687353134155273e-01
4.243034124374389648e-02
-6.144589930772781372e-02
6.392901539802551270e-01
2.641814947128295898e-01
-4.124737530946731567e-02
5.766654014587402344e-01
1.586409062147140503e-01
-5.573424696922302246e-02
5.421712398529052734e-01
9.896384179592132568e-02
-6.010556593537330627e-02
5.201612710952758789e-01
5.860407650470733643e-02
-6.197245046496391296e-02
6.030704975128173828e-01
3.057537674903869629e-01
-4.145086184144020081e-02
5.446253418922424316e-01
2.166713476181030273e-01
-5.113048106431961060e-02
5.166894793510437012e-01
1.638231873512268066e-01
-5.228193476796150208e-02
5.006434917449951172e-01
1.274450570344924927e-01
-5.266797170042991638e-02
5.783704519271850586e-01
3.490201830863952637e-01
-4.138380661606788635e-02
5.364552736282348633e-01
2.769969403743743896e-01
-4.769802838563919067e-02
5.171805024147033691e-01
2.368208020925521851e-01
-4.534785076975822449e-02
5.055359005928039551e-01
2.044383436441421509e-01
-4.181619361042976379e-02
