7.167879343032836914e-01
7.971276044845581055e-01
8.474551691506349016e-07
7.371402978897094727e-01
7.207143306732177734e-01
-5.518038198351860046e-02
7.365337610244750977e-01
6.489568948745727539e-01
-9.237727522850036621e-02
7.286981344223022461e-01
5.924521088600158691e-01
-1.219954267144203186e-01
7.153341174125671387e-01
5.341017842292785645e-01
-1.521866470575332642e-01
6.183632016181945801e-01
6.466991901397705078e-01
-7.161536067724227905e-02
5.492816567420959473e-01
5.923472642898559570e-01
-1.060874387621879578e-01
4.988673925399780273e-01
5.490115880966186523e-01
-1.308444589376449585e-01
4.576627910137176514e-01
5.075462460517883301e-01
-1.477444767951965332e-01
5.852149128913879395e-01
6.919785737991333008e-01
-6.107264384627342224e-02
5.092035531997680664e-01
6.389237642288208008e-01
-9.388975054025650024e-02
4.535300433635711670e-01
5.843214988708496094e-01
-1.187191903591156006e-01
4.077354967594146729e-01
5.334677696228027344e-01
-1.360487937927246094e-01
5.621260404586791992e-01
7.358077168464660645e-01
-5.357744917273521423e-02
4.873697161674499512e-01
6.805766224861145020e-01
-8.329832553863525391e-02
4.332794547080993652e-01
6.291542053222656250e-01
-1.029220670461654663e-01
3.909030556678771973e-01
5.837550759315490723e-01
-1.141811087727546692e-01
5.487346053123474121e-01
7.756186127662658691e-01
-4.989152401685714722e-02
4.826883971691131592e-01
7.295091152191162109e-01
-7.473263144493103027e-02
4.378981292247772217e-01
6.914338469505310059e-01
-8.814072608947753906e-02
4.013648033142089844e-01
6.547717452049255371e-01
-9.551919251680374146e-02
