7.298243045806884766e-01
8.134126663208007812e-01
1.005117383101605810e-06
7.639012336730957031e-01
7.190517783164978027e-01
-5.465747416019439697e-02
7.696363925933837891e-01
6.330968141555786133e-01
-1.021162122488021851e-01
7.623829841613769531e-01
5.483238101005554199e-01
-1.365228295326232910e-01
7.570427060127258301e-01
4.755023121833801270e-01
-1.717098653316497803e-01
6.940039992332458496e-01
6.654109358787536621e-01
-1.474514007568359375e-01
6.066145300865173340e-01
5.567414760589599609e-01
-1.961719393730163574e-01
5.573022365570068359e-01
4.886514246463775635e-01
-2.153633385896682739e-01
5.203834772109985352e-01
4.349398314952850342e-01
-2.234206348657608032e-01
6.422311067581176758e-01
7.218599319458007812e-01
-1.354149281978607178e-01
5.453138351440429688e-01
5.918536186218261719e-01
-1.814647465944290161e-01
4.936048984527587891e-01
5.045914649963378906e-01
-1.962113380432128906e-01
4.589324295520782471e-01
4.376944303512573242e-01
-2.035958766937255859e-01
6.031664609909057617e-01
7.602788209915161133e-01
-1.209220737218856812e-01
5.156596302986145020e-01
6.389479637145996094e-01
-1.555824875831604004e-01
4.696771502494812012e-01
5.527096390724182129e-01
-1.713419407606124878e-01
4.400283694267272949e-01
4.843462109565734863e-01
-1.800285279750823975e-01
5.766476392745971680e-01
7.796317338943481445e-01
-1.078987047076225281e-01
5.099141001701354980e-01
6.902153491973876953e-01
-1.350867152214050293e-01
4.754327535629272461e-01
6.220312118530273438e-01
-1.481243968009948730e-01
4.513021409511566162e-01
5.623679757118225098e-01
-1.550566256046295166e-01
