6.003123521804809570e-01
3.973728418350219727e-01
2.733469841587066185e-07
6.274624466896057129e-01
3.491448163986206055e-01
-1.307240314781665802e-02
6.344907283782958984e-01
2.957105338573455811e-01
-2.162922360002994537e-02
6.297465562820434570e-01
2.502593398094177246e-01
-2.756341733038425446e-02
6.326411962509155273e-01
2.145474702119827271e-01
-3.373512253165245056e-02
5.885292291641235352e-01
2.775720953941345215e-01
-2.708152495324611664e-02
5.631296038627624512e-01
2.220092713832855225e-01
-3.722138330340385437e-02
5.474259257316589355e-01
1.890041977167129517e-01
-4.267857968807220459e-02
5.349520444869995117e-01
1.623681485652923584e-01
-4.640023782849311829e-02
5.627774000167846680e-01
2.916276752948760986e-01
-2.555264905095100403e-02
5.347818732261657715e-01
2.359324842691421509e-01
-3.464011102914810181e-02
5.178650617599487305e-01
1.983311772346496582e-01
-3.998644277453422546e-02
5.053240060806274414e-01
1.681969612836837769e-01
-4.396660253405570984e-02
5.440452098846435547e-01
3.103582561016082764e-01
-2.382449060678482056e-02
5.178586840629577637e-01
2.601277232170104980e-01
-3.166546300053596497e-02
5.033782124519348145e-01
2.266329377889633179e-01
-3.694911301136016846e-02
4.932403862476348877e-01
1.989032179117202759e-01
-4.090516269207000732e-02
5.317839384078979492e-01
3.301460146903991699e-01
-2.262635901570320129e-02
5.119295120239257812e-01
2.972552776336669922e-01
-3.086548671126365662e-02
5.000640153884887695e-01
2.770597338676452637e-01
-3.468391299247741699e-02
4.912133514881134033e-01
2.592212557792663574e-01
-3.657784685492515564e-02
