3.952434659004211426e-01
9.896833896636962891e-01
1.068525193659297656e-06
3.431326746940612793e-01
9.048380255699157715e-01
-9.879988431930541992e-02
3.189698457717895508e-01
8.353992700576782227e-01
-1.752193868160247803e-01
3.008740246295928955e-01
7.922319769859313965e-01
-2.325292080640792847e-01
2.660242915153503418e-01
7.638169527053833008e-01
-2.924103140830993652e-01
4.140343368053436279e-01
8.862438797950744629e-01
-2.162730693817138672e-01
4.834294319152832031e-01
8.171977400779724121e-01
-2.939147651195526123e-01
5.381824374198913574e-01
7.631803750991821289e-01
-3.373495638370513916e-01
5.852074027061462402e-01
7.163233757019042969e-01
-3.637351989746093750e-01
4.709451496601104736e-01
9.365501403808593750e-01
-1.941475719213485718e-01
5.593975782394409180e-01
8.431118130683898926e-01
-2.654601335525512695e-01
6.208312511444091797e-01
7.733852863311767578e-01
-2.941136062145233154e-01
6.676538586616516113e-01
7.175444960594177246e-01
-3.137038052082061768e-01
5.138602256774902344e-01
9.672632813453674316e-01
-1.726353466510772705e-01
5.944941043853759766e-01
8.819028735160827637e-01
-2.335573285818099976e-01
6.478240489959716797e-01
8.118787407875061035e-01
-2.593242824077606201e-01
6.880202293395996094e-01
7.568733692169189453e-01
-2.741405665874481201e-01
5.438380837440490723e-01
9.809481501579284668e-01
-1.562346667051315308e-01
6.096843481063842773e-01
9.333894252777099609e-01
-2.045172601938247681e-01
6.485892534255981445e-01
8.957279324531555176e-01
-2.270786315202713013e-01
6.796588897705078125e-01
8.600229620933532715e-01
-2.418381869792938232e-01
