7.044658660888671875e-01
4.489180147647857666e-01
4.440811096628749510e-07
7.457609176635742188e-01
3.559349179267883301e-01
-1.078878249973058701e-02
7.587621808052062988e-01
2.660981416702270508e-01
-2.247681654989719391e-02
7.498809695243835449e-01
1.870388090610504150e-01
-3.159625083208084106e-02
7.387204766273498535e-01
1.240737736225128174e-01
-4.133256897330284119e-02
6.851250529289245605e-01
2.275064736604690552e-01
-3.640824928879737854e-02
6.323566436767578125e-01
1.316428184509277344e-01
-5.076266825199127197e-02
5.995281338691711426e-01
8.159054815769195557e-02
-5.718426033854484558e-02
5.733060836791992188e-01
4.365298151969909668e-02
-6.050615385174751282e-02
6.403992176055908203e-01
2.594704926013946533e-01
-3.885196894407272339e-02
5.803449153900146484e-01
1.558920145034790039e-01
-5.233684927225112915e-02
5.476878285408020020e-01
9.728623926639556885e-02
-5.758282914757728577e-02
5.260381102561950684e-01
5.739071965217590332e-02
-6.056915223598480225e-02
6.052818298339843750e-01
3.013446033000946045e-01
-4.013285040855407715e-02
5.467060208320617676e-01
2.132501900196075439e-01
-5.049242824316024780e-02
5.202302336692810059e-01
1.621948480606079102e-01
-5.279859900474548340e-02
5.053241252899169922e-01
1.265045404434204102e-01
-5.399191379547119141e-02
5.807686448097229004e-01
3.446816504001617432e-01
-4.135117679834365845e-02
5.372952222824096680e-01
2.718472182750701904e-01
-4.941052943468093872e-02
5.186784267425537109e-01
2.323774248361587524e-01
-4.815873876214027405e-02
5.087503194808959961e-01
2.012145668268203735e-01
-4.539175704121589661e-02
