7.059970498085021973e-01
4.434968233108520508e-01
4.272394846793758916e-07
7.502609491348266602e-01
3.522316813468933105e-01
-1.195976976305246353e-02
7.642444968223571777e-01
2.621876299381256104e-01
-2.344094775617122650e-02
7.560816407203674316e-01
1.832063496112823486e-01
-3.212695196270942688e-02
7.454190254211425781e-01
1.202375590801239014e-01
-4.129169136285781860e-02
6.911115646362304688e-01
2.201129794120788574e-01
-3.732953593134880066e-02
6.386250853538513184e-01
1.242847442626953125e-01
-5.170733109116554260e-02
6.063026189804077148e-01
7.359306514263153076e-02
-5.809322372078895569e-02
5.802068710327148438e-01
3.502076864242553711e-02
-6.140512600541114807e-02
6.457308530807495117e-01
2.514863312244415283e-01
-3.903598710894584656e-02
5.874508023262023926e-01
1.492140889167785645e-01
-5.240256339311599731e-02
5.551957488059997559e-01
9.009544551372528076e-02
-5.765827745199203491e-02
5.331224203109741211e-01
5.006870627403259277e-02
-6.063553690910339355e-02
6.102010011672973633e-01
2.928462326526641846e-01
-3.970301523804664612e-02
5.552816390991210938e-01
2.067521363496780396e-01
-4.935075715184211731e-02
5.275934934616088867e-01
1.548748314380645752e-01
-5.203122273087501526e-02
5.098510980606079102e-01
1.177207827568054199e-01
-5.371601879596710205e-02
5.858892202377319336e-01
3.364543020725250244e-01
-4.051312059164047241e-02
5.458246469497680664e-01
2.655149698257446289e-01
-4.826155677437782288e-02
5.253714323043823242e-01
2.253986895084381104e-01
-4.773111268877983093e-02
5.116294622421264648e-01
1.928128898143768311e-01
-4.560602083802223206e-02
