7.179144620895385742e-01
5.909540653228759766e-01
6.116933946032077074e-07
7.597981691360473633e-01
4.896617531776428223e-01
-2.278857119381427765e-02
7.723806500434875488e-01
3.859975934028625488e-01
-4.566867277026176453e-02
7.618966102600097656e-01
2.929928302764892578e-01
-6.280872225761413574e-02
7.521263360977172852e-01
2.180676311254501343e-01
-8.147621154785156250e-02
6.952147483825683594e-01
3.641366660594940186e-01
-7.412498444318771362e-02
6.266906857490539551e-01
2.477576881647109985e-01
-1.002091318368911743e-01
5.841437578201293945e-01
1.873372793197631836e-01
-1.106264740228652954e-01
5.514107942581176758e-01
1.422763466835021973e-01
-1.154678389430046082e-01
6.428042054176330566e-01
4.040358960628509521e-01
-7.424358278512954712e-02
5.687780380249023438e-01
2.759012579917907715e-01
-9.727907180786132812e-02
5.257574319839477539e-01
2.004864811897277832e-01
-1.052758693695068359e-01
4.965986013412475586e-01
1.478184163570404053e-01
-1.099701300263404846e-01
6.018672585487365723e-01
4.508905708789825439e-01
-7.236898690462112427e-02
5.338395833969116211e-01
3.369268774986267090e-01
-8.979105949401855469e-02
4.997974038124084473e-01
2.689974308013916016e-01
-9.637583792209625244e-02
4.797111749649047852e-01
2.204185128211975098e-01
-1.007909104228019714e-01
5.734308362007141113e-01
4.976464211940765381e-01
-7.057636976242065430e-02
5.183861255645751953e-01
4.195808172225952148e-01
-8.669088780879974365e-02
4.920129477977752686e-01
3.782231211662292480e-01
-9.004961699247360229e-02
4.742875695228576660e-01
3.460578620433807373e-01
-8.994312584400177002e-02
