7.071794867515563965e-01
6.079546213150024414e-01
6.560351266671204939e-07
7.447993755340576172e-01
5.096220374107360840e-01
-3.196080774068832397e-02
7.564589977264404297e-01
3.988902568817138672e-01
-5.692178383469581604e-02
7.467588782310485840e-01
3.054742515087127686e-01
-7.407741993665695190e-02
7.352002859115600586e-01
2.330707460641860962e-01
-9.202048182487487793e-02
6.837583184242248535e-01
3.917173445224761963e-01
-8.475977927446365356e-02
6.154821515083312988e-01
2.717274427413940430e-01
-1.147251725196838379e-01
5.748235583305358887e-01
2.061866670846939087e-01
-1.271276026964187622e-01
5.436223149299621582e-01
1.542795300483703613e-01
-1.325878202915191650e-01
6.323057413101196289e-01
4.344463646411895752e-01
-8.071157336235046387e-02
5.584554672241210938e-01
3.043919205665588379e-01
-1.086542829871177673e-01
5.159964561462402344e-01
2.237299382686614990e-01
-1.192496940493583679e-01
4.852543473243713379e-01
1.638004630804061890e-01
-1.250095218420028687e-01
5.925133824348449707e-01
4.747990667819976807e-01
-7.546412199735641479e-02
5.266462564468383789e-01
3.597435057163238525e-01
-9.711306542158126831e-02
4.902091920375823975e-01
2.869654595851898193e-01
-1.070042401552200317e-01
4.645841121673583984e-01
2.319455593824386597e-01
-1.122785359621047974e-01
5.648627877235412598e-01
5.073589086532592773e-01
-7.116334885358810425e-02
5.100913047790527344e-01
4.206185340881347656e-01
-8.954429626464843750e-02
4.805960655212402344e-01
3.740141987800598145e-01
-9.595641493797302246e-02
4.581800997257232666e-01
3.376103043556213379e-01
-9.770294278860092163e-02
