5.842876434326171875e-01
8.135126233100891113e-01
-5.022715754421369638e-07
5.293945670127868652e-01
7.751374840736389160e-01
-4.789601638913154602e-02
4.530070722103118896e-01
7.526986002922058105e-01
-8.449420332908630371e-02
3.841103017330169678e-01
7.337539792060852051e-01
-1.169179826974868774e-01
3.205561637878417969e-01
7.109262943267822266e-01
-1.515379995107650757e-01
4.590838253498077393e-01
8.434300422668457031e-01
-9.293162077665328979e-02
4.854431748390197754e-01
7.970980405807495117e-01
-1.559890955686569214e-01
5.233208537101745605e-01
7.438305616378784180e-01
-1.961466670036315918e-01
5.559679865837097168e-01
6.943262815475463867e-01
-2.136974781751632690e-01
5.011621117591857910e-01
9.026692509651184082e-01
-8.734842389822006226e-02
5.639520287513732910e-01
8.154143691062927246e-01
-1.468026489019393921e-01
6.191203594207763672e-01
7.422045469284057617e-01
-1.656227409839630127e-01
6.558632850646972656e-01
6.843912005424499512e-01
-1.702290475368499756e-01
5.417171716690063477e-01
9.363135099411010742e-01
-8.502638339996337891e-02
6.054379343986511230e-01
8.554345965385437012e-01
-1.404041498899459839e-01
6.511564850807189941e-01
7.860499024391174316e-01
-1.382138133049011230e-01
6.826512813568115234e-01
7.265574932098388672e-01
-1.249867081642150879e-01
5.768561363220214844e-01
9.580494165420532227e-01
-8.640569448471069336e-02
6.211031079292297363e-01
9.073001146316528320e-01
-1.215503364801406860e-01
6.555888056755065918e-01
8.609207272529602051e-01
-1.151029840111732483e-01
6.778783202171325684e-01
8.265220522880554199e-01
-1.014408543705940247e-01
