6.745759248733520508e-01
5.764015316963195801e-01
5.686302415597310755e-07
7.076141834259033203e-01
5.131729245185852051e-01
-3.499010577797889709e-02
7.219635844230651855e-01
4.465449452400207520e-01
-6.146279722452163696e-02
7.307085990905761719e-01
3.852500319480895996e-01
-8.191871643066406250e-02
7.452728748321533203e-01
3.373031616210937500e-01
-1.028469130396842957e-01
6.510897874832153320e-01
4.551751613616943359e-01
-7.120286673307418823e-02
6.171445846557617188e-01
3.859226107597351074e-01
-9.903535991907119751e-02
5.952648520469665527e-01
3.400948643684387207e-01
-1.141390353441238403e-01
5.765704512596130371e-01
2.981074750423431396e-01
-1.238190457224845886e-01
6.123097538948059082e-01
4.761685729026794434e-01
-6.604827195405960083e-02
5.647933483123779297e-01
4.004301130771636963e-01
-9.258699417114257812e-02
5.357117056846618652e-01
3.439818918704986572e-01
-1.058609709143638611e-01
5.114038586616516113e-01
2.939835786819458008e-01
-1.150864809751510620e-01
5.843297243118286133e-01
4.964580833911895752e-01
-6.121930480003356934e-02
5.359956026077270508e-01
4.275485873222351074e-01
-8.509558439254760742e-02
5.079885721206665039e-01
3.716165423393249512e-01
-9.911967813968658447e-02
4.860027730464935303e-01
3.226163685321807861e-01
-1.075286418199539185e-01
5.658568143844604492e-01
5.117829442024230957e-01
-5.804536864161491394e-02
5.246351957321166992e-01
4.600571393966674805e-01
-7.792045176029205322e-02
4.993596374988555908e-01
4.202564358711242676e-01
-8.899637311697006226e-02
4.796788096427917480e-01
3.821072876453399658e-01
-9.594835340976715088e-02
