7.033722996711730957e-01
5.973806381225585938e-01
2.967585999158472987e-07
6.432467699050903320e-01
5.855517387390136719e-01
-1.547487918287515640e-02
5.912839770317077637e-01
5.451144576072692871e-01
-2.221776731312274933e-02
5.592213273048400879e-01
5.030363798141479492e-01
-2.843658253550529480e-02
5.342775583267211914e-01
4.674901962280273438e-01
-3.479976207017898560e-02
6.080911159515380859e-01
4.535811543464660645e-01
-1.211032923310995102e-02
5.753139853477478027e-01
3.929111063480377197e-01
-2.633027359843254089e-02
5.558199286460876465e-01
3.551135063171386719e-01
-3.796832635998725891e-02
5.406391620635986328e-01
3.223882615566253662e-01
-4.664196074008941650e-02
6.414099335670471191e-01
4.306602478027343750e-01
-1.733268052339553833e-02
6.181304454803466797e-01
3.524720072746276855e-01
-2.872226387262344360e-02
6.019337177276611328e-01
3.048967719078063965e-01
-4.029333218932151794e-02
5.876495838165283203e-01
2.655381262302398682e-01
-4.906614497303962708e-02
6.771680712699890137e-01
4.253596067428588867e-01
-2.535456418991088867e-02
6.648226380348205566e-01
3.468465805053710938e-01
-4.089099913835525513e-02
6.543028950691223145e-01
2.989048957824707031e-01
-5.259520187973976135e-02
6.437885165214538574e-01
2.577590346336364746e-01
-6.077504530549049377e-02
7.143869996070861816e-01
4.348171055316925049e-01
-3.447953611612319946e-02
7.237910032272338867e-01
3.737583458423614502e-01
-5.045352876186370850e-02
7.291360497474670410e-01
3.329444527626037598e-01
-5.750348418951034546e-02
7.323238849639892578e-01
2.966048121452331543e-01
-6.178410723805427551e-02
