6.814171075820922852e-01
6.338366270065307617e-01
2.569595096701959847e-07
6.201565861701965332e-01
6.282700896263122559e-01
-1.702850498259067535e-02
5.631293654441833496e-01
5.899754762649536133e-01
-2.469967305660247803e-02
5.250055789947509766e-01
5.512701272964477539e-01
-3.171580657362937927e-02
4.955111145973205566e-01
5.199143290519714355e-01
-3.879353031516075134e-02
5.737975239753723145e-01
4.961110353469848633e-01
-1.221988163888454437e-02
5.362381935119628906e-01
4.408440887928009033e-01
-2.793578617274761200e-02
5.134375095367431641e-01
4.072229862213134766e-01
-4.104174301028251648e-02
4.950272738933563232e-01
3.782851099967956543e-01
-5.046011880040168762e-02
6.051287055015563965e-01
4.673210382461547852e-01
-1.665297150611877441e-02
5.772268176078796387e-01
3.930605053901672363e-01
-2.939168177545070648e-02
5.572655200958251953e-01
3.491260707378387451e-01
-4.170650243759155273e-02
5.396079421043395996e-01
3.123133480548858643e-01
-5.091403424739837646e-02
6.404486894607543945e-01
4.570975899696350098e-01
-2.425616607069969177e-02
6.229935884475708008e-01
3.809063434600830078e-01
-4.009035602211952209e-02
6.091763973236083984e-01
3.357090353965759277e-01
-5.210887640714645386e-02
5.956185460090637207e-01
2.976571321487426758e-01
-6.044344976544380188e-02
6.781977415084838867e-01
4.615318775177001953e-01
-3.323966637253761292e-02
6.819436550140380859e-01
3.985481262207031250e-01
-4.875773191452026367e-02
6.833066940307617188e-01
3.570339381694793701e-01
-5.607926473021507263e-02
6.825578808784484863e-01
3.204820156097412109e-01
-6.069956347346305847e-02
