7.462188005447387695e-01
6.179111599922180176e-01
2.812054447076661745e-07
6.935713291168212891e-01
5.937730073928833008e-01
-2.235611341893672943e-02
6.455371975898742676e-01
5.424502491950988770e-01
-3.624030947685241699e-02
6.078575849533081055e-01
5.016850233078002930e-01
-4.785204306244850159e-02
5.777718424797058105e-01
4.756703376770019531e-01
-5.935033038258552551e-02
6.613405346870422363e-01
4.697622656822204590e-01
-2.665747143328189850e-02
6.311399936676025391e-01
4.054091870784759521e-01
-4.756040871143341064e-02
6.120916604995727539e-01
3.672054111957550049e-01
-6.307435780763626099e-02
5.958160161972045898e-01
3.354975581169128418e-01
-7.337275892496109009e-02
6.932311058044433594e-01
4.544846713542938232e-01
-2.863056026399135590e-02
6.714463233947753906e-01
3.797604739665985107e-01
-4.684170708060264587e-02
6.570814847946166992e-01
3.358641266822814941e-01
-5.969513952732086182e-02
6.453161835670471191e-01
3.002530038356781006e-01
-6.830546259880065918e-02
7.272827625274658203e-01
4.544081091880798340e-01
-3.326505795121192932e-02
7.156174182891845703e-01
3.798466622829437256e-01
-5.217123404145240784e-02
7.058482766151428223e-01
3.308115005493164062e-01
-6.043846160173416138e-02
6.974220275878906250e-01
2.897973358631134033e-01
-6.487547606229782104e-02
7.615627646446228027e-01
4.649327099323272705e-01
-3.936010599136352539e-02
7.588226199150085449e-01
4.031265974044799805e-01
-5.507354810833930969e-02
7.549455761909484863e-01
3.600455820560455322e-01
-5.858251079916954041e-02
7.494023442268371582e-01
3.227444589138031006e-01
-5.975860357284545898e-02
