7.382649183273315430e-01
6.005415916442871094e-01
3.232195808777760249e-07
6.826462745666503906e-01
5.583760142326354980e-01
-1.836002245545387268e-02
6.418910026550292969e-01
4.994359016418457031e-01
-2.712264470756053925e-02
6.210285425186157227e-01
4.448401033878326416e-01
-3.474869579076766968e-02
6.087957620620727539e-01
3.989891409873962402e-01
-4.216886684298515320e-02
6.839395761489868164e-01
4.280643463134765625e-01
-1.812738180160522461e-02
6.680978536605834961e-01
3.536466062068939209e-01
-3.466036170721054077e-02
6.602668762207031250e-01
3.073247671127319336e-01
-4.686385393142700195e-02
6.548590660095214844e-01
2.678697407245635986e-01
-5.551171302795410156e-02
7.217493653297424316e-01
4.203441441059112549e-01
-2.232275344431400299e-02
7.192325592041015625e-01
3.343785703182220459e-01
-3.562982007861137390e-02
7.168066501617431641e-01
2.810548543930053711e-01
-4.732165113091468811e-02
7.147032022476196289e-01
2.376791834831237793e-01
-5.588376894593238831e-02
7.570273876190185547e-01
4.306650757789611816e-01
-2.933594956994056702e-02
7.670621871948242188e-01
3.497664928436279297e-01
-4.756269603967666626e-02
7.711185812950134277e-01
3.006843924522399902e-01
-6.040079891681671143e-02
7.733744978904724121e-01
2.609781622886657715e-01
-6.861864775419235229e-02
7.900626659393310547e-01
4.570457041263580322e-01
-3.746131062507629395e-02
8.174686431884765625e-01
4.051626622676849365e-01
-5.682168900966644287e-02
8.355422019958496094e-01
3.708420991897583008e-01
-6.554897129535675049e-02
8.501814007759094238e-01
3.417896628379821777e-01
-7.024568319320678711e-02
