7.552145123481750488e-01
7.520183324813842773e-01
3.482749093564052600e-07
6.627623438835144043e-01
7.372664809226989746e-01
-2.939236536622047424e-02
5.823087692260742188e-01
6.694327592849731445e-01
-4.309094697237014771e-02
5.420229434967041016e-01
5.852147340774536133e-01
-5.485130846500396729e-02
5.248355865478515625e-01
5.084961652755737305e-01
-6.563921272754669189e-02
6.187171936035156250e-01
5.199866890907287598e-01
-2.216053009033203125e-02
5.714174509048461914e-01
4.247264862060546875e-01
-4.766812175512313843e-02
5.402459502220153809e-01
3.681360781192779541e-01
-6.876458972692489624e-02
5.145270228385925293e-01
3.201226294040679932e-01
-8.429965376853942871e-02
6.670658588409423828e-01
4.822091460227966309e-01
-2.730799838900566101e-02
6.266179084777832031e-01
3.686402440071105957e-01
-4.904313758015632629e-02
5.959509611129760742e-01
3.012541830539703369e-01
-6.948615610599517822e-02
5.681424736976623535e-01
2.451164722442626953e-01
-8.462269604206085205e-02
7.205502986907958984e-01
4.708299040794372559e-01
-3.736710175871849060e-02
6.923559308052062988e-01
3.538193404674530029e-01
-6.395795941352844238e-02
6.679486632347106934e-01
2.875123023986816406e-01
-8.212978392839431763e-02
6.443566083908081055e-01
2.317280769348144531e-01
-9.433955699205398560e-02
7.778527736663818359e-01
4.813596010208129883e-01
-4.980210959911346436e-02
7.855792045593261719e-01
3.814112544059753418e-01
-7.596876472234725952e-02
7.890961766242980957e-01
3.179436326026916504e-01
-8.797582983970642090e-02
7.900013327598571777e-01
2.623137235641479492e-01
-9.498629719018936157e-02
