6.687080264091491699e-01
5.793318152427673340e-01
2.951730948552722111e-07
6.233977675437927246e-01
5.457242727279663086e-01
-1.814907602965831757e-02
5.859628915786743164e-01
4.969325065612792969e-01
-2.989461086690425873e-02
5.603241920471191406e-01
4.535825550556182861e-01
-4.079115390777587891e-02
5.573092699050903320e-01
4.119151234626770020e-01
-5.158594250679016113e-02
6.143958568572998047e-01
4.277194142341613770e-01
-2.009670808911323547e-02
5.991659760475158691e-01
3.690274655818939209e-01
-3.920393064618110657e-02
5.882969498634338379e-01
3.329946398735046387e-01
-5.413699150085449219e-02
5.794469118118286133e-01
2.998430132865905762e-01
-6.486091762781143188e-02
6.455119252204895020e-01
4.207624495029449463e-01
-2.435059286653995514e-02
6.395259499549865723e-01
3.511694669723510742e-01
-4.069198668003082275e-02
6.351525783538818359e-01
3.086385130882263184e-01
-5.397511646151542664e-02
6.323510408401489258e-01
2.701742053031921387e-01
-6.328189373016357422e-02
6.769394278526306152e-01
4.290655255317687988e-01
-3.105762600898742676e-02
6.779767870903015137e-01
3.627532720565795898e-01
-4.956654831767082214e-02
6.788600683212280273e-01
3.219797015190124512e-01
-5.988476797938346863e-02
6.792114973068237305e-01
2.858418822288513184e-01
-6.624472141265869141e-02
7.079105973243713379e-01
4.503184854984283447e-01
-3.901275992393493652e-02
7.239728569984436035e-01
4.020243287086486816e-01
-5.591065809130668640e-02
7.347085475921630859e-01
3.687551021575927734e-01
-6.190078333020210266e-02
7.424424290657043457e-01
3.380886912345886230e-01
-6.496686488389968872e-02
