6.924709677696228027e-01
6.209668517112731934e-01
2.223803932110968162e-07
6.305387020111083984e-01
6.126874089241027832e-01
-1.130777411162853241e-02
5.746093988418579102e-01
5.761741399765014648e-01
-1.648543216288089752e-02
5.365428924560546875e-01
5.419619083404541016e-01
-2.193926088511943817e-02
5.077674388885498047e-01
5.145727396011352539e-01
-2.773494832217693329e-02
5.869357585906982422e-01
4.878532290458679199e-01
-1.088618952780961990e-02
5.447665452957153320e-01
4.327561855316162109e-01
-2.566401474177837372e-02
5.201878547668457031e-01
4.005211591720581055e-01
-3.744846209883689880e-02
4.995329082012176514e-01
3.740113675594329834e-01
-4.569422453641891479e-02
6.162877082824707031e-01
4.597868621349334717e-01
-1.781795360147953033e-02
5.838384628295898438e-01
3.847512304782867432e-01
-2.927274629473686218e-02
5.614755749702453613e-01
3.425756692886352539e-01
-4.042181745171546936e-02
5.413119196891784668e-01
3.100355267524719238e-01
-4.853093251585960388e-02
6.498720049858093262e-01
4.483935534954071045e-01
-2.697625011205673218e-02
6.277294754981994629e-01
3.713210523128509521e-01
-4.109755903482437134e-02
6.127342581748962402e-01
3.267849087715148926e-01
-5.150586366653442383e-02
5.978851914405822754e-01
2.916997373104095459e-01
-5.866155028343200684e-02
6.859577298164367676e-01
4.521389007568359375e-01
-3.698946908116340637e-02
6.869899630546569824e-01
3.879462182521820068e-01
-5.095855519175529480e-02
6.859801411628723145e-01
3.463706374168395996e-01
-5.645410344004631042e-02
6.831538677215576172e-01
3.117939233779907227e-01
-5.955884978175163269e-02
