6.602049469947814941e-01
8.509028553962707520e-01
2.325711534467700403e-07
6.225211024284362793e-01
8.202139139175415039e-01
-9.779291227459907532e-03
5.931492447853088379e-01
7.716263532638549805e-01
-1.389845926314592361e-02
5.774106979370117188e-01
7.316147089004516602e-01
-1.772814616560935974e-02
5.819410681724548340e-01
7.009655833244323730e-01
-2.106692269444465637e-02
6.228640675544738770e-01
7.252565026283264160e-01
-5.839372053742408752e-03
6.193287968635559082e-01
6.756979823112487793e-01
-1.416639424860477448e-02
6.182519793510437012e-01
6.458595395088195801e-01
-2.094013988971710205e-02
6.188536882400512695e-01
6.217561364173889160e-01
-2.615143917500972748e-02
6.492656469345092773e-01
7.238982319831848145e-01
-8.700878359377384186e-03
6.504740118980407715e-01
6.693203449249267578e-01
-1.533794682472944260e-02
6.516315340995788574e-01
6.354147791862487793e-01
-2.205217629671096802e-02
6.534810662269592285e-01
6.074224114418029785e-01
-2.718642540276050568e-02
6.743271350860595703e-01
7.332486510276794434e-01
-1.343402359634637833e-02
6.799558997154235840e-01
6.827026605606079102e-01
-2.306230366230010986e-02
6.848136782646179199e-01
6.511351466178894043e-01
-2.999517880380153656e-02
6.888288259506225586e-01
6.246628761291503906e-01
-3.464879095554351807e-02
6.976364254951477051e-01
7.519788742065429688e-01
-1.881676726043224335e-02
7.128980159759521484e-01
7.169488072395324707e-01
-2.921505272388458252e-02
7.249269485473632812e-01
6.950877904891967773e-01
-3.364738076925277710e-02
7.350720167160034180e-01
6.761692762374877930e-01
-3.608047962188720703e-02
