7.554605007171630859e-01
6.182011365890502930e-01
3.198074409738183022e-07
7.015441060066223145e-01
5.693731307983398438e-01
-1.612883806228637695e-02
6.672739386558532715e-01
5.030267834663391113e-01
-2.439852058887481689e-02
6.509208083152770996e-01
4.459285736083984375e-01
-3.222010284662246704e-02
6.432826519012451172e-01
3.975574970245361328e-01
-3.995210677385330200e-02
7.183648347854614258e-01
4.331763386726379395e-01
-1.568051427602767944e-02
7.095885276794433594e-01
3.547112643718719482e-01
-3.167100250720977783e-02
7.053228616714477539e-01
3.049382269382476807e-01
-4.405401274561882019e-02
7.036396861076354980e-01
2.641016840934753418e-01
-5.293764546513557434e-02
7.578438520431518555e-01
4.306354820728302002e-01
-2.135229296982288361e-02
7.641149759292602539e-01
3.439168632030487061e-01
-3.458278626203536987e-02
7.662190794944763184e-01
2.874099016189575195e-01
-4.685425385832786560e-02
7.675448656082153320e-01
2.416864335536956787e-01
-5.584529042243957520e-02
7.928414344787597656e-01
4.454388618469238281e-01
-2.970410883426666260e-02
8.115075826644897461e-01
3.663785457611083984e-01
-4.783472791314125061e-02
8.200078606605529785e-01
3.147811293601989746e-01
-6.134842336177825928e-02
8.254919648170471191e-01
2.712600231170654297e-01
-7.026877254247665405e-02
8.233032822608947754e-01
4.761148691177368164e-01
-3.897592052817344666e-02
8.588690161705017090e-01
4.283421933650970459e-01
-5.825516209006309509e-02
8.810281753540039062e-01
3.960419297218322754e-01
-6.714326888322830200e-02
8.989083170890808105e-01
3.678920567035675049e-01
-7.202102243900299072e-02
