7.383726239204406738e-01
9.140847921371459961e-01
2.105417138409393374e-07
6.408478021621704102e-01
8.818758726119995117e-01
-4.548721015453338623e-02
5.597137212753295898e-01
7.983931303024291992e-01
-7.270393520593643188e-02
5.143692493438720703e-01
7.123594880104064941e-01
-9.785156697034835815e-02
4.867480695247650146e-01
6.302925348281860352e-01
-1.226940825581550598e-01
6.001998782157897949e-01
6.122574806213378906e-01
-4.133363440632820129e-02
5.613092780113220215e-01
4.882565736770629883e-01
-8.177480101585388184e-02
5.367918610572814941e-01
4.071823954582214355e-01
-1.157316267490386963e-01
5.170807838439941406e-01
3.415115475654602051e-01
-1.394906491041183472e-01
6.573241353034973145e-01
5.779552459716796875e-01
-4.608317837119102478e-02
6.289421319961547852e-01
4.368349909782409668e-01
-8.117225766181945801e-02
6.062758564949035645e-01
3.481927514076232910e-01
-1.108986288309097290e-01
5.874794721603393555e-01
2.735371291637420654e-01
-1.325073540210723877e-01
7.180492877960205078e-01
5.771161317825317383e-01
-5.784315615892410278e-02
7.058810591697692871e-01
4.355803728103637695e-01
-9.235548228025436401e-02
6.940914392471313477e-01
3.497211039066314697e-01
-1.157987788319587708e-01
6.813071370124816895e-01
2.762227058410644531e-01
-1.319020241498947144e-01
7.800778150558471680e-01
6.044481992721557617e-01
-7.410529255867004395e-02
7.975006103515625000e-01
4.956158697605133057e-01
-1.040717512369155884e-01
8.035370111465454102e-01
4.254711866378784180e-01
-1.185333207249641418e-01
8.062347173690795898e-01
3.629818260669708252e-01
-1.279287189245223999e-01
