7.265180349349975586e-01
6.049079895019531250e-01
3.223329088086757110e-07
6.750388145446777344e-01
5.665990114212036133e-01
-1.538703124970197678e-02
6.400962471961975098e-01
5.097560882568359375e-01
-2.262191846966743469e-02
6.229866147041320801e-01
4.575246274471282959e-01
-2.943994663655757904e-02
6.117122769355773926e-01
4.121407270431518555e-01
-3.629898652434349060e-02
6.796004176139831543e-01
4.399974048137664795e-01
-1.223716977983713150e-02
6.660414934158325195e-01
3.725438714027404785e-01
-2.669838443398475647e-02
6.592192649841308594e-01
3.298721313476562500e-01
-3.828405588865280151e-02
6.554539799690246582e-01
2.932775616645812988e-01
-4.665885120630264282e-02
7.156240344047546387e-01
4.345792531967163086e-01
-1.703551225364208221e-02
7.154894471168518066e-01
3.545235991477966309e-01
-2.891591191291809082e-02
7.137566208839416504e-01
3.034788966178894043e-01
-4.053534194827079773e-02
7.121005654335021973e-01
2.608447968959808350e-01
-4.898699745535850525e-02
7.492137551307678223e-01
4.454863071441650391e-01
-2.455697394907474518e-02
7.598307728767395020e-01
3.703410923480987549e-01
-4.072023555636405945e-02
7.638871073722839355e-01
3.212985098361968994e-01
-5.276692286133766174e-02
7.661353349685668945e-01
2.793632745742797852e-01
-6.071328371763229370e-02
7.801772952079772949e-01
4.703769087791442871e-01
-3.305164724588394165e-02
8.066060543060302734e-01
4.219559431076049805e-01
-4.926102608442306519e-02
8.226386308670043945e-01
3.883495926856994629e-01
-5.638582631945610046e-02
8.351984024047851562e-01
3.581533432006835938e-01
-6.043569743633270264e-02
