7.390642166137695312e-01
6.375007033348083496e-01
2.760859842965146527e-07
6.834998130798339844e-01
6.127686500549316406e-01
-1.928592100739479065e-02
6.373763680458068848e-01
5.583177208900451660e-01
-3.133754059672355652e-02
6.050806641578674316e-01
5.165241360664367676e-01
-4.238696023821830750e-02
5.748273730278015137e-01
4.957535266876220703e-01
-5.418336391448974609e-02
6.477587819099426270e-01
4.812563359737396240e-01
-2.367520332336425781e-02
6.143166422843933105e-01
4.162722826004028320e-01
-4.606479033827781677e-02
5.916752219200134277e-01
3.796819150447845459e-01
-6.347478181123733521e-02
5.719548463821411133e-01
3.508290052413940430e-01
-7.491511851549148560e-02
6.782900094985961914e-01
4.631350636482238770e-01
-2.883720956742763519e-02
6.544747948646545410e-01
3.836766183376312256e-01
-4.770999029278755188e-02
6.384609341621398926e-01
3.370563983917236328e-01
-6.258629262447357178e-02
6.248728036880493164e-01
3.012063503265380859e-01
-7.301601767539978027e-02
7.105066180229187012e-01
4.608980417251586914e-01
-3.684245049953460693e-02
6.977526545524597168e-01
3.825406432151794434e-01
-5.547782406210899353e-02
6.892971992492675781e-01
3.335788249969482422e-01
-6.596926599740982056e-02
6.818746328353881836e-01
2.934163808822631836e-01
-7.286687195301055908e-02
7.442814111709594727e-01
4.712038338184356689e-01
-4.649312794208526611e-02
7.458735704421997070e-01
4.057056307792663574e-01
-6.172050163149833679e-02
7.463034987449645996e-01
3.628044724464416504e-01
-6.633146852254867554e-02
7.451488971710205078e-01
3.272027373313903809e-01
-6.917321681976318359e-02
