6.746328473091125488e-01
6.028695106506347656e-01
2.436803754335414851e-07
6.172263026237487793e-01
5.916573405265808105e-01
-1.385694742202758789e-02
5.676780343055725098e-01
5.534952282905578613e-01
-2.034728974103927612e-02
5.359950065612792969e-01
5.139389038085937500e-01
-2.663142047822475433e-02
5.110419392585754395e-01
4.818082451820373535e-01
-3.317649289965629578e-02
5.845023393630981445e-01
4.626299738883972168e-01
-1.047941017895936966e-02
5.504308938980102539e-01
4.051626920700073242e-01
-2.479111775755882263e-02
5.291587710380554199e-01
3.708350956439971924e-01
-3.680430352687835693e-02
5.121073722839355469e-01
3.421207070350646973e-01
-4.542993381619453430e-02
6.156409382820129395e-01
4.387457966804504395e-01
-1.604684069752693176e-02
5.913917422294616699e-01
3.617794215679168701e-01
-2.742203511297702789e-02
5.734657049179077148e-01
3.166043758392333984e-01
-3.896778076887130737e-02
5.576016306877136230e-01
2.808429598808288574e-01
-4.762833938002586365e-02
6.494469642639160156e-01
4.315809607505798340e-01
-2.433525212109088898e-02
6.363083720207214355e-01
3.533972501754760742e-01
-3.915942832827568054e-02
6.241552233695983887e-01
3.078916072845458984e-01
-5.066844448447227478e-02
6.121590733528137207e-01
2.712870240211486816e-01
-5.865172669291496277e-02
6.847426891326904297e-01
4.387549161911010742e-01
-3.366888314485549927e-02
6.932929754257202148e-01
3.760355114936828613e-01
-4.805222898721694946e-02
6.968744993209838867e-01
3.354651331901550293e-01
-5.461596325039863586e-02
6.981317996978759766e-01
3.007130026817321777e-01
-5.872804298996925354e-02
