7.053195834159851074e-01
6.725423336029052734e-01
8.884883300197543576e-07
6.116006970405578613e-01
6.274531483650207520e-01
-4.506098106503486633e-02
5.391658544540405273e-01
5.195823311805725098e-01
-7.076814025640487671e-02
4.956344962120056152e-01
4.229843914508819580e-01
-9.190429002046585083e-02
4.668097496032714844e-01
3.410755693912506104e-01
-1.136280819773674011e-01
6.142217516899108887e-01
3.610108792781829834e-01
-5.832524225115776062e-02
5.841678380966186523e-01
2.197440117597579956e-01
-1.005798056721687317e-01
5.641191005706787109e-01
1.236846446990966797e-01
-1.319201439619064331e-01
5.508430004119873047e-01
4.488170146942138672e-02
-1.534335315227508545e-01
6.801751255989074707e-01
3.478030264377593994e-01
-6.444325298070907593e-02
6.751652359962463379e-01
1.773154139518737793e-01
-1.015921682119369507e-01
6.727055907249450684e-01
6.082853674888610840e-02
-1.312682628631591797e-01
6.719276905059814453e-01
-3.723371028900146484e-02
-1.509678512811660767e-01
7.446345090866088867e-01
3.694887757301330566e-01
-7.560218125581741333e-02
7.550419569015502930e-01
2.052916735410690308e-01
-1.188285499811172485e-01
7.600570321083068848e-01
9.637370705604553223e-02
-1.490604579448699951e-01
7.649141550064086914e-01
2.465814352035522461e-03
-1.678703576326370239e-01
8.079736232757568359e-01
4.214188158512115479e-01
-8.916162699460983276e-02
8.582042455673217773e-01
3.130161166191101074e-01
-1.310475915670394897e-01
8.908892869949340820e-01
2.403344660997390747e-01
-1.505197882652282715e-01
9.180467724800109863e-01
1.742100864648818970e-01
-1.611962169408798218e-01
