6.789863705635070801e-01
6.324881315231323242e-01
2.825701130859670229e-07
6.191837787628173828e-01
6.364737153053283691e-01
-1.520113740116357803e-02
5.626343488693237305e-01
6.082491278648376465e-01
-2.121133729815483093e-02
5.254228115081787109e-01
5.724695324897766113e-01
-2.700155414640903473e-02
4.948547184467315674e-01
5.442647933959960938e-01
-3.300579637289047241e-02
5.650159120559692383e-01
5.100542902946472168e-01
-7.628579158335924149e-03
5.248041749000549316e-01
4.612588286399841309e-01
-2.087635360658168793e-02
4.996492266654968262e-01
4.305846095085144043e-01
-3.264776244759559631e-02
4.793966412544250488e-01
4.028456211090087891e-01
-4.172799736261367798e-02
5.932507514953613281e-01
4.781609475612640381e-01
-1.309481915086507797e-02
5.589390397071838379e-01
4.073632359504699707e-01
-2.425835654139518738e-02
5.349411368370056152e-01
3.642680943012237549e-01
-3.659119457006454468e-02
5.141363739967346191e-01
3.287455439567565918e-01
-4.598046466708183289e-02
6.267303824424743652e-01
4.641225337982177734e-01
-2.166799642145633698e-02
6.024846434593200684e-01
3.908127248287200928e-01
-3.742719814181327820e-02
5.841714143753051758e-01
3.475120067596435547e-01
-5.000839754939079285e-02
5.668865442276000977e-01
3.112967610359191895e-01
-5.874153971672058105e-02
6.637330651283264160e-01
4.648648202419281006e-01
-3.143443539738655090e-02
6.632257699966430664e-01
4.016403853893280029e-01
-4.720963910222053528e-02
6.623366475105285645e-01
3.604806661605834961e-01
-5.453771725296974182e-02
6.597534418106079102e-01
3.244656324386596680e-01
-5.924338474869728088e-02
