6.273256540298461914e-01
9.252060651779174805e-01
1.696163849373988342e-07
5.830885171890258789e-01
9.105749726295471191e-01
-1.144968904554843903e-02
5.451499819755554199e-01
8.697652816772460938e-01
-1.662517152726650238e-02
5.252580642700195312e-01
8.288589715957641602e-01
-2.120347693562507629e-02
5.137261748313903809e-01
7.995957732200622559e-01
-2.525937557220458984e-02
5.574864745140075684e-01
8.076551556587219238e-01
-8.259858004748821259e-03
5.426305532455444336e-01
7.588238120079040527e-01
-1.907171308994293213e-02
5.337396860122680664e-01
7.278688549995422363e-01
-2.869550324976444244e-02
5.261605381965637207e-01
7.020006179809570312e-01
-3.563911095261573792e-02
5.833880305290222168e-01
7.946814298629760742e-01
-1.086447853595018387e-02
5.714424252510070801e-01
7.424722909927368164e-01
-1.860833726823329926e-02
5.627937912940979004e-01
7.110848426818847656e-01
-2.660874277353286743e-02
5.553432106971740723e-01
6.854149699211120605e-01
-3.257232531905174255e-02
6.105355620384216309e-01
7.926694750785827637e-01
-1.525341626256704330e-02
6.038066148757934570e-01
7.436769604682922363e-01
-2.384168095886707306e-02
5.976730585098266602e-01
7.128034830093383789e-01
-2.801098302006721497e-02
5.912498235702514648e-01
6.872728466987609863e-01
-3.073534928262233734e-02
6.389127373695373535e-01
8.001925349235534668e-01
-2.089941501617431641e-02
6.386613845825195312e-01
7.584524154663085938e-01
-2.912552095949649811e-02
6.369537711143493652e-01
7.318430542945861816e-01
-3.005951642990112305e-02
6.339572072029113770e-01
7.104687690734863281e-01
-2.980534732341766357e-02
