7.558425664901733398e-01
6.511790752410888672e-01
3.614098886828287505e-07
7.026400566101074219e-01
5.994576215744018555e-01
-1.657889783382415771e-02
6.702353954315185547e-01
5.257552862167358398e-01
-2.375517971813678741e-02
6.567597985267639160e-01
4.632501304149627686e-01
-3.057496808469295502e-02
6.491487622261047363e-01
4.113042950630187988e-01
-3.740915656089782715e-02
7.240883111953735352e-01
4.560420215129852295e-01
-1.357540208846330643e-02
7.170056104660034180e-01
3.747151494026184082e-01
-2.927592396736145020e-02
7.138702869415283203e-01
3.237153887748718262e-01
-4.140941426157951355e-02
7.132438421249389648e-01
2.813282012939453125e-01
-5.014367029070854187e-02
7.645049691200256348e-01
4.555120766162872314e-01
-1.928633078932762146e-02
7.742487788200378418e-01
3.644106984138488770e-01
-3.262173756957054138e-02
7.783288359642028809e-01
3.042787015438079834e-01
-4.602832347154617310e-02
7.813282012939453125e-01
2.547138929367065430e-01
-5.561371520161628723e-02
8.002862334251403809e-01
4.728738069534301758e-01
-2.780717983841896057e-02
8.230767846107482910e-01
3.913043439388275146e-01
-4.663012921810150146e-02
8.341306447982788086e-01
3.361824750900268555e-01
-6.188059598207473755e-02
8.423411250114440918e-01
2.887584567070007324e-01
-7.180746644735336304e-02
8.312236070632934570e-01
5.059968829154968262e-01
-3.722237423062324524e-02
8.709794282913208008e-01
4.594213962554931641e-01
-5.711333453655242920e-02
8.961834907531738281e-01
4.263491332530975342e-01
-6.690053641796112061e-02
9.170745611190795898e-01
3.966752290725708008e-01
-7.238308340311050415e-02
