9.064145684242248535e-01
6.576232910156250000e-01
3.517370714689604938e-07
8.328485488891601562e-01
6.284991502761840820e-01
-2.122185006737709045e-02
7.745699882507324219e-01
5.686950683593750000e-01
-3.361842036247253418e-02
7.465177774429321289e-01
5.001748204231262207e-01
-4.420086741447448730e-02
7.352233529090881348e-01
4.380413293838500977e-01
-5.390386655926704407e-02
8.020043969154357910e-01
4.706815481185913086e-01
-2.305012382566928864e-02
7.714908123016357422e-01
3.910779654979705811e-01
-4.495737329125404358e-02
7.522260546684265137e-01
3.431415557861328125e-01
-6.158513203263282776e-02
7.367318272590637207e-01
3.021388649940490723e-01
-7.295998185873031616e-02
8.450412154197692871e-01
4.513021111488342285e-01
-2.710559219121932983e-02
8.210347294807434082e-01
3.608583211898803711e-01
-4.501668736338615417e-02
8.059194087982177734e-01
3.063389658927917480e-01
-5.947360023856163025e-02
7.938918471336364746e-01
2.604151368141174316e-01
-6.973190605640411377e-02
8.894580602645874023e-01
4.513356983661651611e-01
-3.418931365013122559e-02
8.733476996421813965e-01
3.644486069679260254e-01
-5.541867762804031372e-02
8.594628572463989258e-01
3.118151426315307617e-01
-6.758584827184677124e-02
8.467592000961303711e-01
2.687216699123382568e-01
-7.498111575841903687e-02
9.361047148704528809e-01
4.670016169548034668e-01
-4.259824752807617188e-02
9.414424300193786621e-01
3.893920183181762695e-01
-6.299285590648651123e-02
9.429975152015686035e-01
3.400978446006774902e-01
-7.075559347867965698e-02
9.420449733734130859e-01
2.965150475502014160e-01
-7.445102930068969727e-02
