7.037604451179504395e-01
6.049272418022155762e-01
2.940258525541139534e-07
6.507008075714111328e-01
5.736244320869445801e-01
-1.688531786203384399e-02
6.111058592796325684e-01
5.195094943046569824e-01
-2.542716078460216522e-02
5.879854559898376465e-01
4.708278477191925049e-01
-3.330192714929580688e-02
5.718180537223815918e-01
4.305618405342102051e-01
-4.117437079548835754e-02
6.467761993408203125e-01
4.428091943264007568e-01
-1.414726302027702332e-02
6.282486915588378906e-01
3.764879107475280762e-01
-2.974750846624374390e-02
6.162509322166442871e-01
3.345246315002441406e-01
-4.236775636672973633e-02
6.076514720916748047e-01
2.983847260475158691e-01
-5.148192495107650757e-02
6.804909110069274902e-01
4.322460293769836426e-01
-1.830672472715377808e-02
6.742538809776306152e-01
3.532532155513763428e-01
-3.131385892629623413e-02
6.678044199943542480e-01
3.034954667091369629e-01
-4.358909279108047485e-02
6.628015041351318359e-01
2.614578306674957275e-01
-5.274790525436401367e-02
7.136707305908203125e-01
4.381395280361175537e-01
-2.530688978731632233e-02
7.175207138061523438e-01
3.615058064460754395e-01
-4.094449058175086975e-02
7.174116373062133789e-01
3.150073289871215820e-01
-5.233910307288169861e-02
7.161758542060852051e-01
2.763130068778991699e-01
-6.010024249553680420e-02
7.460644245147705078e-01
4.579410851001739502e-01
-3.365372121334075928e-02
7.664633989334106445e-01
4.029089808464050293e-01
-4.891316965222358704e-02
7.785446047782897949e-01
3.661257028579711914e-01
-5.608475208282470703e-02
7.875213027000427246e-01
3.335020244121551514e-01
-6.046973541378974915e-02
