7.520978450775146484e-01
5.465763807296752930e-01
2.488564803115878021e-07
6.997869014739990234e-01
5.375959873199462891e-01
-1.683025620877742767e-02
6.530596613883972168e-01
5.083479881286621094e-01
-2.743259817361831665e-02
6.192804574966430664e-01
4.819115996360778809e-01
-3.710794448852539062e-02
5.909572243690490723e-01
4.658257663249969482e-01
-4.671046510338783264e-02
6.630363464355468750e-01
4.301931560039520264e-01
-1.681940630078315735e-02
6.338711380958557129e-01
3.767727017402648926e-01
-3.284915909171104431e-02
6.164713501930236816e-01
3.441406488418579102e-01
-4.553812742233276367e-02
6.033637523651123047e-01
3.174850940704345703e-01
-5.415465682744979858e-02
6.910590529441833496e-01
4.079953730106353760e-01
-2.044988237321376801e-02
6.700298190116882324e-01
3.428928554058074951e-01
-3.379090130329132080e-02
6.572049856185913086e-01
3.030307292938232422e-01
-4.482148587703704834e-02
6.474625468254089355e-01
2.690381407737731934e-01
-5.279634892940521240e-02
7.214300632476806641e-01
4.005278348922729492e-01
-2.663226798176765442e-02
7.107356190681457520e-01
3.351571261882781982e-01
-4.096555709838867188e-02
7.061008810997009277e-01
2.959563136100769043e-01
-4.914588108658790588e-02
7.017471194267272949e-01
2.634314596652984619e-01
-5.450859665870666504e-02
7.537510991096496582e-01
4.052659869194030762e-01
-3.429063409566879272e-02
7.565902471542358398e-01
3.502607941627502441e-01
-4.635266214609146118e-02
7.583571076393127441e-01
3.158147335052490234e-01
-5.001806467771530151e-02
7.590182423591613770e-01
2.860075831413269043e-01
-5.200988426804542542e-02
