6.819561123847961426e-01
6.278135776519775391e-01
2.572186872384918388e-07
6.219000816345214844e-01
6.273603439331054688e-01
-1.400907896459102631e-02
5.657871365547180176e-01
6.009695529937744141e-01
-2.114691771566867828e-02
5.279938578605651855e-01
5.698651075363159180e-01
-2.837886102497577667e-02
4.970794916152954102e-01
5.426478981971740723e-01
-3.576228022575378418e-02
5.675506591796875000e-01
5.038149952888488770e-01
-8.369853720068931580e-03
5.273339748382568359e-01
4.549808800220489502e-01
-2.296346053481101990e-02
5.023137927055358887e-01
4.253345727920532227e-01
-3.566109016537666321e-02
4.817401170730590820e-01
3.989281952381134033e-01
-4.522742703557014465e-02
5.958905220031738281e-01
4.729258120059967041e-01
-1.497150585055351257e-02
5.613233447074890137e-01
4.043830037117004395e-01
-2.760377712547779083e-02
5.368641614913940430e-01
3.637166917324066162e-01
-4.051836580038070679e-02
5.148509740829467773e-01
3.297316431999206543e-01
-5.013420060276985168e-02
6.295797824859619141e-01
4.590037167072296143e-01
-2.451814524829387665e-02
6.045032739639282227e-01
3.856232166290283203e-01
-4.089201614260673523e-02
5.851564407348632812e-01
3.433498144149780273e-01
-5.266905948519706726e-02
5.665965676307678223e-01
3.077619671821594238e-01
-6.075743213295936584e-02
6.670168638229370117e-01
4.600012302398681641e-01
-3.515055403113365173e-02
6.649165153503417969e-01
3.974958062171936035e-01
-5.087608471512794495e-02
6.626042723655700684e-01
3.567973375320434570e-01
-5.715246126055717468e-02
6.586363315582275391e-01
3.214493989944458008e-01
-6.094137579202651978e-02
