8.003996610641479492e-01
5.536342263221740723e-01
2.702433050671970705e-07
7.385028600692749023e-01
5.605391860008239746e-01
-1.325133070349693298e-02
6.787716746330261230e-01
5.433982610702514648e-01
-1.865349151194095612e-02
6.374428272247314453e-01
5.201876759529113770e-01
-2.379597164690494537e-02
6.044910550117492676e-01
5.049513578414916992e-01
-2.869674190878868103e-02
6.766703128814697266e-01
4.596340358257293701e-01
-7.562353741377592087e-03
6.311112642288208008e-01
4.171552956104278564e-01
-1.955638639628887177e-02
6.060639619827270508e-01
3.907725214958190918e-01
-2.952385321259498596e-02
5.866413712501525879e-01
3.678736090660095215e-01
-3.658425435423851013e-02
7.024081349372863770e-01
4.254360496997833252e-01
-1.215454097837209702e-02
6.618127822875976562e-01
3.650263249874114990e-01
-2.118067257106304169e-02
6.367717981338500977e-01
3.291186094284057617e-01
-3.105804882943630219e-02
6.163147091865539551e-01
3.000074028968811035e-01
-3.839612752199172974e-02
7.336173057556152344e-01
4.054632484912872314e-01
-1.937675289809703827e-02
7.029618024826049805e-01
3.411800265312194824e-01
-3.148290514945983887e-02
6.839724183082580566e-01
3.046422600746154785e-01
-4.057244583964347839e-02
6.676314473152160645e-01
2.756192684173583984e-01
-4.677189141511917114e-02
7.694466114044189453e-01
3.974116742610931396e-01
-2.766796573996543884e-02
7.602294683456420898e-01
3.421177566051483154e-01
-3.940845653414726257e-02
7.546212077140808105e-01
3.072487711906433105e-01
-4.356111958622932434e-02
7.489889860153198242e-01
2.786172628402709961e-01
-4.571994021534919739e-02
