7.164404392242431641e-01
6.284420490264892578e-01
4.453506790014216676e-07
6.478875875473022461e-01
5.906375050544738770e-01
-2.582237683236598969e-02
5.982484817504882812e-01
5.141620635986328125e-01
-3.752138465642929077e-02
5.711073279380798340e-01
4.440528154373168945e-01
-4.691586270928382874e-02
5.527915358543395996e-01
3.871478438377380371e-01
-5.612750351428985596e-02
6.550643444061279297e-01
4.083603918552398682e-01
-2.581774070858955383e-02
6.366329193115234375e-01
3.140144050121307373e-01
-4.648516327142715454e-02
6.245411038398742676e-01
2.537859082221984863e-01
-6.268523633480072021e-02
6.161308288574218750e-01
2.040345221757888794e-01
-7.461919635534286499e-02
7.011622190475463867e-01
3.993186950683593750e-01
-3.007665276527404785e-02
6.976467370986938477e-01
2.902898192405700684e-01
-4.715273156762123108e-02
6.932904124259948730e-01
2.213243991136550903e-01
-6.293016672134399414e-02
6.896375417709350586e-01
1.658029258251190186e-01
-7.431329786777496338e-02
7.458372712135314941e-01
4.140537977218627930e-01
-3.787581622600555420e-02
7.554107904434204102e-01
3.080511689186096191e-01
-6.088795140385627747e-02
7.578057646751403809e-01
2.425040155649185181e-01
-7.815843820571899414e-02
7.587611675262451172e-01
1.864249408245086670e-01
-8.959987759590148926e-02
7.888071537017822266e-01
4.493297636508941650e-01
-4.728601872920989990e-02
8.234843015670776367e-01
3.809348344802856445e-01
-7.266990840435028076e-02
8.458801507949829102e-01
3.351739645004272461e-01
-8.506072312593460083e-02
8.640248775482177734e-01
2.939860820770263672e-01
-9.202583879232406616e-02
