7.414106726646423340e-01
6.104600429534912109e-01
3.223574083222047193e-07
6.899883151054382324e-01
5.607851743698120117e-01
-1.447325944900512695e-02
6.607432961463928223e-01
4.928531348705291748e-01
-2.006820216774940491e-02
6.501463055610656738e-01
4.344054758548736572e-01
-2.551457472145557404e-02
6.424946784973144531e-01
3.874705731868743896e-01
-3.101899847388267517e-02
7.124344706535339355e-01
4.312032163143157959e-01
-9.264908730983734131e-03
7.063105106353759766e-01
3.572760820388793945e-01
-2.241508103907108307e-02
7.049725055694580078e-01
3.114772439002990723e-01
-3.309350833296775818e-02
7.059257626533508301e-01
2.741985321044921875e-01
-4.076414555311203003e-02
7.506591081619262695e-01
4.331392645835876465e-01
-1.451952941715717316e-02
7.597115039825439453e-01
3.489232063293457031e-01
-2.536308951675891876e-02
7.637454867362976074e-01
2.956606447696685791e-01
-3.675551339983940125e-02
7.670279145240783691e-01
2.528905272483825684e-01
-4.505296051502227783e-02
7.843818664550781250e-01
4.504573345184326172e-01
-2.259717695415019989e-02
8.049392104148864746e-01
3.746820688247680664e-01
-3.889064863324165344e-02
8.152737021446228027e-01
3.255078792572021484e-01
-5.194666236639022827e-02
8.229365348815917969e-01
2.839550971984863281e-01
-6.053099408745765686e-02
8.136742711067199707e-01
4.816057085990905762e-01
-3.152322024106979370e-02
8.489779233932495117e-01
4.374944865703582764e-01
-4.856702312827110291e-02
8.718270063400268555e-01
4.076124727725982666e-01
-5.650449916720390320e-02
8.903720378875732422e-01
3.809643387794494629e-01
-6.102581322193145752e-02
