6.244831681251525879e-01
8.705859184265136719e-01
1.424403563987652888e-07
5.828195214271545410e-01
8.503546714782714844e-01
-9.174962528049945831e-03
5.508912801742553711e-01
8.114299774169921875e-01
-1.223259046673774719e-02
5.356844663619995117e-01
7.736440300941467285e-01
-1.505607925355434418e-02
5.253744721412658691e-01
7.431690692901611328e-01
-1.751938834786415100e-02
5.770970582962036133e-01
7.581049203872680664e-01
-5.130831152200698853e-03
5.641468763351440430e-01
7.116064429283142090e-01
-1.309601310640573502e-02
5.577051043510437012e-01
6.830384731292724609e-01
-2.009463496506214142e-02
5.527501106262207031e-01
6.594144701957702637e-01
-2.542861551046371460e-02
6.020370721817016602e-01
7.490894794464111328e-01
-8.441332727670669556e-03
5.941768884658813477e-01
6.953449249267578125e-01
-1.419510599225759506e-02
5.892991423606872559e-01
6.627322435379028320e-01
-2.105094678699970245e-02
5.853615999221801758e-01
6.367903351783752441e-01
-2.650526538491249084e-02
6.266154646873474121e-01
7.520010471343994141e-01
-1.350741274654865265e-02
6.261068582534790039e-01
7.010310888290405273e-01
-2.246591821312904358e-02
6.244634389877319336e-01
6.703655719757080078e-01
-2.895613946020603180e-02
6.225463151931762695e-01
6.454624533653259277e-01
-3.351105004549026489e-02
6.511451601982116699e-01
7.654855251312255859e-01
-1.930295862257480621e-02
6.630585193634033203e-01
7.296932339668273926e-01
-2.886424027383327484e-02
6.700505018234252930e-01
7.059463262557983398e-01
-3.255049139261245728e-02
6.756999492645263672e-01
6.860446929931640625e-01
-3.459702059626579285e-02
