7.484714388847351074e-01
8.508768081665039062e-01
2.706213706460403046e-07
6.423968076705932617e-01
8.077873587608337402e-01
-2.556322328746318817e-02
5.547512769699096680e-01
7.227085828781127930e-01
-3.922891244292259216e-02
5.057122707366943359e-01
6.343371868133544922e-01
-5.371728911995887756e-02
4.966920912265777588e-01
5.481874346733093262e-01
-6.708572059869766235e-02
5.911914110183715820e-01
5.520683526992797852e-01
-5.746059119701385498e-03
5.422990322113037109e-01
4.444081187248229980e-01
-3.286289796233177185e-02
5.056569576263427734e-01
3.874033093452453613e-01
-5.746610090136528015e-02
4.709280133247375488e-01
3.410696685314178467e-01
-7.556881010532379150e-02
6.454231142997741699e-01
5.157366991043090820e-01
-1.578452624380588531e-02
6.044667363166809082e-01
3.849160671234130859e-01
-4.023368656635284424e-02
5.659190416336059570e-01
3.126627206802368164e-01
-6.476657092571258545e-02
5.256978273391723633e-01
2.556085884571075439e-01
-8.228067308664321899e-02
7.062377333641052246e-01
5.075492858886718750e-01
-3.177471458911895752e-02
6.770241260528564453e-01
3.760126233100891113e-01
-6.017369776964187622e-02
6.457951664924621582e-01
3.037153482437133789e-01
-7.932254672050476074e-02
6.116175651550292969e-01
2.461023330688476562e-01
-9.152447432279586792e-02
7.708071470260620117e-01
5.240957736968994141e-01
-5.038331449031829834e-02
7.762141227722167969e-01
4.070375561714172363e-01
-7.543833553791046143e-02
7.735108733177185059e-01
3.288372159004211426e-01
-8.627589792013168335e-02
7.661737203598022461e-01
2.612628638744354248e-01
-9.255806356668472290e-02
