7.415962815284729004e-01
6.025484800338745117e-01
3.162463144690264016e-07
6.881102323532104492e-01
5.564208626747131348e-01
-1.520270295441150665e-02
6.520460844039916992e-01
4.935377538204193115e-01
-2.207441627979278564e-02
6.339138150215148926e-01
4.386769831180572510e-01
-2.846090123057365417e-02
6.219955086708068848e-01
3.923147916793823242e-01
-3.477235510945320129e-02
6.974414587020874023e-01
4.261570870876312256e-01
-1.265682745724916458e-02
6.854312419891357422e-01
3.518273532390594482e-01
-2.663221023976802826e-02
6.793041825294494629e-01
3.056939244270324707e-01
-3.748099878430366516e-02
6.753963828086853027e-01
2.677267789840698242e-01
-4.527152702212333679e-02
7.350994348526000977e-01
4.226534664630889893e-01
-1.763403229415416718e-02
7.373329401016235352e-01
3.371403217315673828e-01
-2.881150320172309875e-02
7.367715835571289062e-01
2.839615941047668457e-01
-3.983920067548751831e-02
7.354483604431152344e-01
2.406837791204452515e-01
-4.794260859489440918e-02
7.698383331298828125e-01
4.356997609138488770e-01
-2.529302239418029785e-02
7.836185693740844727e-01
3.570758402347564697e-01
-4.106569662690162659e-02
7.894556522369384766e-01
3.073325157165527344e-01
-5.330310389399528503e-02
7.927574515342712402e-01
2.651715874671936035e-01
-6.142506375908851624e-02
8.019981384277343750e-01
4.633228182792663574e-01
-3.388360142707824707e-02
8.326033353805541992e-01
4.138327240943908691e-01
-5.036555230617523193e-02
8.517468571662902832e-01
3.799610435962677002e-01
-5.803556740283966064e-02
8.668245077133178711e-01
3.497462570667266846e-01
-6.236790493130683899e-02
