8.080920577049255371e-01
5.832633376121520996e-01
2.726782213358092122e-07
7.448273897171020508e-01
5.770648717880249023e-01
-1.338748261332511902e-02
6.880929470062255859e-01
5.380318760871887207e-01
-1.950370520353317261e-02
6.518282294273376465e-01
5.001320838928222656e-01
-2.549805492162704468e-02
6.218958497047424316e-01
4.754208922386169434e-01
-3.190452978014945984e-02
7.022014260292053223e-01
4.396996796131134033e-01
-1.159108616411685944e-02
6.638799905776977539e-01
3.804890811443328857e-01
-2.622183598577976227e-02
6.411314606666564941e-01
3.456719517707824707e-01
-3.834307193756103516e-02
6.227898597717285156e-01
3.183774352073669434e-01
-4.676466435194015503e-02
7.364866137504577637e-01
4.122525155544281006e-01
-1.808712072670459747e-02
7.089044451713562012e-01
3.320704400539398193e-01
-2.963858656585216522e-02
6.894924044609069824e-01
2.846370339393615723e-01
-4.216484725475311279e-02
6.730610132217407227e-01
2.465873211622238159e-01
-5.140679329633712769e-02
7.736853361129760742e-01
4.038781225681304932e-01
-2.706923894584178925e-02
7.597694993019104004e-01
3.233789801597595215e-01
-4.331179335713386536e-02
7.488627433776855469e-01
2.748163938522338867e-01
-5.701562762260437012e-02
7.381337285041809082e-01
2.359220534563064575e-01
-6.637967377901077271e-02
8.123666644096374512e-01
4.125225543975830078e-01
-3.674497082829475403e-02
8.230052590370178223e-01
3.469651043415069580e-01
-5.312724411487579346e-02
8.305412530899047852e-01
3.053216040134429932e-01
-6.045730784535408020e-02
8.354516029357910156e-01
2.704852819442749023e-01
-6.478188186883926392e-02
