7.770485877990722656e-01
7.318149805068969727e-01
5.091222874398226850e-07
6.907194256782531738e-01
6.620808243751525879e-01
-3.258180245757102966e-02
6.339862942695617676e-01
5.519626736640930176e-01
-4.697856679558753967e-02
6.037302017211914062e-01
4.548568129539489746e-01
-5.938798934221267700e-02
5.759217739105224609e-01
3.795127272605895996e-01
-7.169216126203536987e-02
7.027000784873962402e-01
4.229013025760650635e-01
-3.081204369664192200e-02
6.853300333023071289e-01
3.010678291320800781e-01
-5.835182592272758484e-02
6.709582805633544922e-01
2.289680689573287964e-01
-7.984413206577301025e-02
6.598002314567565918e-01
1.664769649505615234e-01
-9.582875669002532959e-02
7.638640999794006348e-01
4.191353321075439453e-01
-3.650632128119468689e-02
7.616372108459472656e-01
2.859171628952026367e-01
-6.087980791926383972e-02
7.545058727264404297e-01
2.060082852840423584e-01
-8.216839283704757690e-02
7.475241422653198242e-01
1.377885937690734863e-01
-9.828751534223556519e-02
8.195781111717224121e-01
4.435423910617828369e-01
-4.712535068392753601e-02
8.436361551284790039e-01
3.124417662620544434e-01
-7.917716354131698608e-02
8.506050705909729004e-01
2.327445149421691895e-01
-1.001696810126304626e-01
8.524549603462219238e-01
1.623784601688385010e-01
-1.144065409898757935e-01
8.710255622863769531e-01
4.937605261802673340e-01
-5.997502058744430542e-02
9.282532334327697754e-01
4.080731272697448730e-01
-9.423240274190902710e-02
9.610718488693237305e-01
3.452739417552947998e-01
-1.107107549905776978e-01
9.857385158538818359e-01
2.854372859001159668e-01
-1.203424632549285889e-01
