6.998524665832519531e-01
6.366797685623168945e-01
2.635528062455705367e-07
6.435413956642150879e-01
6.133418679237365723e-01
-1.645977236330509186e-02
5.966072082519531250e-01
5.630477070808410645e-01
-2.562114782631397247e-02
5.680296421051025391e-01
5.160098671913146973e-01
-3.419837355613708496e-02
5.432943701744079590e-01
4.820424020290374756e-01
-4.302949085831642151e-02
6.189073920249938965e-01
4.782024919986724854e-01
-1.795154437422752380e-02
5.903117656707763672e-01
4.110544621944427490e-01
-3.543023392558097839e-02
5.718702673912048340e-01
3.697624504566192627e-01
-4.902999848127365112e-02
5.574483871459960938e-01
3.347210288047790527e-01
-5.862146243453025818e-02
6.524905562400817871e-01
4.579743146896362305e-01
-2.310361899435520172e-02
6.347252726554870605e-01
3.762903809547424316e-01
-3.726288676261901855e-02
6.215650439262390137e-01
3.265537321567535400e-01
-4.942814633250236511e-02
6.100643873214721680e-01
2.862533032894134521e-01
-5.849250406026840210e-02
6.882975101470947266e-01
4.558555483818054199e-01
-3.092143870890140533e-02
6.827007532119750977e-01
3.754300475120544434e-01
-4.644155502319335938e-02
6.773388981819152832e-01
3.272088468074798584e-01
-5.760153010487556458e-02
6.705726385116577148e-01
2.877494692802429199e-01
-6.557749211788177490e-02
7.255263924598693848e-01
4.690790176391601562e-01
-4.014111310243606567e-02
7.394403219223022461e-01
4.087502360343933105e-01
-5.441511049866676331e-02
7.447205781936645508e-01
3.682130277156829834e-01
-6.141771003603935242e-02
7.466335892677307129e-01
3.326633572578430176e-01
-6.611780077219009399e-02
