7.491967082023620605e-01
6.312214136123657227e-01
2.964965517548989737e-07
6.921856403350830078e-01
5.913919210433959961e-01
-1.581935584545135498e-02
6.556566357612609863e-01
5.300534367561340332e-01
-2.336818352341651917e-02
6.375988721847534180e-01
4.741393029689788818e-01
-3.077266179025173187e-02
6.324055790901184082e-01
4.274654090404510498e-01
-3.817900642752647400e-02
6.977728009223937988e-01
4.623923599720001221e-01
-1.166375447064638138e-02
6.846536397933959961e-01
3.910922110080718994e-01
-2.834308706223964691e-02
6.771153211593627930e-01
3.453742861747741699e-01
-4.186932742595672607e-02
6.726120710372924805e-01
3.069888651371002197e-01
-5.137689411640167236e-02
7.343826293945312500e-01
4.545957446098327637e-01
-1.657390035688877106e-02
7.324076890945434570e-01
3.715639114379882812e-01
-3.053927049040794373e-02
7.282047867774963379e-01
3.188054859638214111e-01
-4.356084391474723816e-02
7.240414619445800781e-01
2.752088010311126709e-01
-5.283642187714576721e-02
7.698901295661926270e-01
4.617350399494171143e-01
-2.441324293613433838e-02
7.768009305000305176e-01
3.834221959114074707e-01
-4.112389311194419861e-02
7.774084210395812988e-01
3.340837955474853516e-01
-5.285916104912757874e-02
7.761428952217102051e-01
2.926300764083862305e-01
-6.043283641338348389e-02
8.039717078208923340e-01
4.831544756889343262e-01
-3.350009396672248840e-02
8.287361264228820801e-01
4.265404343605041504e-01
-4.933434352278709412e-02
8.433795571327209473e-01
3.893148005008697510e-01
-5.630480870604515076e-02
8.543516993522644043e-01
3.567278385162353516e-01
-6.021570786833763123e-02
