7.358010411262512207e-01
9.733879566192626953e-01
4.739795542718638899e-07
6.386579275131225586e-01
9.243369698524475098e-01
-3.056764602661132812e-02
5.627148151397705078e-01
8.237054944038391113e-01
-4.863182082772254944e-02
5.196237564086914062e-01
7.335487604141235352e-01
-6.607803702354431152e-02
5.096504688262939453e-01
6.502355337142944336e-01
-8.359201252460479736e-02
6.043668985366821289e-01
6.458442807197570801e-01
-2.621291019022464752e-02
5.634582042694091797e-01
5.191696882247924805e-01
-6.092421337962150574e-02
5.278424024581909180e-01
4.504647552967071533e-01
-9.026526659727096558e-02
4.924545884132385254e-01
3.962822854518890381e-01
-1.109611093997955322e-01
6.649615764617919922e-01
6.257321834564208984e-01
-3.726175427436828613e-02
6.359791159629821777e-01
4.789978265762329102e-01
-6.852544099092483521e-02
6.055353283882141113e-01
3.961374759674072266e-01
-9.804038703441619873e-02
5.733419656753540039e-01
3.290255665779113770e-01
-1.182748824357986450e-01
7.276663780212402344e-01
6.359770298004150391e-01
-5.330513790249824524e-02
7.112330198287963867e-01
4.935909509658813477e-01
-8.742354810237884521e-02
6.885902285575866699e-01
4.109835922718048096e-01
-1.104223877191543579e-01
6.627911329269409180e-01
3.397779762744903564e-01
-1.255406737327575684e-01
7.903142571449279785e-01
6.740590333938598633e-01
-7.170931249856948853e-02
8.109970688819885254e-01
5.616298913955688477e-01
-1.030620560050010681e-01
8.220803737640380859e-01
4.846526384353637695e-01
-1.157424375414848328e-01
8.285100460052490234e-01
4.136394560337066650e-01
-1.227886080741882324e-01
