7.036724090576171875e-01
5.958939790725708008e-01
2.926590241258963943e-07
6.597827672958374023e-01
5.603435635566711426e-01
-1.753875985741615295e-02
6.265839934349060059e-01
5.116411447525024414e-01
-2.713052928447723389e-02
6.065035462379455566e-01
4.688960015773773193e-01
-3.562557697296142578e-02
5.965126156806945801e-01
4.297791421413421631e-01
-4.360251501202583313e-02
6.616448760032653809e-01
4.432043433189392090e-01
-1.362643111497163773e-02
6.534650921821594238e-01
3.817339837551116943e-01
-2.898666448891162872e-02
6.495325565338134766e-01
3.444162905216217041e-01
-4.148160293698310852e-02
6.478823423385620117e-01
3.125510215759277344e-01
-5.016054585576057434e-02
6.927976608276367188e-01
4.394186735153198242e-01
-1.610978133976459503e-02
6.940551996231079102e-01
3.710280656814575195e-01
-2.885880134999752045e-02
6.944724917411804199e-01
3.288542628288269043e-01
-3.980888798832893372e-02
6.954043507575988770e-01
2.926955223083496094e-01
-4.764414206147193909e-02
7.216659784317016602e-01
4.480347037315368652e-01
-2.156111225485801697e-02
7.305703163146972656e-01
3.856222331523895264e-01
-3.609619662165641785e-02
7.340190410614013672e-01
3.446101546287536621e-01
-4.481815546751022339e-02
7.363851666450500488e-01
3.092782497406005859e-01
-5.035692453384399414e-02
7.491863965988159180e-01
4.680669009685516357e-01
-2.850741706788539886e-02
7.682737112045288086e-01
4.220738410949707031e-01
-4.163835197687149048e-02
7.797239422798156738e-01
3.910874128341674805e-01
-4.646142944693565369e-02
7.886620163917541504e-01
3.631302714347839355e-01
-4.904183745384216309e-02
