7.014642953872680664e-01
7.565915584564208984e-01
3.511829618219053373e-07
6.411785483360290527e-01
6.919463872909545898e-01
-1.723902113735675812e-02
6.016699671745300293e-01
6.041953563690185547e-01
-2.309131994843482971e-02
5.838465094566345215e-01
5.355685353279113770e-01
-2.882632985711097717e-02
5.738973021507263184e-01
4.861935377120971680e-01
-3.471525013446807861e-02
6.598377227783203125e-01
5.275227427482604980e-01
-1.681140251457691193e-02
6.529968380928039551e-01
4.347259998321533203e-01
-3.465237095952033997e-02
6.474151611328125000e-01
3.803637027740478516e-01
-4.710471630096435547e-02
6.445140838623046875e-01
3.352844417095184326e-01
-5.584475398063659668e-02
7.040239572525024414e-01
5.260027647018432617e-01
-2.261225320398807526e-02
7.109907269477844238e-01
4.220041334629058838e-01
-3.741854801774024963e-02
7.122907042503356934e-01
3.589796423912048340e-01
-4.989591985940933228e-02
7.145499587059020996e-01
3.072620332241058350e-01
-5.889950692653656006e-02
7.436116337776184082e-01
5.419828891754150391e-01
-3.122531436383724213e-02
7.566555738449096680e-01
4.483225345611572266e-01
-5.028633773326873779e-02
7.631389498710632324e-01
3.903137445449829102e-01
-6.166465952992439270e-02
7.696431279182434082e-01
3.423448801040649414e-01
-6.887733936309814453e-02
7.790664434432983398e-01
5.741878151893615723e-01
-4.122984036803245544e-02
8.073124289512634277e-01
5.116428732872009277e-01
-6.017391756176948547e-02
8.268797993659973145e-01
4.689132273197174072e-01
-6.699227541685104370e-02
8.437855839729309082e-01
4.333884716033935547e-01
-7.041691988706588745e-02
