6.939513683319091797e-01
6.080857515335083008e-01
2.813176251947879791e-07
6.330907344818115234e-01
6.017960906028747559e-01
-1.583429984748363495e-02
5.782255530357360840e-01
5.639483332633972168e-01
-2.297174558043479919e-02
5.427734851837158203e-01
5.237773656845092773e-01
-2.954267524182796478e-02
5.136692523956298828e-01
4.919791817665100098e-01
-3.639268502593040466e-02
5.895639061927795410e-01
4.662495553493499756e-01
-1.321812160313129425e-02
5.493718385696411133e-01
4.084354341030120850e-01
-2.860970050096511841e-02
5.256562232971191406e-01
3.725958764553070068e-01
-4.111577570438385010e-02
5.070157051086425781e-01
3.422363102436065674e-01
-5.012875050306320190e-02
6.221997141838073730e-01
4.386373460292816162e-01
-1.876001805067062378e-02
5.929410457611083984e-01
3.578988611698150635e-01
-3.098689392209053040e-02
5.721718668937683105e-01
3.115662336349487305e-01
-4.327641800045967102e-02
5.539305210113525391e-01
2.749992609024047852e-01
-5.233627930283546448e-02
6.585336327552795410e-01
4.301361441612243652e-01
-2.710573934018611908e-02
6.412528753280639648e-01
3.489613533020019531e-01
-4.358623176813125610e-02
6.274850964546203613e-01
3.008434474468231201e-01
-5.638473853468894958e-02
6.143333911895751953e-01
2.610521316528320312e-01
-6.520438939332962036e-02
6.970737576484680176e-01
4.378713667392730713e-01
-3.651124984025955200e-02
7.053279280662536621e-01
3.729170560836791992e-01
-5.329280346632003784e-02
7.102578878402709961e-01
3.301879763603210449e-01
-6.089032441377639771e-02
7.127287983894348145e-01
2.930350899696350098e-01
-6.544923037290573120e-02
