6.775957345962524414e-01
6.205778121948242188e-01
2.768740330338914646e-07
6.188433170318603516e-01
6.362140178680419922e-01
-1.637366600334644318e-02
5.595191717147827148e-01
6.239815354347229004e-01
-2.467774227261543274e-02
5.164918899536132812e-01
6.026983261108398438e-01
-3.264912962913513184e-02
4.802019000053405762e-01
5.889681577682495117e-01
-4.088658839464187622e-02
5.482819080352783203e-01
5.257325172424316406e-01
-1.277903467416763306e-02
5.000637173652648926e-01
4.864613711833953857e-01
-2.899466454982757568e-02
4.697742462158203125e-01
4.639821052551269531e-01
-4.255735501646995544e-02
4.440635442733764648e-01
4.430323243141174316e-01
-5.272563174366950989e-02
5.719919800758361816e-01
4.874947667121887207e-01
-1.865202188491821289e-02
5.271543264389038086e-01
4.265576601028442383e-01
-3.213504701852798462e-02
4.974492788314819336e-01
3.906467854976654053e-01
-4.546144977211952209e-02
4.711420238018035889e-01
3.600493669509887695e-01
-5.561878904700279236e-02
6.039247512817382812e-01
4.653303921222686768e-01
-2.748009935021400452e-02
5.701482892036437988e-01
3.994260430335998535e-01
-4.484927281737327576e-02
5.465825200080871582e-01
3.608133792877197266e-01
-5.751668661832809448e-02
5.247996449470520020e-01
3.282384872436523438e-01
-6.633364409208297729e-02
6.418221592903137207e-01
4.571221172809600830e-01
-3.756489604711532593e-02
6.336200237274169922e-01
3.947406411170959473e-01
-5.398409813642501831e-02
6.279866695404052734e-01
3.534862101078033447e-01
-6.099060177803039551e-02
6.210585236549377441e-01
3.176010847091674805e-01
-6.551149487495422363e-02
