7.912336587905883789e-01
1.139926195144653320e+00
9.348565868094738107e-07
6.541400551795959473e-01
1.072178006172180176e+00
-7.449000328779220581e-02
5.352407693862915039e-01
9.379886388778686523e-01
-1.223851814866065979e-01
4.693804681301116943e-01
8.020886778831481934e-01
-1.610680222511291504e-01
4.537556171417236328e-01
6.810652017593383789e-01
-2.008436769247055054e-01
6.504867672920227051e-01
7.117631435394287109e-01
-1.066501662135124207e-01
5.996873378753662109e-01
5.211038589477539062e-01
-1.744511872529983521e-01
5.655751824378967285e-01
3.996458947658538818e-01
-2.254260480403900146e-01
5.416733622550964355e-01
2.931213080883026123e-01
-2.613121569156646729e-01
7.495287060737609863e-01
6.880689263343811035e-01
-1.135638058185577393e-01
7.320094704627990723e-01
4.615840613842010498e-01
-1.702714562416076660e-01
7.214265465736389160e-01
3.147579431533813477e-01
-2.142077088356018066e-01
7.177062630653381348e-01
1.864753365516662598e-01
-2.468326389789581299e-01
8.420802950859069824e-01
7.228553891181945801e-01
-1.279031038284301758e-01
8.540089726448059082e-01
5.046266317367553711e-01
-1.873380988836288452e-01
8.707894682884216309e-01
3.604686260223388672e-01
-2.250188738107681274e-01
8.836784958839416504e-01
2.330380678176879883e-01
-2.516261339187622070e-01
9.277396798133850098e-01
8.010398745536804199e-01
-1.465902030467987061e-01
9.751083254814147949e-01
6.547122001647949219e-01
-2.032756805419921875e-01
1.012796401977539062e+00
5.608530044555664062e-01
-2.247355431318283081e-01
1.040802836418151855e+00
4.754978716373443604e-01
-2.379305064678192139e-01
