8.174647092819213867e-01
6.018815040588378906e-01
2.248495007961537340e-07
7.593520283699035645e-01
5.949186086654663086e-01
-1.336774230003356934e-02
7.080089449882507324e-01
5.557380914688110352e-01
-2.058477327227592468e-02
6.755743026733398438e-01
5.182378888130187988e-01
-2.793834917247295380e-02
6.588679552078247070e-01
4.850591421127319336e-01
-3.512465581297874451e-02
7.226459383964538574e-01
4.638368487358093262e-01
-9.934144094586372375e-03
6.889874339103698730e-01
4.094117283821105957e-01
-2.538881823420524597e-02
6.670140027999877930e-01
3.782596588134765625e-01
-3.851459175348281860e-02
6.492010951042175293e-01
3.525963425636291504e-01
-4.764404147863388062e-02
7.522110342979431152e-01
4.376202225685119629e-01
-1.589373499155044556e-02
7.249903678894042969e-01
3.648274838924407959e-01
-2.869873307645320892e-02
7.055267095565795898e-01
3.213177323341369629e-01
-4.056302085518836975e-02
6.884021162986755371e-01
2.865669131278991699e-01
-4.889300093054771423e-02
7.862888574600219727e-01
4.265664815902709961e-01
-2.453156001865863800e-02
7.704393863677978516e-01
3.502256274223327637e-01
-4.036681354045867920e-02
7.555107474327087402e-01
3.055325150489807129e-01
-5.124794691801071167e-02
7.404617667198181152e-01
2.702133059501647949e-01
-5.820816382765769958e-02
8.233112692832946777e-01
4.303588569164276123e-01
-3.417681157588958740e-02
8.309235572814941406e-01
3.636576235294342041e-01
-4.860492050647735596e-02
8.333451747894287109e-01
3.200672864913940430e-01
-5.437776073813438416e-02
8.333178162574768066e-01
2.831667661666870117e-01
-5.758862942457199097e-02
