7.292636632919311523e-01
6.469026803970336914e-01
2.622106194394291379e-07
6.695755124092102051e-01
6.111291050910949707e-01
-1.422094646841287613e-02
6.266171336174011230e-01
5.502064228057861328e-01
-2.037009596824645996e-02
6.047052741050720215e-01
4.931205809116363525e-01
-2.657782472670078278e-02
5.954992771148681641e-01
4.463308751583099365e-01
-3.270001336932182312e-02
6.633235812187194824e-01
4.763535261154174805e-01
-9.579478763043880463e-03
6.445987224578857422e-01
4.062867462635040283e-01
-2.550737001001834869e-02
6.309036016464233398e-01
3.644067943096160889e-01
-3.866189718246459961e-02
6.194405555725097656e-01
3.304229974746704102e-01
-4.796534404158592224e-02
6.977940797805786133e-01
4.637295007705688477e-01
-1.496751233935356140e-02
6.882848739624023438e-01
3.837560117244720459e-01
-2.804236859083175659e-02
6.793748140335083008e-01
3.350470066070556641e-01
-4.028089717030525208e-02
6.715599894523620605e-01
2.946315109729766846e-01
-4.903129860758781433e-02
7.323396205902099609e-01
4.666337370872497559e-01
-2.311154082417488098e-02
7.338528633117675781e-01
3.889997005462646484e-01
-3.838188946247100830e-02
7.323446869850158691e-01
3.408653140068054199e-01
-4.793131351470947266e-02
7.287840843200683594e-01
3.012904226779937744e-01
-5.403571575880050659e-02
7.662171125411987305e-01
4.839658141136169434e-01
-3.257809579372406006e-02
7.823647260665893555e-01
4.250453412532806396e-01
-4.686255007982254028e-02
7.895548343658447266e-01
3.848764896392822266e-01
-5.193575099110603333e-02
7.937719821929931641e-01
3.505972027778625488e-01
-5.451763048768043518e-02
