7.176972031593322754e-01
6.062888503074645996e-01
3.255026967963203788e-07
6.649192571640014648e-01
5.689899325370788574e-01
-1.663182675838470459e-02
6.281600594520568848e-01
5.110434889793395996e-01
-2.322220057249069214e-02
6.080792546272277832e-01
4.603237509727478027e-01
-2.897070534527301788e-02
5.958814620971679688e-01
4.175144433975219727e-01
-3.461883589625358582e-02
6.666222810745239258e-01
4.418362379074096680e-01
-1.070842798799276352e-02
6.532937288284301758e-01
3.729862272739410400e-01
-2.435784786939620972e-02
6.467586755752563477e-01
3.294609785079956055e-01
-3.537742048501968384e-02
6.425660848617553711e-01
2.934266328811645508e-01
-4.319722205400466919e-02
7.020810842514038086e-01
4.352703690528869629e-01
-1.419513393193483353e-02
7.020227909088134766e-01
3.552323579788208008e-01
-2.519485354423522949e-02
7.000163197517395020e-01
3.051200509071350098e-01
-3.659468516707420349e-02
6.981853842735290527e-01
2.633390426635742188e-01
-4.489796981215476990e-02
7.353265881538391113e-01
4.448932707309722900e-01
-2.064062654972076416e-02
7.453047633171081543e-01
3.706698119640350342e-01
-3.578025102615356445e-02
7.499684691429138184e-01
3.236221075057983398e-01
-4.791162535548210144e-02
7.527256608009338379e-01
2.838195860385894775e-01
-5.593985691666603088e-02
7.663185596466064453e-01
4.678847491741180420e-01
-2.824279293417930603e-02
7.917476296424865723e-01
4.188114404678344727e-01
-4.348830506205558777e-02
8.085412979125976562e-01
3.857445120811462402e-01
-5.056177452206611633e-02
8.220915198326110840e-01
3.564944863319396973e-01
-5.466897413134574890e-02
