7.274603247642517090e-01
6.040493845939636230e-01
2.941127945632615592e-07
6.752751469612121582e-01
5.680543184280395508e-01
-1.425091456621885300e-02
6.388828158378601074e-01
5.113533139228820801e-01
-2.072721347212791443e-02
6.195349097251892090e-01
4.604410231113433838e-01
-2.687170915305614471e-02
6.047980785369873047e-01
4.180857241153717041e-01
-3.303488343954086304e-02
6.746456027030944824e-01
4.394882917404174805e-01
-1.056311465799808502e-02
6.593694090843200684e-01
3.716353774070739746e-01
-2.388119697570800781e-02
6.514101028442382812e-01
3.294832706451416016e-01
-3.459649160504341125e-02
6.462426185607910156e-01
2.944308519363403320e-01
-4.239130765199661255e-02
7.103092670440673828e-01
4.323089420795440674e-01
-1.571034826338291168e-02
7.070674300193786621e-01
3.520560860633850098e-01
-2.671939134597778320e-02
7.033847570419311523e-01
3.020393550395965576e-01
-3.792575001716613770e-02
6.997010707855224609e-01
2.605060935020446777e-01
-4.611112922430038452e-02
7.443502545356750488e-01
4.415714144706726074e-01
-2.345303632318973541e-02
7.514850497245788574e-01
3.653040528297424316e-01
-3.868633881211280823e-02
7.539437413215637207e-01
3.173323869705200195e-01
-5.019186809659004211e-02
7.546550631523132324e-01
2.761469483375549316e-01
-5.786660686135292053e-02
7.766766548156738281e-01
4.647554457187652588e-01
-3.208075836300849915e-02
8.001612424850463867e-01
4.136978387832641602e-01
-4.732980579137802124e-02
8.145607709884643555e-01
3.790171146392822266e-01
-5.388007685542106628e-02
8.256614208221435547e-01
3.478424847126007080e-01
-5.761140957474708557e-02
