6.896817684173583984e-01
6.129138469696044922e-01
2.905334497427247697e-07
6.287650465965270996e-01
6.191368103027343750e-01
-1.497366465628147125e-02
5.700512528419494629e-01
5.974996089935302734e-01
-2.224939875304698944e-02
5.304824709892272949e-01
5.708305239677429199e-01
-2.934176474809646606e-02
4.977001547813415527e-01
5.498305559158325195e-01
-3.666778653860092163e-02
5.656370520591735840e-01
4.973863959312438965e-01
-1.019031740725040436e-02
5.216789245605468750e-01
4.491493403911590576e-01
-2.474299073219299316e-02
4.949167370796203613e-01
4.193731546401977539e-01
-3.755374625325202942e-02
4.726465940475463867e-01
3.930098116397857666e-01
-4.727751761674880981e-02
5.932873487472534180e-01
4.628165960311889648e-01
-1.635708101093769073e-02
5.550753474235534668e-01
3.951127529144287109e-01
-2.858278155326843262e-02
5.286389589309692383e-01
3.549728393554687500e-01
-4.153963923454284668e-02
5.050500035285949707e-01
3.219550848007202148e-01
-5.135292187333106995e-02
6.271434426307678223e-01
4.455709755420684814e-01
-2.538849413394927979e-02
5.998325347900390625e-01
3.733339607715606689e-01
-4.142094030976295471e-02
5.802357196807861328e-01
3.310835957527160645e-01
-5.343008041381835938e-02
5.614711642265319824e-01
2.961919009685516357e-01
-6.182394549250602722e-02
6.654827594757080078e-01
4.435107707977294922e-01
-3.561199083924293518e-02
6.622512936592102051e-01
3.800734579563140869e-01
-5.129019916057586670e-02
6.597740650177001953e-01
3.388931155204772949e-01
-5.772780627012252808e-02
6.557679176330566406e-01
3.033696413040161133e-01
-6.168286129832267761e-02
