7.091322541236877441e-01
5.978580117225646973e-01
3.170016782405582489e-07
6.506363153457641602e-01
5.746015310287475586e-01
-1.790553517639636993e-02
6.024374961853027344e-01
5.285292863845825195e-01
-2.623871900141239166e-02
5.732344388961791992e-01
4.809024631977081299e-01
-3.357755020260810852e-02
5.512470006942749023e-01
4.398647844791412354e-01
-4.077817127108573914e-02
6.287195086479187012e-01
4.392347037792205811e-01
-1.620578020811080933e-02
6.005740165710449219e-01
3.737192749977111816e-01
-3.221717104315757751e-02
5.839456319808959961e-01
3.330118656158447266e-01
-4.470349848270416260e-02
5.709975361824035645e-01
2.974378168582916260e-01
-5.378484725952148438e-02
6.636013984680175781e-01
4.220286011695861816e-01
-2.049396559596061707e-02
6.474588513374328613e-01
3.406939208507537842e-01
-3.348265215754508972e-02
6.362280249595642090e-01
2.904895544052124023e-01
-4.541171714663505554e-02
6.265535354614257812e-01
2.491744309663772583e-01
-5.433861166238784790e-02
6.988377571105957031e-01
4.229036569595336914e-01
-2.772703021764755249e-02
6.954562067985534668e-01
3.419950008392333984e-01
-4.534080624580383301e-02
6.909350156784057617e-01
2.937558889389038086e-01
-5.769402906298637390e-02
6.858320236206054688e-01
2.539241909980773926e-01
-6.580331176519393921e-02
7.339528203010559082e-01
4.394723773002624512e-01
-3.614994138479232788e-02
7.499408125877380371e-01
3.801667988300323486e-01
-5.471235141158103943e-02
7.596747279167175293e-01
3.406676352024078369e-01
-6.311274319887161255e-02
7.667048573493957520e-01
3.065959811210632324e-01
-6.781952828168869019e-02
