6.853684782981872559e-01
6.031130552291870117e-01
2.815295658820105018e-07
6.275773644447326660e-01
5.862157344818115234e-01
-1.606169529259204865e-02
5.794179439544677734e-01
5.411546826362609863e-01
-2.362689003348350525e-02
5.507689714431762695e-01
4.982466101646423340e-01
-3.044469468295574188e-02
5.287890434265136719e-01
4.642840623855590820e-01
-3.739074617624282837e-02
6.013867855072021484e-01
4.545968174934387207e-01
-1.439121738076210022e-02
5.727000832557678223e-01
3.918915987014770508e-01
-2.929954417049884796e-02
5.551731586456298828e-01
3.535775840282440186e-01
-4.114395380020141602e-02
5.413473248481750488e-01
3.210952579975128174e-01
-4.964321106672286987e-02
6.336646676063537598e-01
4.338921308517456055e-01
-1.865200325846672058e-02
6.158058047294616699e-01
3.557350039482116699e-01
-3.095275536179542542e-02
6.017222404479980469e-01
3.090242147445678711e-01
-4.267194122076034546e-02
5.897002220153808594e-01
2.703984379768371582e-01
-5.152762681245803833e-02
6.675891280174255371e-01
4.310031533241271973e-01
-2.559865266084671021e-02
6.591047644615173340e-01
3.538305461406707764e-01
-4.100453853607177734e-02
6.502403616905212402e-01
3.073464930057525635e-01
-5.303414165973663330e-02
6.416530013084411621e-01
2.691095769405364990e-01
-6.143043562769889832e-02
7.030147910118103027e-01
4.422705173492431641e-01
-3.373696655035018921e-02
7.161877751350402832e-01
3.815361857414245605e-01
-4.915685951709747314e-02
7.233538031578063965e-01
3.416573405265808105e-01
-5.699132382869720459e-02
7.279526591300964355e-01
3.070564866065979004e-01
-6.198330223560333252e-02
