8.320424556732177734e-01
5.717628002166748047e-01
2.428153038636082783e-07
7.714226841926574707e-01
5.899077653884887695e-01
-1.401311066001653671e-02
7.100223302841186523e-01
5.874482393264770508e-01
-2.157827839255332947e-02
6.663417220115661621e-01
5.748922824859619141e-01
-2.929590269923210144e-02
6.390210390090942383e-01
5.610079169273376465e-01
-3.688078373670578003e-02
6.923338770866394043e-01
4.991101622581481934e-01
-9.607895277440547943e-03
6.379957199096679688e-01
4.709178507328033447e-01
-2.558123692870140076e-02
6.062344908714294434e-01
4.547945559024810791e-01
-3.895322233438491821e-02
5.812496542930603027e-01
4.395091533660888672e-01
-4.802282899618148804e-02
7.120916247367858887e-01
4.601545333862304688e-01
-1.517941802740097046e-02
6.609618067741394043e-01
4.115587174892425537e-01
-2.751936018466949463e-02
6.297618746757507324e-01
3.826712667942047119e-01
-3.920935839414596558e-02
6.054913997650146484e-01
3.576752543449401855e-01
-4.729025438427925110e-02
7.406019568443298340e-01
4.331429600715637207e-01
-2.356884814798831940e-02
6.989348530769348145e-01
3.777473270893096924e-01
-3.676061704754829407e-02
6.749320030212402344e-01
3.451686501502990723e-01
-4.508502036333084106e-02
6.557587385177612305e-01
3.192027211189270020e-01
-5.050039663910865784e-02
7.762806415557861328e-01
4.173555374145507812e-01
-3.347348421812057495e-02
7.560289502143859863e-01
3.654718399047851562e-01
-4.447389394044876099e-02
7.413753867149353027e-01
3.337470293045043945e-01
-4.691513255238533020e-02
7.284281253814697266e-01
3.076397180557250977e-01
-4.783149436116218567e-02
