7.735938429832458496e-01
5.347746610641479492e-01
3.404765038794721477e-07
7.167515754699707031e-01
5.191509723663330078e-01
-1.391355227679014206e-02
6.684617400169372559e-01
4.862001836299896240e-01
-2.165076695382595062e-02
6.348093152046203613e-01
4.545294940471649170e-01
-2.892313897609710693e-02
6.062335968017578125e-01
4.304083585739135742e-01
-3.623236715793609619e-02
6.825531125068664551e-01
4.063565135002136230e-01
-1.282487809658050537e-02
6.543365120887756348e-01
3.479176163673400879e-01
-2.730076946318149567e-02
6.413772702217102051e-01
3.109024763107299805e-01
-3.870957344770431519e-02
6.319966316223144531e-01
2.785250246524810791e-01
-4.661153256893157959e-02
7.124360203742980957e-01
3.858853578567504883e-01
-1.760604232549667358e-02
6.923257708549499512e-01
3.147562742233276367e-01
-2.922158874571323395e-02
6.812711358070373535e-01
2.712141871452331543e-01
-3.987586498260498047e-02
6.727574467658996582e-01
2.342286109924316406e-01
-4.762595146894454956e-02
7.443959712982177734e-01
3.811628222465515137e-01
-2.479089051485061646e-02
7.349703311920166016e-01
3.089311122894287109e-01
-3.934301435947418213e-02
7.296304702758789062e-01
2.664241790771484375e-01
-4.884063452482223511e-02
7.244380116462707520e-01
2.313976287841796875e-01
-5.494053661823272705e-02
7.777649760246276855e-01
3.896500766277313232e-01
-3.285769745707511902e-02
7.818835377693176270e-01
3.331409096717834473e-01
-4.674643278121948242e-02
7.838862538337707520e-01
2.969019412994384766e-01
-5.160778015851974487e-02
7.839221358299255371e-01
2.656556069850921631e-01
-5.404095351696014404e-02
