7.874823808670043945e-01
8.076349496841430664e-01
3.987085790413402719e-07
6.822842359542846680e-01
7.364501953125000000e-01
-2.713001705706119537e-02
6.122092008590698242e-01
6.172154545783996582e-01
-3.905891627073287964e-02
5.792903900146484375e-01
5.112094879150390625e-01
-5.076268315315246582e-02
5.467979311943054199e-01
4.316750764846801758e-01
-6.208117678761482239e-02
6.763510107994079590e-01
4.527325034141540527e-01
-1.960373483598232269e-02
6.396666169166564941e-01
3.255044817924499512e-01
-4.932713881134986877e-02
6.131261587142944336e-01
2.481317818164825439e-01
-7.523697614669799805e-02
5.903908014297485352e-01
1.821382939815521240e-01
-9.383001178503036499e-02
7.478175163269042969e-01
4.373190402984619141e-01
-2.947457320988178253e-02
7.332611680030822754e-01
2.926384806632995605e-01
-5.304140970110893250e-02
7.175045609474182129e-01
2.094951868057250977e-01
-7.394381612539291382e-02
7.004724740982055664e-01
1.432656347751617432e-01
-8.914414048194885254e-02
8.170124888420104980e-01
4.518663883209228516e-01
-4.475768283009529114e-02
8.251156806945800781e-01
3.119745552539825439e-01
-7.173290848731994629e-02
8.216305375099182129e-01
2.319199144840240479e-01
-8.488272130489349365e-02
8.124393224716186523e-01
1.671418845653533936e-01
-9.317625313997268677e-02
8.834910392761230469e-01
4.927635788917541504e-01
-6.315514445304870605e-02
9.208251237869262695e-01
3.780981600284576416e-01
-8.789854496717453003e-02
9.359373450279235840e-01
3.033496439456939697e-01
-9.494031220674514771e-02
9.435139894485473633e-01
2.370893061161041260e-01
-9.783890098333358765e-02
