7.252973914146423340e-01
6.065731644630432129e-01
3.196877571554068709e-07
6.731615662574768066e-01
5.681105852127075195e-01
-1.585987582802772522e-02
6.383186578750610352e-01
5.101444125175476074e-01
-2.310548536479473114e-02
6.205843687057495117e-01
4.569249749183654785e-01
-2.983939461410045624e-02
6.097475886344909668e-01
4.114435017108917236e-01
-3.646824136376380920e-02
6.783158183097839355e-01
4.407554864883422852e-01
-1.197981927543878555e-02
6.660668253898620605e-01
3.721244931221008301e-01
-2.623629011213779449e-02
6.601117849349975586e-01
3.290502130985260010e-01
-3.759957849979400635e-02
6.570767164230346680e-01
2.925743758678436279e-01
-4.581819474697113037e-02
7.142395377159118652e-01
4.356951117515563965e-01
-1.635809428989887238e-02
7.153594493865966797e-01
3.556337654590606689e-01
-2.800055220723152161e-02
7.143284678459167480e-01
3.045014142990112305e-01
-3.943396732211112976e-02
7.129346728324890137e-01
2.619885504245758057e-01
-4.772636666893959045e-02
7.476857900619506836e-01
4.467962086200714111e-01
-2.353105880320072174e-02
7.590762376785278320e-01
3.720171451568603516e-01
-3.963071480393409729e-02
7.641599178314208984e-01
3.231730461120605469e-01
-5.182281136512756348e-02
7.671394348144531250e-01
2.812761664390563965e-01
-5.979355424642562866e-02
7.784703969955444336e-01
4.718451797962188721e-01
-3.171466290950775146e-02
8.056249618530273438e-01
4.241816401481628418e-01
-4.820158705115318298e-02
8.226006627082824707e-01
3.912736177444458008e-01
-5.569191649556159973e-02
8.361185789108276367e-01
3.617324233055114746e-01
-5.988524854183197021e-02
