6.692199110984802246e-01
6.060403585433959961e-01
1.504764384208101546e-07
6.222323775291442871e-01
5.942704677581787109e-01
-1.859185472130775452e-02
5.813731551170349121e-01
5.633006691932678223e-01
-3.131348267197608948e-02
5.552412867546081543e-01
5.316174030303955078e-01
-4.401647299528121948e-02
5.368149280548095703e-01
5.030157566070556641e-01
-5.630065128207206726e-02
6.022577285766601562e-01
4.550435245037078857e-01
-1.318133715540170670e-02
5.824064612388610840e-01
4.043896496295928955e-01
-3.054829314351081848e-02
5.716450214385986328e-01
3.718774318695068359e-01
-4.671132937073707581e-02
5.642277002334594727e-01
3.447218239307403564e-01
-5.822062864899635315e-02
6.305149793624877930e-01
4.323303997516632080e-01
-1.700432971119880676e-02
6.149725914001464844e-01
3.646887242794036865e-01
-3.106534481048583984e-02
6.031551361083984375e-01
3.231357336044311523e-01
-4.339844360947608948e-02
5.929404497146606445e-01
2.905568480491638184e-01
-5.287341400980949402e-02
6.602672934532165527e-01
4.268541634082794189e-01
-2.433227747678756714e-02
6.553376913070678711e-01
3.576925396919250488e-01
-3.918364271521568298e-02
6.486860513687133789e-01
3.198926746845245361e-01
-4.841345921158790588e-02
6.412048935890197754e-01
2.905035614967346191e-01
-5.470497906208038330e-02
6.907974481582641602e-01
4.364868700504302979e-01
-3.382212296128273010e-02
7.041478753089904785e-01
3.802756667137145996e-01
-4.630940407514572144e-02
7.112393379211425781e-01
3.425195217132568359e-01
-5.202751234173774719e-02
7.155373096466064453e-01
3.096815347671508789e-01
-5.582148954272270203e-02
