6.923919320106506348e-01
6.350424289703369141e-01
2.719794167660438688e-07
6.298090815544128418e-01
6.201039552688598633e-01
-1.378645002841949463e-02
5.753803253173828125e-01
5.755977630615234375e-01
-1.881820894777774811e-02
5.433176755905151367e-01
5.320598483085632324e-01
-2.365377359092235565e-02
5.206702351570129395e-01
4.961945116519927979e-01
-2.862511575222015381e-02
5.940495729446411133e-01
4.842892885208129883e-01
-8.811390958726406097e-03
5.614804029464721680e-01
4.217672049999237061e-01
-2.259236201643943787e-02
5.416460037231445312e-01
3.849723935127258301e-01
-3.446735441684722900e-02
5.251111984252929688e-01
3.537914752960205078e-01
-4.311433807015419006e-02
6.276974081993103027e-01
4.613155722618103027e-01
-1.428094040602445602e-02
6.049626469612121582e-01
3.809625506401062012e-01
-2.484034933149814606e-02
5.888266563415527344e-01
3.333193659782409668e-01
-3.594464436173439026e-02
5.746315121650695801e-01
2.947345972061157227e-01
-4.441700130701065063e-02
6.630992293357849121e-01
4.555878341197967529e-01
-2.260481938719749451e-02
6.517410874366760254e-01
3.748847246170043945e-01
-3.614867478609085083e-02
6.421906948089599609e-01
3.277059197425842285e-01
-4.629161581397056580e-02
6.323308348655700684e-01
2.888365983963012695e-01
-5.356381088495254517e-02
6.994303464889526367e-01
4.649116992950439453e-01
-3.216777369379997253e-02
7.065355181694030762e-01
4.017353653907775879e-01
-4.572583734989166260e-02
7.103158235549926758e-01
3.612017631530761719e-01
-5.116610601544380188e-02
7.118726372718811035e-01
3.259870111942291260e-01
-5.448392778635025024e-02
