6.308766007423400879e-01
9.842005968093872070e-01
2.800238121380971279e-07
5.061599016189575195e-01
9.055967330932617188e-01
-3.612090647220611572e-02
4.194219708442687988e-01
7.506166696548461914e-01
-4.878148809075355530e-02
3.661830425262451172e-01
6.177878379821777344e-01
-6.352229416370391846e-02
3.335400223731994629e-01
5.045613050460815430e-01
-7.642204314470291138e-02
4.862346649169921875e-01
5.283294320106506348e-01
6.434356328099966049e-03
4.302484989166259766e-01
3.725511431694030762e-01
-2.841310016810894012e-02
3.886765539646148682e-01
2.792130112648010254e-01
-6.296820193529129028e-02
3.485801815986633301e-01
1.992727518081665039e-01
-8.807141333818435669e-02
5.631178021430969238e-01
4.929438233375549316e-01
-6.513922009617090225e-03
5.246993899345397949e-01
2.961933314800262451e-01
-3.433429077267646790e-02
4.927912354469299316e-01
1.727501153945922852e-01
-6.511896103620529175e-02
4.627677202224731445e-01
7.174041867256164551e-02
-8.739408105611801147e-02
6.458703279495239258e-01
5.026115179061889648e-01
-2.949529886245727539e-02
6.261762976646423340e-01
3.081136345863342285e-01
-6.488656997680664062e-02
6.046925187110900879e-01
1.890466809272766113e-01
-9.284406155347824097e-02
5.824380517005920410e-01
8.471846580505371094e-02
-1.114584356546401978e-01
7.323843240737915039e-01
5.463923811912536621e-01
-5.716254934668540955e-02
7.689863443374633789e-01
4.026382565498352051e-01
-8.829474449157714844e-02
7.915112972259521484e-01
3.048358559608459473e-01
-1.040516272187232971e-01
8.105677366256713867e-01
2.145419418811798096e-01
-1.143116280436515808e-01
