6.788461804389953613e-01
6.766194105148315430e-01
3.268587249749543844e-07
6.066434383392333984e-01
6.190841197967529297e-01
-2.280743978917598724e-02
5.526897311210632324e-01
5.408506989479064941e-01
-3.790620341897010803e-02
5.183392167091369629e-01
4.774916172027587891e-01
-5.330861359834671021e-02
4.985808730125427246e-01
4.201479852199554443e-01
-6.912597268819808960e-02
6.012911796569824219e-01
4.286438822746276855e-01
-2.425836585462093353e-02
5.763204097747802734e-01
3.300664722919464111e-01
-5.089906230568885803e-02
5.570448040962219238e-01
2.716778516769409180e-01
-7.192433625459671021e-02
5.401551723480224609e-01
2.207573950290679932e-01
-8.691677451133728027e-02
6.485780477523803711e-01
4.180609881877899170e-01
-3.361380472779273987e-02
6.385639905929565430e-01
2.994718253612518311e-01
-5.642414465546607971e-02
6.273792982101440430e-01
2.276702821254730225e-01
-7.583452761173248291e-02
6.159993410110473633e-01
1.648712754249572754e-01
-9.037996828556060791e-02
6.948954463005065918e-01
4.309173822402954102e-01
-4.684454575181007385e-02
7.008609771728515625e-01
3.134652674198150635e-01
-7.347715646028518677e-02
6.997602581977844238e-01
2.429884225130081177e-01
-8.985301107168197632e-02
6.949432492256164551e-01
1.815666258335113525e-01
-1.012241020798683167e-01
7.395419478416442871e-01
4.651271998882293701e-01
-6.198139116168022156e-02
7.729479074478149414e-01
3.864834606647491455e-01
-8.731064945459365845e-02
7.942234277725219727e-01
3.308403491973876953e-01
-9.770314395427703857e-02
8.103809356689453125e-01
2.803885042667388916e-01
-1.041381061077117920e-01
