6.650743484497070312e-01
6.504191160202026367e-01
2.958508105166401947e-07
6.011981368064880371e-01
6.468179225921630859e-01
-1.453473139554262161e-02
5.421608090400695801e-01
6.104149222373962402e-01
-2.214587479829788208e-02
5.040686130523681641e-01
5.732635259628295898e-01
-2.981475181877613068e-02
4.730089604854583740e-01
5.423448085784912109e-01
-3.801278769969940186e-02
5.526533722877502441e-01
5.064286589622497559e-01
-1.513941306620836258e-02
5.067022442817687988e-01
4.457213580608367920e-01
-3.162544965744018555e-02
4.780113697052001953e-01
4.087581634521484375e-01
-4.480298236012458801e-02
4.544110298156738281e-01
3.777812421321868896e-01
-5.448848754167556763e-02
5.846755504608154297e-01
4.775538146495819092e-01
-2.277667261660099030e-02
5.504460334777832031e-01
3.973094820976257324e-01
-3.742709010839462280e-02
5.253981947898864746e-01
3.488532900810241699e-01
-5.167440697550773621e-02
5.028141736984252930e-01
3.096746802330017090e-01
-6.213496997952461243e-02
6.215711236000061035e-01
4.677767157554626465e-01
-3.290754184126853943e-02
6.006063222885131836e-01
3.846541345119476318e-01
-5.220256745815277100e-02
5.839591622352600098e-01
3.354223370552062988e-01
-6.699370592832565308e-02
5.675948262214660645e-01
2.945690155029296875e-01
-7.700466364622116089e-02
6.612723469734191895e-01
4.750776588916778564e-01
-4.381856322288513184e-02
6.692129373550415039e-01
4.042564034461975098e-01
-6.374656409025192261e-02
6.746596097946166992e-01
3.575728237628936768e-01
-7.291693240404129028e-02
6.778500676155090332e-01
3.173817098140716553e-01
-7.833205163478851318e-02
