7.070870995521545410e-01
7.272131443023681641e-01
2.494537909569771728e-07
6.536164283752441406e-01
6.764979958534240723e-01
-1.757979951798915863e-02
6.058235168457031250e-01
5.980951189994812012e-01
-2.798252180218696594e-02
5.780351161956787109e-01
5.376930236816406250e-01
-3.815365582704544067e-02
5.555652379989624023e-01
4.965808093547821045e-01
-4.931844025850296021e-02
6.526885628700256348e-01
4.940453767776489258e-01
-1.887276582419872284e-02
6.319624781608581543e-01
4.131318628787994385e-01
-4.121433198451995850e-02
6.144939661026000977e-01
3.629988431930541992e-01
-6.136440485715866089e-02
6.003741621971130371e-01
3.233846426010131836e-01
-7.598275691270828247e-02
6.921359300613403320e-01
4.911975562572479248e-01
-2.706950157880783081e-02
6.821337938308715820e-01
3.941957354545593262e-01
-4.517084732651710510e-02
6.727843284606933594e-01
3.367553055286407471e-01
-6.196113675832748413e-02
6.637845635414123535e-01
2.922160625457763672e-01
-7.399097830057144165e-02
7.311272621154785156e-01
5.078521370887756348e-01
-3.792933002114295959e-02
7.275964021682739258e-01
4.158716797828674316e-01
-5.688918009400367737e-02
7.226420044898986816e-01
3.576880991458892822e-01
-6.613700091838836670e-02
7.156993746757507324e-01
3.109360337257385254e-01
-7.283407449722290039e-02
7.707169055938720703e-01
5.438566803932189941e-01
-5.055445432662963867e-02
7.791361212730407715e-01
4.823983311653137207e-01
-6.770335882902145386e-02
7.785643935203552246e-01
4.470209777355194092e-01
-6.969631463289260864e-02
7.725862264633178711e-01
4.221885204315185547e-01
-7.022555917501449585e-02
