7.057967782020568848e-01
7.614383697509765625e-01
3.142644118270254694e-07
6.398819684982299805e-01
7.151468992233276367e-01
-1.923293992877006531e-02
5.895144343376159668e-01
6.350594758987426758e-01
-2.654474228620529175e-02
5.618625879287719727e-01
5.688084363937377930e-01
-3.358510136604309082e-02
5.416880846023559570e-01
5.171810388565063477e-01
-4.067628085613250732e-02
6.385906338691711426e-01
5.326968431472778320e-01
-9.462821297347545624e-03
6.177457571029663086e-01
4.456712603569030762e-01
-2.714693173766136169e-02
6.043915748596191406e-01
3.928510546684265137e-01
-4.272316396236419678e-02
5.946648716926574707e-01
3.486071228981018066e-01
-5.433704331517219543e-02
6.854965686798095703e-01
5.209916234016418457e-01
-1.549153774976730347e-02
6.782263517379760742e-01
4.202314615249633789e-01
-2.951290830969810486e-02
6.732806563377380371e-01
3.567490577697753906e-01
-4.469357058405876160e-02
6.698778867721557617e-01
3.031023144721984863e-01
-5.625107511878013611e-02
7.299994230270385742e-01
5.314347147941589355e-01
-2.547643519937992096e-02
7.344334125518798828e-01
4.361740052700042725e-01
-4.416448622941970825e-02
7.353613972663879395e-01
3.780483603477478027e-01
-5.808683112263679504e-02
7.349746227264404297e-01
3.274159431457519531e-01
-6.783343851566314697e-02
7.713505029678344727e-01
5.599539875984191895e-01
-3.713286668062210083e-02
7.951709628105163574e-01
4.947571158409118652e-01
-5.555898696184158325e-02
8.120120763778686523e-01
4.514665305614471436e-01
-6.343933939933776855e-02
8.260198831558227539e-01
4.118133187294006348e-01
-6.830092519521713257e-02
