7.177193164825439453e-01
6.074441671371459961e-01
3.106139843112032395e-07
6.646547317504882812e-01
5.699643492698669434e-01
-1.544904615730047226e-02
6.285520195960998535e-01
5.116215348243713379e-01
-2.192111313343048096e-02
6.092631220817565918e-01
4.601673781871795654e-01
-2.791341580450534821e-02
5.971736311912536621e-01
4.165919125080108643e-01
-3.386564552783966064e-02
6.667932271957397461e-01
4.420773386955261230e-01
-1.132506970316171646e-02
6.539686322212219238e-01
3.743555843830108643e-01
-2.531614527106285095e-02
6.469385623931884766e-01
3.313106894493103027e-01
-3.647362068295478821e-02
6.424980759620666504e-01
2.955640256404876709e-01
-4.444234818220138550e-02
7.021402120590209961e-01
4.356633722782135010e-01
-1.565781980752944946e-02
7.023983597755432129e-01
3.564312756061553955e-01
-2.716138027608394623e-02
7.000622153282165527e-01
3.054279088973999023e-01
-3.832669183611869812e-02
6.977111101150512695e-01
2.638820111751556396e-01
-4.638706520199775696e-02
7.352655529975891113e-01
4.454114437103271484e-01
-2.281093224883079529e-02
7.458658218383789062e-01
3.705095052719116211e-01
-3.861587494611740112e-02
7.495630979537963867e-01
3.225892186164855957e-01
-5.059751495718955994e-02
7.516403198242187500e-01
2.822234630584716797e-01
-5.836760625243186951e-02
7.659661173820495605e-01
4.690452814102172852e-01
-3.100033104419708252e-02
7.924877405166625977e-01
4.192509055137634277e-01
-4.754463583230972290e-02
8.089143037796020508e-01
3.851048946380615234e-01
-5.524132400751113892e-02
8.221879601478576660e-01
3.549224734306335449e-01
-5.947230011224746704e-02
