7.041805386543273926e-01
6.051325798034667969e-01
2.799053788749006344e-07
6.513308286666870117e-01
5.728804469108581543e-01
-1.696087047457695007e-02
6.117428541183471680e-01
5.197346806526184082e-01
-2.578104846179485321e-02
5.884535312652587891e-01
4.715448915958404541e-01
-3.372859209775924683e-02
5.720971822738647461e-01
4.307132363319396973e-01
-4.173528403043746948e-02
6.462988853454589844e-01
4.433834254741668701e-01
-1.580566912889480591e-02
6.281064152717590332e-01
3.772763013839721680e-01
-3.203833475708961487e-02
6.167571544647216797e-01
3.357320725917816162e-01
-4.491606354713439941e-02
6.083644032478332520e-01
3.001255989074707031e-01
-5.424797907471656799e-02
6.811838746070861816e-01
4.331483840942382812e-01
-2.032732777297496796e-02
6.745102405548095703e-01
3.532860577106475830e-01
-3.413808718323707581e-02
6.684663891792297363e-01
3.038644790649414062e-01
-4.647406563162803650e-02
6.630135178565979004e-01
2.624060511589050293e-01
-5.559860542416572571e-02
7.145962715148925781e-01
4.393132925033569336e-01
-2.763593569397926331e-02
7.190802693367004395e-01
3.619110584259033203e-01
-4.457711055874824524e-02
7.189194560050964355e-01
3.144634664058685303e-01
-5.622049048542976379e-02
7.169201970100402832e-01
2.738975286483764648e-01
-6.403993815183639526e-02
7.469114661216735840e-01
4.594624638557434082e-01
-3.612449392676353455e-02
7.680972218513488770e-01
4.040656387805938721e-01
-5.252241343259811401e-02
7.803037166595458984e-01
3.668107390403747559e-01
-5.993010848760604858e-02
7.890219092369079590e-01
3.328447937965393066e-01
-6.443785130977630615e-02
