6.967954635620117188e-01
6.044304966926574707e-01
2.866596275907795643e-07
6.408038139343261719e-01
5.802505612373352051e-01
-1.651184633374214172e-02
5.962274074554443359e-01
5.303312540054321289e-01
-2.454354427754878998e-02
5.683596134185791016e-01
4.847604930400848389e-01
-3.177830576896667480e-02
5.486112236976623535e-01
4.466241002082824707e-01
-3.914068266749382019e-02
6.225063800811767578e-01
4.488735795021057129e-01
-1.530188042670488358e-02
5.989460349082946777e-01
3.839422464370727539e-01
-3.080239705741405487e-02
5.840603113174438477e-01
3.439716994762420654e-01
-4.308857023715972900e-02
5.723884105682373047e-01
3.099266886711120605e-01
-5.196403339505195618e-02
6.569234132766723633e-01
4.326788783073425293e-01
-1.973460055887699127e-02
6.443811058998107910e-01
3.519772291183471680e-01
-3.253392130136489868e-02
6.338793039321899414e-01
3.033877313137054443e-01
-4.408109560608863831e-02
6.240224838256835938e-01
2.635717391967773438e-01
-5.264404788613319397e-02
6.915392279624938965e-01
4.337607622146606445e-01
-2.686141431331634521e-02
6.898286342620849609e-01
3.530278801918029785e-01
-4.305786266922950745e-02
6.856321096420288086e-01
3.061879277229309082e-01
-5.418000370264053345e-02
6.798291802406311035e-01
2.673054039478302002e-01
-6.164924055337905884e-02
7.259185314178466797e-01
4.498165547847747803e-01
-3.514797613024711609e-02
7.428759336471557617e-01
3.890410959720611572e-01
-5.113451182842254639e-02
7.527413368225097656e-01
3.500186800956726074e-01
-5.803869292140007019e-02
7.592199444770812988e-01
3.160535693168640137e-01
-6.205978989601135254e-02
