7.685341238975524902e-01
1.122749090194702148e+00
4.018221488877316006e-07
6.196404099464416504e-01
1.047189950942993164e+00
-5.877504125237464905e-02
5.006965994834899902e-01
8.862704038619995117e-01
-9.069825708866119385e-02
4.190993905067443848e-01
7.357243895530700684e-01
-1.186793074011802673e-01
3.535191416740417480e-01
5.997683405876159668e-01
-1.455747634172439575e-01
6.059103608131408691e-01
6.463481783866882324e-01
-5.099935084581375122e-02
5.255953073501586914e-01
4.635795354843139648e-01
-1.053108051419258118e-01
4.711936712265014648e-01
3.530365526676177979e-01
-1.507923603057861328e-01
4.265175461769104004e-01
2.591015398502349854e-01
-1.825399547815322876e-01
7.029573321342468262e-01
6.101931929588317871e-01
-5.978320538997650146e-02
6.513630747795104980e-01
3.861171007156372070e-01
-1.030329614877700806e-01
6.112011075019836426e-01
2.453805804252624512e-01
-1.432891935110092163e-01
5.774667263031005859e-01
1.298274993896484375e-01
-1.723127514123916626e-01
8.026549816131591797e-01
6.280102133750915527e-01
-7.762434333562850952e-02
7.756971120834350586e-01
4.113707542419433594e-01
-1.238734126091003418e-01
7.489937543869018555e-01
2.765205502510070801e-01
-1.537590324878692627e-01
7.219443917274475098e-01
1.575711667537689209e-01
-1.737777739763259888e-01
9.022790193557739258e-01
6.861623525619506836e-01
-1.003942340612411499e-01
9.279919862747192383e-01
5.175151824951171875e-01
-1.431978046894073486e-01
9.383643865585327148e-01
4.016621410846710205e-01
-1.594926118850708008e-01
9.441781044006347656e-01
2.919767200946807861e-01
-1.686339080333709717e-01
