7.138218879699707031e-01
6.271829605102539062e-01
2.018767872868920676e-07
6.626593470573425293e-01
6.006875038146972656e-01
-1.905860565602779388e-02
6.191084384918212891e-01
5.505945682525634766e-01
-3.109546564519405365e-02
5.897988677024841309e-01
5.070272684097290039e-01
-4.225356131792068481e-02
5.686674118041992188e-01
4.737416505813598633e-01
-5.336800962686538696e-02
6.347637176513671875e-01
4.743812084197998047e-01
-1.800941117107868195e-02
6.122552156448364258e-01
4.125548005104064941e-01
-3.733546286821365356e-02
5.966008305549621582e-01
3.767846822738647461e-01
-5.302982777357101440e-02
5.841372609138488770e-01
3.492663502693176270e-01
-6.341982632875442505e-02
6.680086255073547363e-01
4.570161700248718262e-01
-2.127691917121410370e-02
6.533031463623046875e-01
3.869490623474121094e-01
-3.671334683895111084e-02
6.418030261993408203e-01
3.433728218078613281e-01
-5.001572147011756897e-02
6.328024864196777344e-01
3.101565539836883545e-01
-5.954322963953018188e-02
7.019893527030944824e-01
4.561760127544403076e-01
-2.764878235757350922e-02
6.954754590988159180e-01
3.851146697998046875e-01
-4.289217665791511536e-02
6.903507709503173828e-01
3.408262729644775391e-01
-5.313523113727569580e-02
6.853270530700683594e-01
3.055644631385803223e-01
-6.019622460007667542e-02
7.363229393959045410e-01
4.695299267768859863e-01
-3.565701097249984741e-02
7.433251142501831055e-01
4.159767329692840576e-01
-4.900677129626274109e-02
7.454975843429565430e-01
3.787733614444732666e-01
-5.399815738201141357e-02
7.450003623962402344e-01
3.479455709457397461e-01
-5.676847323775291443e-02
