7.083173394203186035e-01
6.061782836914062500e-01
3.023848762495617848e-07
6.544494628906250000e-01
5.743765830993652344e-01
-1.876595430076122284e-02
6.135713458061218262e-01
5.195769667625427246e-01
-2.892062254250049591e-02
5.895785689353942871e-01
4.684480726718902588e-01
-3.805878385901451111e-02
5.710034370422363281e-01
4.253617227077484131e-01
-4.717279225587844849e-02
6.465677022933959961e-01
4.381549358367919922e-01
-1.851286180317401886e-02
6.257525682449340820e-01
3.658402264118194580e-01
-3.613080829381942749e-02
6.125655174255371094e-01
3.210532665252685547e-01
-4.957428202033042908e-02
6.032403111457824707e-01
2.838677167892456055e-01
-5.879058316349983215e-02
6.822222471237182617e-01
4.251930713653564453e-01
-2.252297662198543549e-02
6.750295758247375488e-01
3.404363691806793213e-01
-3.645990416407585144e-02
6.688644886016845703e-01
2.880446016788482666e-01
-4.897521808743476868e-02
6.639187335968017578e-01
2.446791976690292358e-01
-5.822993814945220947e-02
7.172895669937133789e-01
4.308232069015502930e-01
-2.943980693817138672e-02
7.219365239143371582e-01
3.511620759963989258e-01
-4.613736644387245178e-02
7.231239676475524902e-01
3.027449250221252441e-01
-5.843099579215049744e-02
7.226520180702209473e-01
2.620059251785278320e-01
-6.680060923099517822e-02
7.517437934875488281e-01
4.513358473777770996e-01
-3.774213418364524841e-02
7.742834687232971191e-01
3.953135609626770020e-01
-5.389440432190895081e-02
7.888582944869995117e-01
3.584782183170318604e-01
-6.156630814075469971e-02
8.000265955924987793e-01
3.262689411640167236e-01
-6.623303890228271484e-02
