6.895653009414672852e-01
6.126678586006164551e-01
2.938975001143262489e-07
6.286168098449707031e-01
6.190258264541625977e-01
-1.524883322417736053e-02
5.704052448272705078e-01
5.978206396102905273e-01
-2.273459360003471375e-02
5.306626558303833008e-01
5.713283419609069824e-01
-3.000502102077007294e-02
4.977159202098846436e-01
5.500132441520690918e-01
-3.749732300639152527e-02
5.661011934280395508e-01
4.976916313171386719e-01
-1.047964673489332199e-02
5.219502449035644531e-01
4.493705630302429199e-01
-2.523393370211124420e-02
4.950932860374450684e-01
4.194584488868713379e-01
-3.812741860747337341e-02
4.727805554866790771e-01
3.928217291831970215e-01
-4.786387085914611816e-02
5.936865210533142090e-01
4.632431268692016602e-01
-1.646270975470542908e-02
5.553234219551086426e-01
3.951897621154785156e-01
-2.877788990736007690e-02
5.288491845130920410e-01
3.551942706108093262e-01
-4.162858799099922180e-02
5.051935911178588867e-01
3.223247528076171875e-01
-5.136006325483322144e-02
6.274180412292480469e-01
4.459286332130432129e-01
-2.533587627112865448e-02
6.000629663467407227e-01
3.734318315982818604e-01
-4.131615534424781799e-02
5.804343223571777344e-01
3.313137888908386230e-01
-5.299324914813041687e-02
5.616444349288940430e-01
2.965170145034790039e-01
-6.114922463893890381e-02
6.656168699264526367e-01
4.436953365802764893e-01
-3.545241057872772217e-02
6.622724533081054688e-01
3.801290392875671387e-01
-5.095281824469566345e-02
6.598048210144042969e-01
3.389816880226135254e-01
-5.712086334824562073e-02
6.557919979095458984e-01
3.034924864768981934e-01
-6.087892130017280579e-02
