7.422538995742797852e-01
6.034302115440368652e-01
3.221848601242527366e-07
6.896218657493591309e-01
5.566110610961914062e-01
-1.791781559586524963e-02
6.521617770195007324e-01
4.953114986419677734e-01
-2.627869695425033569e-02
6.339956521987915039e-01
4.399759769439697266e-01
-3.366010263562202454e-02
6.249319314956665039e-01
3.929048478603363037e-01
-4.076788201928138733e-02
6.979418396949768066e-01
4.268378913402557373e-01
-1.629795134067535400e-02
6.853732466697692871e-01
3.521319031715393066e-01
-3.223021700978279114e-02
6.791559457778930664e-01
3.056245744228363037e-01
-4.415979608893394470e-02
6.753633618354797363e-01
2.665150761604309082e-01
-5.264224484562873840e-02
7.359749674797058105e-01
4.227041304111480713e-01
-2.061147429049015045e-02
7.368187904357910156e-01
3.379533588886260986e-01
-3.350994735956192017e-02
7.367070317268371582e-01
2.847959101200103760e-01
-4.518931359052658081e-02
7.368866205215454102e-01
2.412598580121994019e-01
-5.366266518831253052e-02
7.706577181816101074e-01
4.360340833663940430e-01
-2.780213952064514160e-02
7.839043736457824707e-01
3.563245236873626709e-01
-4.597217589616775513e-02
7.904810905456542969e-01
3.081505298614501953e-01
-5.859028920531272888e-02
7.951158881187438965e-01
2.685307264328002930e-01
-6.648241728544235229e-02
8.025477528572082520e-01
4.650593996047973633e-01
-3.606968745589256287e-02
8.313637971878051758e-01
4.155437946319580078e-01
-5.556329712271690369e-02
8.504809141159057617e-01
3.825019299983978271e-01
-6.410198658704757690e-02
8.660730719566345215e-01
3.539403676986694336e-01
-6.848650425672531128e-02
