7.289663553237915039e-01
6.053844094276428223e-01
3.073796506214421242e-07
6.764085292816162109e-01
5.665233135223388672e-01
-1.498055178672075272e-02
6.393538117408752441e-01
5.108514428138732910e-01
-2.187980711460113525e-02
6.195898056030273438e-01
4.600556492805480957e-01
-2.850629761815071106e-02
6.063647866249084473e-01
4.177805185317993164e-01
-3.501274064183235168e-02
6.751875877380371094e-01
4.382037222385406494e-01
-1.086622010916471481e-02
6.600776314735412598e-01
3.704319000244140625e-01
-2.515015378594398499e-02
6.516516208648681641e-01
3.283628225326538086e-01
-3.676005825400352478e-02
6.462079286575317383e-01
2.925574481487274170e-01
-4.513947293162345886e-02
7.107163667678833008e-01
4.310854971408843994e-01
-1.564147695899009705e-02
7.074488401412963867e-01
3.522098958492279053e-01
-2.718932367861270905e-02
7.036813497543334961e-01
3.017556667327880859e-01
-3.865735232830047607e-02
7.006496191024780273e-01
2.599601447582244873e-01
-4.713105782866477966e-02
7.447056174278259277e-01
4.401732087135314941e-01
-2.320082299411296844e-02
7.522857189178466797e-01
3.629106283187866211e-01
-3.907294943928718567e-02
7.546016573905944824e-01
3.166410923004150391e-01
-5.074388533830642700e-02
7.553975582122802734e-01
2.779899239540100098e-01
-5.839474126696586609e-02
7.768931984901428223e-01
4.638455510139465332e-01
-3.178328648209571838e-02
8.005916476249694824e-01
4.133341908454895020e-01
-4.860060662031173706e-02
8.145442008972167969e-01
3.793803453445434570e-01
-5.612405762076377869e-02
8.254454135894775391e-01
3.495966792106628418e-01
-6.017839163541793823e-02
