6.395250558853149414e-01
9.217005968093872070e-01
2.475925100497988751e-07
5.968179106712341309e-01
9.021296501159667969e-01
-1.464578602463006973e-02
5.626564025878906250e-01
8.650534749031066895e-01
-2.204987779259681702e-02
5.446442365646362305e-01
8.259854316711425781e-01
-2.860548347234725952e-02
5.328374505043029785e-01
7.898477911949157715e-01
-3.463098034262657166e-02
5.817064642906188965e-01
7.978532910346984863e-01
-1.165984105318784714e-02
5.651817321777343750e-01
7.427395582199096680e-01
-2.432742528617382050e-02
5.561930537223815918e-01
7.085576653480529785e-01
-3.428931161761283875e-02
5.495935082435607910e-01
6.800813674926757812e-01
-4.134276509284973145e-02
6.069335341453552246e-01
7.870010733604431152e-01
-1.437418628484010696e-02
5.948405265808105469e-01
7.257401347160339355e-01
-2.484448812901973724e-02
5.867913961410522461e-01
6.881856322288513184e-01
-3.463467583060264587e-02
5.801358222961425781e-01
6.567329168319702148e-01
-4.163742065429687500e-02
6.332843303680419922e-01
7.885804176330566406e-01
-1.942525058984756470e-02
6.294510364532470703e-01
7.293270826339721680e-01
-3.214538097381591797e-02
6.267468333244323730e-01
6.930041909217834473e-01
-4.098733514547348022e-02
6.237074136734008789e-01
6.624934673309326172e-01
-4.687419533729553223e-02
6.610245108604431152e-01
8.017171025276184082e-01
-2.565794624388217926e-02
6.728684902191162109e-01
7.597741484642028809e-01
-3.809689357876777649e-02
6.812301874160766602e-01
7.327631711959838867e-01
-4.334536939859390259e-02
6.877502799034118652e-01
7.098748087882995605e-01
-4.619419202208518982e-02
