5.973723530769348145e-01
8.045902848243713379e-01
2.254075894825291471e-07
5.551020503044128418e-01
7.879225611686706543e-01
-1.278052944689989090e-02
5.206454992294311523e-01
7.538756728172302246e-01
-1.927516236901283264e-02
5.010973811149597168e-01
7.197155952453613281e-01
-2.497792802751064301e-02
4.895841479301452637e-01
6.873465180397033691e-01
-3.062701597809791565e-02
5.400176048278808594e-01
6.939653754234313965e-01
-1.406342443078756332e-02
5.172640085220336914e-01
6.441501975059509277e-01
-2.665404602885246277e-02
5.037112236022949219e-01
6.123241186141967773e-01
-3.591305017471313477e-02
4.931192994117736816e-01
5.861475467681884766e-01
-4.236215353012084961e-02
5.656478404998779297e-01
6.805236935615539551e-01
-1.731317117810249329e-02
5.540665388107299805e-01
6.210991144180297852e-01
-2.824234962463378906e-02
5.453199148178100586e-01
5.847898721694946289e-01
-3.728574514389038086e-02
5.373992323875427246e-01
5.557785034179687500e-01
-4.363773390650749207e-02
5.917885303497314453e-01
6.795952320098876953e-01
-2.247771061956882477e-02
5.877443552017211914e-01
6.237802505493164062e-01
-3.590805828571319580e-02
5.832068324089050293e-01
5.878037810325622559e-01
-4.483129456639289856e-02
5.785999894142150879e-01
5.581356287002563477e-01
-5.055508017539978027e-02
6.181166172027587891e-01
6.891692280769348145e-01
-2.841103263199329376e-02
6.293742060661315918e-01
6.448429822921752930e-01
-4.125596210360527039e-02
6.372430324554443359e-01
6.160799264907836914e-01
-4.648971930146217346e-02
6.430873870849609375e-01
5.921893119812011719e-01
-4.936453327536582947e-02
