7.004001140594482422e-01
6.007747650146484375e-01
2.782400372325355420e-07
6.390407085418701172e-01
5.927467942237854004e-01
-1.450236700475215912e-02
5.847898721694946289e-01
5.567660331726074219e-01
-1.986903510987758636e-02
5.504487752914428711e-01
5.162498950958251953e-01
-2.499146759510040283e-02
5.243901014328002930e-01
4.848628342151641846e-01
-3.013540990650653839e-02
5.977126359939575195e-01
4.634694755077362061e-01
-1.063195429742336273e-02
5.613828897476196289e-01
4.063170254230499268e-01
-2.434052526950836182e-02
5.395048260688781738e-01
3.707368969917297363e-01
-3.563266620039939880e-02
5.218895077705383301e-01
3.405719697475433350e-01
-4.395560175180435181e-02
6.294586062431335449e-01
4.372509717941284180e-01
-1.585587486624717712e-02
6.016862988471984863e-01
3.607377111911773682e-01
-2.675244398415088654e-02
5.835649967193603516e-01
3.146791160106658936e-01
-3.766221925616264343e-02
5.682938098907470703e-01
2.772881388664245605e-01
-4.585234448313713074e-02
6.642664074897766113e-01
4.280259609222412109e-01
-2.385037019848823547e-02
6.478506326675415039e-01
3.483474254608154297e-01
-3.937089070677757263e-02
6.365581154823303223e-01
3.030883669853210449e-01
-5.083774775266647339e-02
6.255536675453186035e-01
2.663021683692932129e-01
-5.854590982198715210e-02
7.014041543006896973e-01
4.341998696327209473e-01
-3.292864561080932617e-02
7.087075114250183105e-01
3.721351027488708496e-01
-4.970932379364967346e-02
7.125080823898315430e-01
3.314577937126159668e-01
-5.724032595753669739e-02
7.145845293998718262e-01
2.965234816074371338e-01
-6.145852804183959961e-02
