6.751809716224670410e-01
6.267691850662231445e-01
2.023891312319392455e-07
6.195392608642578125e-01
6.282446384429931641e-01
-1.200929097831249237e-02
5.651974678039550781e-01
6.052380800247192383e-01
-1.872879639267921448e-02
5.269038081169128418e-01
5.816763639450073242e-01
-2.568016201257705688e-02
4.950123429298400879e-01
5.684037804603576660e-01
-3.304067254066467285e-02
5.639604330062866211e-01
5.153465270996093750e-01
-1.054267678409814835e-02
5.219945907592773438e-01
4.713323414325714111e-01
-2.543928660452365875e-02
4.959990084171295166e-01
4.458703100681304932e-01
-3.803003579378128052e-02
4.738456010818481445e-01
4.240020513534545898e-01
-4.720987007021903992e-02
5.884054303169250488e-01
4.859472811222076416e-01
-1.716881245374679565e-02
5.511859655380249023e-01
4.252114892005920410e-01
-2.956352196633815765e-02
5.257857441902160645e-01
3.898654580116271973e-01
-4.137693718075752258e-02
5.033105015754699707e-01
3.614759445190429688e-01
-5.016619712114334106e-02
6.185522079467773438e-01
4.707062542438507080e-01
-2.613232657313346863e-02
5.905234813690185547e-01
4.043276906013488770e-01
-4.040386155247688293e-02
5.705777406692504883e-01
3.676522672176361084e-01
-4.993972182273864746e-02
5.513031482696533203e-01
3.382976949214935303e-01
-5.664710327982902527e-02
6.531648039817810059e-01
4.680010080337524414e-01
-3.616907820105552673e-02
6.462503075599670410e-01
4.101423621177673340e-01
-4.959635064005851746e-02
6.393999457359313965e-01
3.731319904327392578e-01
-5.458664894104003906e-02
6.312583684921264648e-01
3.417026400566101074e-01
-5.757873505353927612e-02
