7.248266339302062988e-01
7.040369510650634766e-01
2.500683820017002290e-07
6.555867195129394531e-01
6.681094169616699219e-01
-1.807066984474658966e-02
5.992494821548461914e-01
6.001484990119934082e-01
-2.579445391893386841e-02
5.655866265296936035e-01
5.409875512123107910e-01
-3.336365148425102234e-02
5.394178628921508789e-01
4.960412681102752686e-01
-4.076384007930755615e-02
6.332110166549682617e-01
5.049490332603454590e-01
-9.772573597729206085e-03
6.019235849380493164e-01
4.236562848091125488e-01
-2.813262864947319031e-02
5.828682780265808105e-01
3.743197321891784668e-01
-4.308694601058959961e-02
5.687891244888305664e-01
3.343803286552429199e-01
-5.374343693256378174e-02
6.750310659408569336e-01
4.837127327919006348e-01
-1.522630732506513596e-02
6.548899412155151367e-01
3.890048265457153320e-01
-3.037320449948310852e-02
6.409633755683898926e-01
3.308209478855133057e-01
-4.493961855769157410e-02
6.297869682312011719e-01
2.810544371604919434e-01
-5.552322044968605042e-02
7.186526656150817871e-01
4.823484122753143311e-01
-2.440317347645759583e-02
7.062772512435913086e-01
3.909471333026885986e-01
-4.292948171496391296e-02
6.982266306877136230e-01
3.357211053371429443e-01
-5.576455220580101013e-02
6.916189193725585938e-01
2.888629138469696045e-01
-6.430251896381378174e-02
7.631294727325439453e-01
4.975707232952117920e-01
-3.520054742693901062e-02
7.737265229225158691e-01
4.303884804248809814e-01
-5.213453248143196106e-02
7.835583686828613281e-01
3.867899179458618164e-01
-5.901039019227027893e-02
7.922708392143249512e-01
3.482307791709899902e-01
-6.300906836986541748e-02
