7.008190155029296875e-01
7.414062619209289551e-01
3.762472431390051497e-07
6.412117481231689453e-01
6.741394996643066406e-01
-1.209778990596532822e-02
6.073352098464965820e-01
5.853796601295471191e-01
-1.513906661421060562e-02
5.914195775985717773e-01
5.190542340278625488e-01
-1.915007829666137695e-02
5.879613161087036133e-01
4.731639027595520020e-01
-2.361172996461391449e-02
6.776775717735290527e-01
5.020213127136230469e-01
-8.137553930282592773e-03
6.757292151451110840e-01
4.149570465087890625e-01
-2.300409413874149323e-02
6.743832230567932129e-01
3.623441755771636963e-01
-3.513799607753753662e-02
6.746576428413391113e-01
3.195888400077819824e-01
-4.426574707031250000e-02
7.209460735321044922e-01
5.052550435066223145e-01
-1.583933830261230469e-02
7.352426052093505859e-01
4.063513875007629395e-01
-2.745509333908557892e-02
7.410987019538879395e-01
3.455389440059661865e-01
-3.951164707541465759e-02
7.463941574096679688e-01
2.968465685844421387e-01
-4.838963970541954041e-02
7.588028311729431152e-01
5.262647867202758789e-01
-2.616783045232295990e-02
7.811319828033447266e-01
4.356599152088165283e-01
-4.298120364546775818e-02
7.914643883705139160e-01
3.797906041145324707e-01
-5.446457862854003906e-02
8.006197214126586914e-01
3.334691226482391357e-01
-6.205347180366516113e-02
7.909421920776367188e-01
5.650516152381896973e-01
-3.752543777227401733e-02
8.294531106948852539e-01
5.097824335098266602e-01
-5.675697699189186096e-02
8.531365394592285156e-01
4.695174098014831543e-01
-6.450545787811279297e-02
8.738543987274169922e-01
4.357830584049224854e-01
-6.834296137094497681e-02
