7.140088081359863281e-01
5.964987874031066895e-01
2.821383304763003252e-07
6.682654023170471191e-01
5.622510910034179688e-01
-2.043365314602851868e-02
6.331789493560791016e-01
5.089013576507568359e-01
-3.266042843461036682e-02
6.112930178642272949e-01
4.658868312835693359e-01
-4.365883022546768188e-02
5.946631431579589844e-01
4.281139075756072998e-01
-5.450169369578361511e-02
6.696230173110961914e-01
4.337943196296691895e-01
-1.829865574836730957e-02
6.573411226272583008e-01
3.720565438270568848e-01
-3.780195116996765137e-02
6.471789479255676270e-01
3.333408534526824951e-01
-5.411309748888015747e-02
6.394512653350830078e-01
3.015542924404144287e-01
-6.520827859640121460e-02
7.012041211128234863e-01
4.286928176879882812e-01
-2.138949185609817505e-02
6.999971866607666016e-01
3.590365052223205566e-01
-3.798507153987884521e-02
6.979026794433593750e-01
3.143325448036193848e-01
-5.242738872766494751e-02
6.976870298385620117e-01
2.763125300407409668e-01
-6.271990388631820679e-02
7.307109832763671875e-01
4.387643933296203613e-01
-2.765952982008457184e-02
7.384021878242492676e-01
3.741726279258728027e-01
-4.511800035834312439e-02
7.427233457565307617e-01
3.317784965038299561e-01
-5.605966225266456604e-02
7.464193701744079590e-01
2.944658398628234863e-01
-6.330002099275588989e-02
7.593502998352050781e-01
4.621399939060211182e-01
-3.575536981225013733e-02
7.793902158737182617e-01
4.164858758449554443e-01
-5.094688013195991516e-02
7.918527722358703613e-01
3.848710954189300537e-01
-5.690722912549972534e-02
8.019918203353881836e-01
3.558388948440551758e-01
-6.040252000093460083e-02
