7.199103832244873047e-01
6.052424907684326172e-01
2.899630828778754221e-07
6.601661443710327148e-01
5.809160470962524414e-01
-1.596098393201828003e-02
6.130676269531250000e-01
5.341863632202148438e-01
-2.340696752071380615e-02
5.844405889511108398e-01
4.882936477661132812e-01
-3.015480749309062958e-02
5.626146197319030762e-01
4.494070410728454590e-01
-3.687160834670066833e-02
6.392277479171752930e-01
4.527354538440704346e-01
-1.465726643800735474e-02
6.117544174194335938e-01
3.877898752689361572e-01
-3.043743595480918884e-02
5.963507294654846191e-01
3.470661640167236328e-01
-4.261747375130653381e-02
5.837344527244567871e-01
3.117269873619079590e-01
-5.139390379190444946e-02
6.737707853317260742e-01
4.348890185356140137e-01
-1.960133947432041168e-02
6.576949357986450195e-01
3.545161485671997070e-01
-3.247472271323204041e-02
6.470229029655456543e-01
3.059434294700622559e-01
-4.414556547999382019e-02
6.372202038764953613e-01
2.655427455902099609e-01
-5.266669020056724548e-02
7.086593508720397949e-01
4.353500008583068848e-01
-2.723021805286407471e-02
7.026783823966979980e-01
3.563168048858642578e-01
-4.425415769219398499e-02
6.979387998580932617e-01
3.085844516754150391e-01
-5.582633242011070251e-02
6.923368573188781738e-01
2.687811851501464844e-01
-6.325036287307739258e-02
7.435300946235656738e-01
4.513438344001770020e-01
-3.587650135159492493e-02
7.565063834190368652e-01
3.924503028392791748e-01
-5.333815515041351318e-02
7.646659016609191895e-01
3.529962003231048584e-01
-6.064614653587341309e-02
7.700300812721252441e-01
3.184322118759155273e-01
-6.456812471151351929e-02
