6.707937121391296387e-01
6.019260287284851074e-01
2.611657237139297649e-07
6.116253733634948730e-01
5.977110862731933594e-01
-1.596674323081970215e-02
5.581198930740356445e-01
5.643086433410644531e-01
-2.293930202722549438e-02
5.226049423217773438e-01
5.253442525863647461e-01
-2.933989278972148895e-02
4.957354366779327393e-01
4.916422665119171143e-01
-3.582521900534629822e-02
5.707550048828125000e-01
4.722533524036407471e-01
-1.163564156740903854e-02
5.326471328735351562e-01
4.193384051322937012e-01
-2.617014385759830475e-02
5.090886950492858887e-01
3.867109119892120361e-01
-3.824467211961746216e-02
4.902524352073669434e-01
3.577338457107543945e-01
-4.709662869572639465e-02
6.010842919349670410e-01
4.433765709400177002e-01
-1.625025272369384766e-02
5.719005465507507324e-01
3.699998259544372559e-01
-2.760611660778522491e-02
5.506882667541503906e-01
3.261005878448486328e-01
-3.906944394111633301e-02
5.317583680152893066e-01
2.908221781253814697e-01
-4.776379093527793884e-02
6.351412534713745117e-01
4.321454167366027832e-01
-2.384771220386028290e-02
6.179542541503906250e-01
3.572103381156921387e-01
-3.922020643949508667e-02
6.027895808219909668e-01
3.126728534698486328e-01
-5.097959935665130615e-02
5.876609683036804199e-01
2.758830189704895020e-01
-5.906986817717552185e-02
6.712396144866943359e-01
4.357886612415313721e-01
-3.264132514595985413e-02
6.768640875816345215e-01
3.733150362968444824e-01
-4.807268828153610229e-02
6.789929270744323730e-01
3.323154449462890625e-01
-5.510106310248374939e-02
6.788018941879272461e-01
2.967476248741149902e-01
-5.941059812903404236e-02
