7.260506153106689453e-01
7.350012660026550293e-01
3.025862156391667668e-07
6.644535660743713379e-01
6.717370152473449707e-01
-1.268700975924730301e-02
6.241953969001770020e-01
5.799700021743774414e-01
-1.679055206477642059e-02
6.057521700859069824e-01
5.145677328109741211e-01
-2.063706517219543457e-02
5.981993675231933594e-01
4.704120457172393799e-01
-2.527255564928054810e-02
6.814317107200622559e-01
5.048016309738159180e-01
-1.694172807037830353e-02
6.743102669715881348e-01
4.137368202209472656e-01
-3.166641294956207275e-02
6.699613928794860840e-01
3.646809458732604980e-01
-4.181628674268722534e-02
6.676230430603027344e-01
3.258906006813049316e-01
-4.946850985288619995e-02
7.251825332641601562e-01
5.067394971847534180e-01
-2.447908930480480194e-02
7.333355545997619629e-01
4.088968932628631592e-01
-3.613690659403800964e-02
7.356109619140625000e-01
3.536272048950195312e-01
-4.712751135230064392e-02
7.381595969200134277e-01
3.095929026603698730e-01
-5.544205382466316223e-02
7.646605372428894043e-01
5.292791724205017090e-01
-3.401682525873184204e-02
7.837595939636230469e-01
4.440047740936279297e-01
-5.161783099174499512e-02
7.966940402984619141e-01
3.873347043991088867e-01
-6.386886537075042725e-02
8.083284497261047363e-01
3.407486081123352051e-01
-7.252844423055648804e-02
7.987936735153198242e-01
5.709922909736633301e-01
-4.377888888120651245e-02
8.238369226455688477e-01
5.201337933540344238e-01
-6.284502893686294556e-02
8.418307900428771973e-01
4.841525554656982422e-01
-6.908504664897918701e-02
8.563484549522399902e-01
4.532494246959686279e-01
-7.266165316104888916e-02
