7.292457818984985352e-01
6.076906919479370117e-01
3.180637406785535859e-07
6.764391660690307617e-01
5.689271688461303711e-01
-1.601862907409667969e-02
6.406348943710327148e-01
5.115066766738891602e-01
-2.326944097876548767e-02
6.232419610023498535e-01
4.579490721225738525e-01
-3.017368726432323456e-02
6.131729483604431152e-01
4.121496081352233887e-01
-3.691005706787109375e-02
6.797211170196533203e-01
4.402658641338348389e-01
-1.136362645775079727e-02
6.675314903259277344e-01
3.722790479660034180e-01
-2.628085203468799591e-02
6.610813140869140625e-01
3.287420868873596191e-01
-3.842421993613243103e-02
6.574268937110900879e-01
2.915329337120056152e-01
-4.720154404640197754e-02
7.158086299896240234e-01
4.343304336071014404e-01
-1.595135591924190521e-02
7.162346839904785156e-01
3.558954000473022461e-01
-2.818088978528976440e-02
7.145514488220214844e-01
3.043403029441833496e-01
-4.015751183032989502e-02
7.129738330841064453e-01
2.615137994289398193e-01
-4.888742789626121521e-02
7.496405839920043945e-01
4.445120692253112793e-01
-2.348604239523410797e-02
7.607238888740539551e-01
3.694723844528198242e-01
-3.992221876978874207e-02
7.646166086196899414e-01
3.217628598213195801e-01
-5.213336646556854248e-02
7.666522264480590820e-01
2.816670835018157959e-01
-6.008409336209297180e-02
7.809685468673706055e-01
4.692613780498504639e-01
-3.216198831796646118e-02
8.077149391174316406e-01
4.215230345726013184e-01
-4.915577545762062073e-02
8.232634663581848145e-01
3.883437812328338623e-01
-5.696927756071090698e-02
8.356144428253173828e-01
3.591014146804809570e-01
-6.126690283417701721e-02
