7.895200848579406738e-01
5.462677478790283203e-01
3.853655528018862242e-07
7.342352867126464844e-01
5.277504920959472656e-01
-1.963120140135288239e-02
6.856361031532287598e-01
4.920649230480194092e-01
-3.197921067476272583e-02
6.487349271774291992e-01
4.616994261741638184e-01
-4.290908575057983398e-02
6.180005073547363281e-01
4.382706880569458008e-01
-5.390110611915588379e-02
6.995369195938110352e-01
4.010227918624877930e-01
-2.182438969612121582e-02
6.731986999511718750e-01
3.349300920963287354e-01
-3.980558738112449646e-02
6.587995290756225586e-01
2.941047549247741699e-01
-5.384761840105056763e-02
6.488771438598632812e-01
2.583701610565185547e-01
-6.370622664690017700e-02
7.338202595710754395e-01
3.808990120887756348e-01
-2.584633044898509979e-02
7.166309356689453125e-01
3.026398122310638428e-01
-4.069165512919425964e-02
7.068226933479309082e-01
2.523539662361145020e-01
-5.357367172837257385e-02
7.000980377197265625e-01
2.092019021511077881e-01
-6.310036778450012207e-02
7.694150209426879883e-01
3.790576756000518799e-01
-3.259298577904701233e-02
7.648069858551025391e-01
3.018600940704345703e-01
-5.059605091810226440e-02
7.634843587875366211e-01
2.529696226119995117e-01
-6.249500811100006104e-02
7.621883153915405273e-01
2.117393761873245239e-01
-7.031761109828948975e-02
8.052222728729248047e-01
3.923335373401641846e-01
-4.057390242815017700e-02
8.161339759826660156e-01
3.323073983192443848e-01
-5.821164324879646301e-02
8.241438269615173340e-01
2.940927147865295410e-01
-6.498262286186218262e-02
8.297787308692932129e-01
2.613912224769592285e-01
-6.860763579607009888e-02
