8.278967738151550293e-01
6.049337983131408691e-01
5.148569570678773744e-08
7.614979147911071777e-01
6.038765907287597656e-01
-1.131058670580387115e-02
7.038068175315856934e-01
5.720554590225219727e-01
-1.572374068200588226e-02
6.700809001922607422e-01
5.321243405342102051e-01
-2.098790369927883148e-02
6.509996652603149414e-01
4.925951659679412842e-01
-2.555576898157596588e-02
7.145128250122070312e-01
4.920628368854522705e-01
8.610981167294085026e-04
6.749204397201538086e-01
4.446355402469635010e-01
-1.232962496578693390e-02
6.511844396591186523e-01
4.168753921985626221e-01
-2.469323389232158661e-02
6.309433579444885254e-01
3.950580954551696777e-01
-3.342686966061592102e-02
7.427937984466552734e-01
4.591397643089294434e-01
-4.179116804152727127e-03
7.092321515083312988e-01
3.975422382354736328e-01
-1.455497927963733673e-02
6.845701336860656738e-01
3.634752035140991211e-01
-2.612119540572166443e-02
6.636056900024414062e-01
3.372282683849334717e-01
-3.455850481986999512e-02
7.756437659263610840e-01
4.407073855400085449e-01
-1.240072213113307953e-02
7.512854933738708496e-01
3.743692338466644287e-01
-2.445375360548496246e-02
7.316488623619079590e-01
3.370749652385711670e-01
-3.406893089413642883e-02
7.134044766426086426e-01
3.089377582073211670e-01
-4.044197127223014832e-02
8.127141594886779785e-01
4.351720511913299561e-01
-2.190012112259864807e-02
8.079608082771301270e-01
3.775933384895324707e-01
-3.217921033501625061e-02
7.996956110000610352e-01
3.413427770137786865e-01
-3.685973957180976868e-02
7.896530628204345703e-01
3.113639950752258301e-01
-3.960246965289115906e-02
