7.485403418540954590e-01
6.406804323196411133e-01
2.084174468564015115e-07
6.842458248138427734e-01
6.270400881767272949e-01
-1.349219679832458496e-02
6.330932378768920898e-01
5.855839252471923828e-01
-2.033092454075813293e-02
6.050803065299987793e-01
5.366816520690917969e-01
-2.717016264796257019e-02
5.908155441284179688e-01
4.922280907630920410e-01
-3.360755741596221924e-02
6.543424725532531738e-01
5.011155605316162109e-01
-8.137929253280162811e-03
6.208448410034179688e-01
4.410483539104461670e-01
-2.367397211492061615e-02
6.000948548316955566e-01
4.064383506774902344e-01
-3.641088679432868958e-02
5.837228894233703613e-01
3.781219124794006348e-01
-4.515765234827995300e-02
6.875990033149719238e-01
4.752219319343566895e-01
-1.357908081263303757e-02
6.613482236862182617e-01
3.996571600437164307e-01
-2.578132972121238708e-02
6.431230902671813965e-01
3.550999760627746582e-01
-3.756695613265037537e-02
6.272258758544921875e-01
3.182151913642883301e-01
-4.607313871383666992e-02
7.233746647834777832e-01
4.648470878601074219e-01
-2.187833003699779510e-02
7.078911066055297852e-01
3.874049186706542969e-01
-3.675521537661552429e-02
6.957015991210937500e-01
3.405542969703674316e-01
-4.679697006940841675e-02
6.835775971412658691e-01
3.020023107528686523e-01
-5.346010252833366394e-02
7.610548138618469238e-01
4.686030149459838867e-01
-3.125679120421409607e-02
7.655186653137207031e-01
4.056605100631713867e-01
-4.507148638367652893e-02
7.651170492172241211e-01
3.651379346847534180e-01
-4.995267838239669800e-02
7.620366811752319336e-01
3.303980529308319092e-01
-5.249900370836257935e-02
