7.526223063468933105e-01
6.442339420318603516e-01
3.464644464656885248e-07
6.897018551826477051e-01
6.040860414505004883e-01
-1.629562862217426300e-02
6.471133828163146973e-01
5.387010574340820312e-01
-2.200652845203876495e-02
6.294889450073242188e-01
4.755594134330749512e-01
-2.755718305706977844e-02
6.237611174583435059e-01
4.240560829639434814e-01
-3.281481191515922546e-02
6.921868920326232910e-01
4.606805443763732910e-01
-8.104463107883930206e-03
6.815227866172790527e-01
3.843541741371154785e-01
-2.267246134579181671e-02
6.752136945724487305e-01
3.356584906578063965e-01
-3.505560755729675293e-02
6.711121201515197754e-01
2.956542372703552246e-01
-4.418225958943367004e-02
7.317614555358886719e-01
4.529142081737518311e-01
-1.300520822405815125e-02
7.285323739051818848e-01
3.662860989570617676e-01
-2.518976852297782898e-02
7.237179279327392578e-01
3.095301389694213867e-01
-3.843099623918533325e-02
7.188468575477600098e-01
2.632407248020172119e-01
-4.808238148689270020e-02
7.698379755020141602e-01
4.607847630977630615e-01
-2.118901163339614868e-02
7.778937220573425293e-01
3.780701756477355957e-01
-3.870981559157371521e-02
7.790073752403259277e-01
3.242663741111755371e-01
-5.314934253692626953e-02
7.781569361686706543e-01
2.793999314308166504e-01
-6.259021908044815063e-02
8.057721257209777832e-01
4.839703142642974854e-01
-3.049736469984054565e-02
8.328055739402770996e-01
4.289007186889648438e-01
-4.918762296438217163e-02
8.496354818344116211e-01
3.914983868598937988e-01
-5.866058543324470520e-02
8.631412982940673828e-01
3.589990735054016113e-01
-6.403228640556335449e-02
