6.695784926414489746e-01
6.187368631362915039e-01
2.886945935642870609e-07
6.091144680976867676e-01
6.262749433517456055e-01
-1.690821908414363861e-02
5.510252118110656738e-01
6.074816584587097168e-01
-2.514821290969848633e-02
5.103771090507507324e-01
5.799883008003234863e-01
-3.306344524025917053e-02
4.769287407398223877e-01
5.558723211288452148e-01
-4.094578698277473450e-02
5.456293821334838867e-01
5.070409178733825684e-01
-1.100252103060483932e-02
4.991798698902130127e-01
4.620053172111511230e-01
-2.679181471467018127e-02
4.699556231498718262e-01
4.357087016105651855e-01
-4.039826989173889160e-02
4.451976716518402100e-01
4.123911857604980469e-01
-5.048339068889617920e-02
5.717111825942993164e-01
4.715227484703063965e-01
-1.636856980621814728e-02
5.316723585128784180e-01
4.053393304347991943e-01
-2.931722253561019897e-02
5.039132833480834961e-01
3.659366369247436523e-01
-4.246931150555610657e-02
4.791306257247924805e-01
3.337909281253814697e-01
-5.230416357517242432e-02
6.046172380447387695e-01
4.530383050441741943e-01
-2.500456385314464569e-02
5.755183100700378418e-01
3.823744356632232666e-01
-4.184274747967720032e-02
5.542591810226440430e-01
3.412272632122039795e-01
-5.441001802682876587e-02
5.341723561286926270e-01
3.073879480361938477e-01
-6.295260041952133179e-02
6.420382261276245117e-01
4.495237171649932861e-01
-3.502891585230827332e-02
6.380106806755065918e-01
3.858130574226379395e-01
-5.126611888408660889e-02
6.345500946044921875e-01
3.443331122398376465e-01
-5.835184082388877869e-02
6.297885179519653320e-01
3.086142539978027344e-01
-6.266244500875473022e-02
