7.461574077606201172e-01
5.437489748001098633e-01
3.184078423146274872e-07
6.956527829170227051e-01
5.199282169342041016e-01
-1.414141897112131119e-02
6.552268266677856445e-01
4.760010838508605957e-01
-2.082161605358123779e-02
6.281216740608215332e-01
4.347748756408691406e-01
-2.683390304446220398e-02
6.023679375648498535e-01
4.072104394435882568e-01
-3.256748616695404053e-02
6.741450428962707520e-01
4.026191532611846924e-01
-1.055310014635324478e-02
6.538974642753601074e-01
3.399745225906372070e-01
-2.258889190852642059e-02
6.440944075584411621e-01
3.015755414962768555e-01
-3.228853270411491394e-02
6.373504996299743652e-01
2.695625722408294678e-01
-3.927778452634811401e-02
7.049004435539245605e-01
3.884507417678833008e-01
-1.436133682727813721e-02
6.936596632003784180e-01
3.157941102981567383e-01
-2.376380376517772675e-02
6.878391504287719727e-01
2.708818614482879639e-01
-3.329302370548248291e-02
6.845585107803344727e-01
2.349331527948379517e-01
-4.033818095922470093e-02
7.354765534400939941e-01
3.914620578289031982e-01
-2.054693177342414856e-02
7.346804738044738770e-01
3.210740685462951660e-01
-3.391898795962333679e-02
7.354035377502441406e-01
2.798152267932891846e-01
-4.342814534902572632e-02
7.360260486602783203e-01
2.460613250732421875e-01
-4.963713884353637695e-02
7.655972838401794434e-01
4.082414209842681885e-01
-2.761297672986984253e-02
7.786335945129394531e-01
3.599289059638977051e-01
-4.204342514276504517e-02
7.872745990753173828e-01
3.278149962425231934e-01
-4.779618978500366211e-02
7.940896749496459961e-01
2.996450960636138916e-01
-5.067227780818939209e-02
