7.757353186607360840e-01
8.214009404182434082e-01
5.501818804987124167e-07
6.707605123519897461e-01
7.612998485565185547e-01
-2.973864972591400146e-02
5.910546779632568359e-01
6.500370502471923828e-01
-4.512020200490951538e-02
5.447918176651000977e-01
5.562379360198974609e-01
-5.929067730903625488e-02
5.088615417480468750e-01
4.835713207721710205e-01
-7.444664835929870605e-02
6.512008309364318848e-01
4.799956977367401123e-01
-3.397411480545997620e-02
6.083010435104370117e-01
3.453443050384521484e-01
-6.608325988054275513e-02
5.842181444168090820e-01
2.597581446170806885e-01
-9.182291477918624878e-02
5.671058893203735352e-01
1.864132285118103027e-01
-1.104366183280944824e-01
7.257317304611206055e-01
4.562852978706359863e-01
-4.533979669213294983e-02
7.089638710021972656e-01
2.953903079032897949e-01
-7.120934128761291504e-02
6.957295536994934082e-01
1.980299949645996094e-01
-9.511946886777877808e-02
6.825822591781616211e-01
1.170686781406402588e-01
-1.129736155271530151e-01
7.988066077232360840e-01
4.706163704395294189e-01
-6.147154420614242554e-02
8.059061765670776367e-01
3.165926337242126465e-01
-9.360627830028533936e-02
8.050276041030883789e-01
2.222054600715637207e-01
-1.171662285923957825e-01
7.995836734771728516e-01
1.406749188899993896e-01
-1.335695534944534302e-01
8.679959774017333984e-01
5.157549381256103516e-01
-7.958457618951797485e-02
9.151359796524047852e-01
3.978242278099060059e-01
-1.110607236623764038e-01
9.437863230705261230e-01
3.199883699417114258e-01
-1.249975860118865967e-01
9.643989801406860352e-01
2.484359145164489746e-01
-1.335078924894332886e-01
