7.746723294258117676e-01
5.597572326660156250e-01
2.408434340850362787e-07
7.188611626625061035e-01
5.443415641784667969e-01
-1.262129005044698715e-02
6.687372922897338867e-01
5.094189643859863281e-01
-1.803493872284889221e-02
6.312000155448913574e-01
4.779478013515472412e-01
-2.382018230855464935e-02
6.040042042732238770e-01
4.566994905471801758e-01
-3.001819178462028503e-02
6.757932305335998535e-01
4.307579398155212402e-01
-6.296443287283182144e-03
6.427848935127258301e-01
3.792166709899902344e-01
-2.106553129851818085e-02
6.223329305648803711e-01
3.507640063762664795e-01
-3.418611362576484680e-02
6.058014631271362305e-01
3.249270319938659668e-01
-4.353284090757369995e-02
7.008944749832153320e-01
4.097517728805541992e-01
-1.165053527802228928e-02
6.703366637229919434e-01
3.499316573143005371e-01
-2.398428507149219513e-02
6.508303880691528320e-01
3.151522576808929443e-01
-3.608927875757217407e-02
6.356046199798583984e-01
2.856543660163879395e-01
-4.477253556251525879e-02
7.303296327590942383e-01
4.006618261337280273e-01
-1.971375010907649994e-02
7.102085947990417480e-01
3.362267613410949707e-01
-3.527017682790756226e-02
6.974712014198303223e-01
2.966809272766113281e-01
-4.395746067166328430e-02
6.863769292831420898e-01
2.637932896614074707e-01
-4.908034577965736389e-02
7.637903690338134766e-01
4.035318195819854736e-01
-2.891612797975540161e-02
7.575353384017944336e-01
3.497876226902008057e-01
-4.394284263253211975e-02
7.524364590644836426e-01
3.151223361492156982e-01
-4.814904928207397461e-02
7.463799715042114258e-01
2.860794961452484131e-01
-4.984277486801147461e-02
