6.993914842605590820e-01
6.573677659034729004e-01
2.628202651067113038e-07
6.365292072296142578e-01
6.394681930541992188e-01
-1.939003169536590576e-02
5.820285677909851074e-01
5.932092070579528809e-01
-2.962697669863700867e-02
5.486305952072143555e-01
5.461815595626831055e-01
-3.860493749380111694e-02
5.209329724311828613e-01
5.079365968704223633e-01
-4.770467057824134827e-02
6.040410399436950684e-01
4.938594698905944824e-01
-2.175617031753063202e-02
5.653657317161560059e-01
4.267203211784362793e-01
-4.077687487006187439e-02
5.419725775718688965e-01
3.864566683769226074e-01
-5.535084009170532227e-02
5.226653814315795898e-01
3.532450199127197266e-01
-6.550239026546478271e-02
6.405550241470336914e-01
4.698355793952941895e-01
-2.721429616212844849e-02
6.153699159622192383e-01
3.822063803672790527e-01
-4.210515692830085754e-02
5.975334644317626953e-01
3.298418521881103516e-01
-5.565367266535758972e-02
5.820386409759521484e-01
2.878291010856628418e-01
-6.570284068584442139e-02
6.786285638809204102e-01
4.662349820137023926e-01
-3.553050756454467773e-02
6.680617332458496094e-01
3.771029114723205566e-01
-5.430027842521667480e-02
6.571911573410034180e-01
3.240539729595184326e-01
-6.791522353887557983e-02
6.460131406784057617e-01
2.802688181400299072e-01
-7.727291435003280640e-02
7.178701162338256836e-01
4.801862239837646484e-01
-4.512437433004379272e-02
7.311465144157409668e-01
4.129082560539245605e-01
-6.437064707279205322e-02
7.386429309844970703e-01
3.680089414119720459e-01
-7.305894792079925537e-02
7.438250184059143066e-01
3.286793231964111328e-01
-7.819736748933792114e-02
