7.655358910560607910e-01
6.296771764755249023e-01
3.488151776309678098e-07
7.129292488098144531e-01
5.832000374794006348e-01
-1.695801503956317902e-02
6.790645718574523926e-01
5.182377696037292480e-01
-2.440473623573780060e-02
6.631977558135986328e-01
4.603217840194702148e-01
-3.091217391192913055e-02
6.516217589378356934e-01
4.119924306869506836e-01
-3.718734905123710632e-02
7.226616144180297852e-01
4.449843168258666992e-01
-1.287599373608827591e-02
7.174845337867736816e-01
3.701889514923095703e-01
-2.695350907742977142e-02
7.158010005950927734e-01
3.244563937187194824e-01
-3.841622918844223022e-02
7.160323858261108398e-01
2.857071757316589355e-01
-4.684029519557952881e-02
7.607289552688598633e-01
4.438235759735107422e-01
-1.693693548440933228e-02
7.678304910659790039e-01
3.604821562767028809e-01
-2.874126471579074860e-02
7.707846760749816895e-01
3.065990507602691650e-01
-4.090296849608421326e-02
7.728636860847473145e-01
2.609624862670898438e-01
-4.995908588171005249e-02
7.943586707115173340e-01
4.601132273674011230e-01
-2.382563799619674683e-02
8.115011453628540039e-01
3.820230364799499512e-01
-4.054583609104156494e-02
8.211433887481689453e-01
3.328979015350341797e-01
-5.331671237945556641e-02
8.277630805969238281e-01
2.905641198158264160e-01
-6.172053515911102295e-02
8.240511417388916016e-01
4.908466637134552002e-01
-3.173940628767013550e-02
8.539627790451049805e-01
4.410295188426971436e-01
-4.954457655549049377e-02
8.731814026832580566e-01
4.073784351348876953e-01
-5.785533413290977478e-02
8.886433243751525879e-01
3.768248558044433594e-01
-6.245185434818267822e-02
