6.932728290557861328e-01
5.771211385726928711e-01
1.406203011811157921e-07
6.544029116630554199e-01
5.602595806121826172e-01
-1.169724762439727783e-02
6.207950115203857422e-01
5.234366655349731445e-01
-1.865584589540958405e-02
5.956155061721801758e-01
4.943943619728088379e-01
-2.579240128397941589e-02
5.755370855331420898e-01
4.752948284149169922e-01
-3.349211066961288452e-02
6.467310190200805664e-01
4.573962092399597168e-01
-9.568774141371250153e-03
6.249782443046569824e-01
4.125145673751831055e-01
-2.253409847617149353e-02
6.083474755287170410e-01
3.857622742652893066e-01
-3.398755192756652832e-02
5.957670807838439941e-01
3.643273711204528809e-01
-4.209632426500320435e-02
6.690880060195922852e-01
4.381008148193359375e-01
-1.353307161480188370e-02
6.528174877166748047e-01
3.815572857856750488e-01
-2.482904866337776184e-02
6.383452415466308594e-01
3.479889631271362305e-01
-3.537601605057716370e-02
6.259536147117614746e-01
3.226059079170227051e-01
-4.301600530743598938e-02
6.936495304107666016e-01
4.293497800827026367e-01
-1.967600360512733459e-02
6.870606541633605957e-01
3.669033646583557129e-01
-3.235022351145744324e-02
6.776540875434875488e-01
3.296297192573547363e-01
-4.112057387828826904e-02
6.689514517784118652e-01
3.008114099502563477e-01
-4.676472023129463196e-02
7.199720144271850586e-01
4.303273260593414307e-01
-2.683977782726287842e-02
7.307137250900268555e-01
3.761465847492218018e-01
-3.818258643150329590e-02
7.349191904067993164e-01
3.397629857063293457e-01
-4.304644465446472168e-02
7.371976375579833984e-01
3.101741671562194824e-01
-4.583509266376495361e-02
