6.845270991325378418e-01
6.170549988746643066e-01
2.967622378946543904e-07
6.257560253143310547e-01
6.280325651168823242e-01
-1.747884601354598999e-02
5.668525099754333496e-01
6.115614771842956543e-01
-2.668640948832035065e-02
5.235891938209533691e-01
5.901443362236022949e-01
-3.529271110892295837e-02
4.868003726005554199e-01
5.741922259330749512e-01
-4.399039596319198608e-02
5.564081072807312012e-01
5.117176175117492676e-01
-1.359268929809331894e-02
5.067402720451354980e-01
4.689735174179077148e-01
-2.946305461227893829e-02
4.766001105308532715e-01
4.433121681213378906e-01
-4.273321852087974548e-02
4.517464041709899902e-01
4.204843342304229736e-01
-5.259156972169876099e-02
5.818464756011962891e-01
4.758607149124145508e-01
-1.892508007586002350e-02
5.383785963058471680e-01
4.125990867614746094e-01
-3.231672570109367371e-02
5.092494487762451172e-01
3.754166662693023682e-01
-4.579610005021095276e-02
4.833563566207885742e-01
3.446255028247833252e-01
-5.592896789312362671e-02
6.149070858955383301e-01
4.568482339382171631e-01
-2.725376561284065247e-02
5.833755135536193848e-01
3.878214061260223389e-01
-4.451362788677215576e-02
5.621283054351806641e-01
3.473948836326599121e-01
-5.709452182054519653e-02
5.419386029243469238e-01
3.135889172554016113e-01
-6.569851934909820557e-02
6.530365943908691406e-01
4.520132243633270264e-01
-3.686846792697906494e-02
6.463595032691955566e-01
3.880287408828735352e-01
-5.346037074923515320e-02
6.422464847564697266e-01
3.461575508117675781e-01
-6.043036654591560364e-02
6.365214586257934570e-01
3.101264238357543945e-01
-6.468565016984939575e-02
