6.914789676666259766e-01
6.132290363311767578e-01
2.764134592325717676e-07
6.289715766906738281e-01
6.186161041259765625e-01
-1.559631153941154480e-02
5.704743862152099609e-01
5.977915525436401367e-01
-2.334028109908103943e-02
5.298786163330078125e-01
5.703591108322143555e-01
-3.079741820693016052e-02
4.967477619647979736e-01
5.486066937446594238e-01
-3.829320892691612244e-02
5.667645931243896484e-01
4.971204698085784912e-01
-1.244433969259262085e-02
5.219114422798156738e-01
4.498759508132934570e-01
-2.831556461751461029e-02
4.944683313369750977e-01
4.190772473812103271e-01
-4.163454473018646240e-02
4.722722172737121582e-01
3.921500742435455322e-01
-5.149513855576515198e-02
5.945497155189514160e-01
4.622606039047241211e-01
-1.847539655864238739e-02
5.556141138076782227e-01
3.964436352252960205e-01
-3.179391846060752869e-02
5.301474928855895996e-01
3.561769127845764160e-01
-4.484748095273971558e-02
5.082479119300842285e-01
3.228270709514617920e-01
-5.455771088600158691e-02
6.285815238952636719e-01
4.446692466735839844e-01
-2.734122425317764282e-02
5.999590754508972168e-01
3.725661337375640869e-01
-4.456914216279983521e-02
5.808674097061157227e-01
3.305638730525970459e-01
-5.678405612707138062e-02
5.632270574569702148e-01
2.966897189617156982e-01
-6.504377722740173340e-02
6.672725081443786621e-01
4.429319798946380615e-01
-3.739678114652633667e-02
6.632395386695861816e-01
3.806059956550598145e-01
-5.500828474760055542e-02
6.597836017608642578e-01
3.392443060874938965e-01
-6.247043609619140625e-02
6.554811000823974609e-01
3.035855591297149658e-01
-6.667697429656982422e-02
