6.676673293113708496e-01
6.125938296318054199e-01
2.532688654355297331e-07
6.070958375930786133e-01
6.180237531661987305e-01
-1.466758269816637039e-02
5.500357151031494141e-01
5.924257636070251465e-01
-2.142696455121040344e-02
5.117964744567871094e-01
5.622277259826660156e-01
-2.792957238852977753e-02
4.818004071712493896e-01
5.372849702835083008e-01
-3.438600525259971619e-02
5.510523915290832520e-01
4.919450581073760986e-01
-9.741145186126232147e-03
5.064941644668579102e-01
4.418413639068603516e-01
-2.438413724303245544e-02
4.794349670410156250e-01
4.104772508144378662e-01
-3.680001199245452881e-02
4.579044580459594727e-01
3.841078281402587891e-01
-4.582846909761428833e-02
5.786323547363281250e-01
4.602789878845214844e-01
-1.530793216079473495e-02
5.414780378341674805e-01
3.930087089538574219e-01
-2.763659693300724030e-02
5.162422657012939453e-01
3.530754745006561279e-01
-4.019861295819282532e-02
4.941911399364471436e-01
3.204425573348999023e-01
-4.929926991462707520e-02
6.122531294822692871e-01
4.454373717308044434e-01
-2.373635768890380859e-02
5.860473513603210449e-01
3.736948966979980469e-01
-3.972063213586807251e-02
5.681975483894348145e-01
3.315942883491516113e-01
-5.178007110953330994e-02
5.513140559196472168e-01
2.974301576614379883e-01
-5.982511863112449646e-02
6.499907374382019043e-01
4.450688064098358154e-01
-3.329492360353469849e-02
6.485932469367980957e-01
3.815352022647857666e-01
-4.901693761348724365e-02
6.474322676658630371e-01
3.402040302753448486e-01
-5.591693520545959473e-02
6.448718309402465820e-01
3.041850924491882324e-01
-5.990681797266006470e-02
