7.267460227012634277e-01
5.966975092887878418e-01
3.054484523090650328e-07
6.724774837493896484e-01
5.590555667877197266e-01
-1.528623234480619431e-02
6.320247650146484375e-01
5.006890296936035156e-01
-2.254692651331424713e-02
6.082959771156311035e-01
4.497001767158508301e-01
-2.931330911815166473e-02
5.909195542335510254e-01
4.070201814174652100e-01
-3.627293929457664490e-02
6.697087287902832031e-01
4.256273508071899414e-01
-1.384014356881380081e-02
6.513190269470214844e-01
3.543051779270172119e-01
-2.853654138743877411e-02
6.404764652252197266e-01
3.099935650825500488e-01
-4.001496359705924988e-02
6.325101852416992188e-01
2.730485200881958008e-01
-4.828109964728355408e-02
7.059389948844909668e-01
4.168213307857513428e-01
-1.900931075215339661e-02
7.008571028709411621e-01
3.314074873924255371e-01
-3.108213283121585846e-02
6.953349113464355469e-01
2.785674333572387695e-01
-4.257179796695709229e-02
6.899855732917785645e-01
2.356795370578765869e-01
-5.097404122352600098e-02
7.407317757606506348e-01
4.252988994121551514e-01
-2.677403017878532410e-02
7.476246356964111328e-01
3.444872200489044189e-01
-4.295992851257324219e-02
7.485437393188476562e-01
2.936064302921295166e-01
-5.526775494217872620e-02
7.479084134101867676e-01
2.506139874458312988e-01
-6.352426856756210327e-02
7.738907337188720703e-01
4.484821259975433350e-01
-3.548135980963706970e-02
7.984456419944763184e-01
3.936960697174072266e-01
-5.222239345312118530e-02
8.141751885414123535e-01
3.570791780948638916e-01
-5.981693789362907410e-02
8.265820741653442383e-01
3.248632848262786865e-01
-6.416306644678115845e-02
