7.473583817481994629e-01
6.047301292419433594e-01
3.225369482606765814e-07
6.947414278984069824e-01
5.567614436149597168e-01
-1.722916960716247559e-02
6.606673598289489746e-01
4.928708970546722412e-01
-2.496061660349369049e-02
6.464020609855651855e-01
4.347556233406066895e-01
-3.190813958644866943e-02
6.391566991806030273e-01
3.870675265789031982e-01
-3.872175142168998718e-02
7.103801369667053223e-01
4.242199063301086426e-01
-1.415836717933416367e-02
7.014787793159484863e-01
3.513782620429992676e-01
-2.927568368613719940e-02
6.972955465316772461e-01
3.056234121322631836e-01
-4.120191559195518494e-02
6.951547861099243164e-01
2.669778466224670410e-01
-4.989030957221984863e-02
7.484297752380371094e-01
4.235835373401641846e-01
-1.870181784033775330e-02
7.540804743766784668e-01
3.401200175285339355e-01
-3.097885102033615112e-02
7.560036182403564453e-01
2.872496247291564941e-01
-4.276981577277183533e-02
7.575857043266296387e-01
2.444873899221420288e-01
-5.149359256029129028e-02
7.823742628097534180e-01
4.401098191738128662e-01
-2.615956030786037445e-02
8.003097176551818848e-01
3.622859120368957520e-01
-4.416012018918991089e-02
8.086727857589721680e-01
3.148300051689147949e-01
-5.737953633069992065e-02
8.146859407424926758e-01
2.761945128440856934e-01
-6.585864722728729248e-02
8.125234842300415039e-01
4.720419645309448242e-01
-3.463961929082870483e-02
8.451122045516967773e-01
4.261648654937744141e-01
-5.446125939488410950e-02
8.661038875579833984e-01
3.951531052589416504e-01
-6.362837553024291992e-02
8.833734989166259766e-01
3.684383928775787354e-01
-6.855695694684982300e-02
