7.258788943290710449e-01
5.521246194839477539e-01
2.929190543454751605e-07
6.795900464057922363e-01
5.336982011795043945e-01
-1.541296392679214478e-02
6.362571716308593750e-01
4.949949383735656738e-01
-2.408934757113456726e-02
6.040304303169250488e-01
4.659731090068817139e-01
-3.160141780972480774e-02
5.834079980850219727e-01
4.392223954200744629e-01
-3.972157090902328491e-02
6.468683481216430664e-01
4.304275810718536377e-01
-1.983403787016868591e-02
6.193662881851196289e-01
3.846495747566223145e-01
-3.706309944391250610e-02
6.009637713432312012e-01
3.562086522579193115e-01
-5.031469091773033142e-02
5.869321227073669434e-01
3.310381174087524414e-01
-5.971036106348037720e-02
6.736631989479064941e-01
4.138172268867492676e-01
-2.436218038201332092e-02
6.500906348228454590e-01
3.581030964851379395e-01
-3.934984281659126282e-02
6.340402960777282715e-01
3.235982060432434082e-01
-5.200482904911041260e-02
6.221903562545776367e-01
2.937290370464324951e-01
-6.105939671397209167e-02
7.047422528266906738e-01
4.114733040332794189e-01
-3.075086697936058044e-02
6.919962167739868164e-01
3.532676696777343750e-01
-4.870805889368057251e-02
6.823515295982360840e-01
3.136959075927734375e-01
-5.855644866824150085e-02
6.738086938858032227e-01
2.782908678054809570e-01
-6.480718404054641724e-02
7.390904426574707031e-01
4.219430685043334961e-01
-3.783824667334556580e-02
7.421312332153320312e-01
3.744539618492126465e-01
-5.548651143908500671e-02
7.425637245178222656e-01
3.392776846885681152e-01
-6.088963896036148071e-02
7.407628297805786133e-01
3.087928295135498047e-01
-6.352474540472030640e-02
