7.198962569236755371e-01
6.264991164207458496e-01
2.696488081710413098e-07
6.571738719940185547e-01
6.092997789382934570e-01
-1.649363152682781219e-02
6.018698215484619141e-01
5.596262216567993164e-01
-2.287237346172332764e-02
5.693237185478210449e-01
5.097145438194274902e-01
-2.850840799510478973e-02
5.439471602439880371e-01
4.707032144069671631e-01
-3.413934633135795593e-02
6.234065294265747070e-01
4.623127281665802002e-01
-1.565189845860004425e-02
5.883578062057495117e-01
3.939265012741088867e-01
-3.117849864065647125e-02
5.673990845680236816e-01
3.520590066909790039e-01
-4.325944185256958008e-02
5.506975054740905762e-01
3.172406256198883057e-01
-5.205187574028968811e-02
6.595314741134643555e-01
4.390024840831756592e-01
-2.115267887711524963e-02
6.346983313560485840e-01
3.522326350212097168e-01
-3.335876017808914185e-02
6.184706091880798340e-01
2.992683649063110352e-01
-4.522710293531417847e-02
6.052557826042175293e-01
2.572759687900543213e-01
-5.423173680901527405e-02
6.980777382850646973e-01
4.347751140594482422e-01
-2.938217669725418091e-02
6.879433989524841309e-01
3.472723960876464844e-01
-4.676281288266181946e-02
6.788330078125000000e-01
2.952373027801513672e-01
-6.014084443449974060e-02
6.697102785110473633e-01
2.532299458980560303e-01
-6.933141499757766724e-02
7.380753159523010254e-01
4.480878710746765137e-01
-3.868404403328895569e-02
7.527748942375183105e-01
3.820757865905761719e-01
-5.763078108429908752e-02
7.620640397071838379e-01
3.386715054512023926e-01
-6.662337481975555420e-02
7.692801356315612793e-01
3.018393516540527344e-01
-7.189126312732696533e-02
