7.474347949028015137e-01
6.243458390235900879e-01
4.090456968697253615e-07
6.990804076194763184e-01
5.791069269180297852e-01
-2.093629352748394012e-02
6.623672246932983398e-01
5.149496197700500488e-01
-3.227457031607627869e-02
6.386855840682983398e-01
4.624230265617370605e-01
-4.223259538412094116e-02
6.274106502532958984e-01
4.201059341430664062e-01
-5.190926417708396912e-02
7.072766423225402832e-01
4.411938786506652832e-01
-1.864200830459594727e-02
7.032143473625183105e-01
3.679172992706298828e-01
-3.697296977043151855e-02
7.015674114227294922e-01
3.232662677764892578e-01
-5.125667154788970947e-02
7.025180459022521973e-01
2.858205139636993408e-01
-6.121335551142692566e-02
7.440506815910339355e-01
4.411020874977111816e-01
-2.179946564137935638e-02
7.529978752136230469e-01
3.598445057868957520e-01
-3.729268163442611694e-02
7.582247257232666016e-01
3.089174628257751465e-01
-5.056053400039672852e-02
7.637772560119628906e-01
2.658787369728088379e-01
-6.014895439147949219e-02
7.770825624465942383e-01
4.559975564479827881e-01
-2.828963287174701691e-02
7.951876521110534668e-01
3.827404379844665527e-01
-4.678625985980033875e-02
8.065350651741027832e-01
3.354620933532714844e-01
-5.862591415643692017e-02
8.158341050148010254e-01
2.955205440521240234e-01
-6.621595472097396851e-02
8.068577051162719727e-01
4.848800599575042725e-01
-3.634552657604217529e-02
8.348257541656494141e-01
4.357694387435913086e-01
-5.360065400600433350e-02
8.538429141044616699e-01
4.027438759803771973e-01
-6.068007275462150574e-02
8.691471815109252930e-01
3.735147416591644287e-01
-6.473073363304138184e-02
